28.797,16.002,2.6449,0.3918,0.1982,27.7,22.011,-8.2027,40.092,81.883,1
162.05,136.03,4.0612,0.0374,0.0187,116.74,-64.858,-45.216,76.96,256.79,1
75.136,30.921,3.1611,0.3168,0.1832,-5.5277,28.552,21.839,4.648,356.46,1
51.624,21.15,2.9085,0.242,0.134,50.876,43.189,9.8145,3.613,238.1,1
48.247,17.357,3.0332,0.2529,0.1515,8.573,38.096,10.587,4.792,219.09,1
26.79,13.759,2.5521,0.4236,0.2174,29.634,20.456,-2.9292,0.812,237.13,1
46.762,15.199,2.5786,0.3377,0.1913,24.755,43.877,-6.6812,7.875,102.25,1
33.182,12.466,2.4955,0.4696,0.2412,-17.034,-22.076,-8.1803,41.929,41.382,1
29.474,22.458,2.6258,0.3077,0.174,18.124,22.703,13.167,48.036,214.13,1
36.174,17.686,2.946,0.2865,0.1591,-4.7746,-18.97,11.326,0.254,191.46,1
46.059,18.787,3.2217,0.2431,0.1504,49.27,34.107,10.796,8.686,180.78,1
44.739,15.636,2.638,0.3107,0.1715,14.043,37.225,12.418,3.251,221.81,1
91.642,71.882,3.8484,0.078,0.043,-56.711,72.302,60.019,16.622,285.41,1
86.049,21.829,3.3587,0.2369,0.1662,-58.785,57.821,-18.809,2.005,302.55,1
90.53,17.872,3.033,0.2122,0.108,-57.417,84.619,14.966,2.039,272.04,1
87.238,27.935,2.8848,0.3155,0.1806,-18.21,66.687,-11.344,4.4265,342.5,1
107.34,29.136,3.5265,0.1315,0.0683,-47.118,89.514,-20.048,3.312,293.78,1
26.706,18.907,2.6781,0.4281,0.2214,9.1616,18.686,-11.689,26.881,63.764,1
23.565,9.9926,2.2095,0.5679,0.3364,30.006,-13.867,-8.26,26.533,185.19,1
34.749,19.229,2.5629,0.3666,0.1984,30.364,-16.309,14.319,1.521,109.44,1
50.483,25.97,3.3194,0.1941,0.1133,32.119,39.016,-18.184,22.471,141.6,1
87.422,26.787,3.4231,0.2809,0.1761,10.478,68.345,-24.095,0.3647,371.79,1
28.661,19.122,2.8609,0.3402,0.1894,-10.324,-23.185,11.463,20.757,199.06,1
75.206,31.683,3.1334,0.192,0.0997,-58.124,43.08,10.322,1.5926,282.92,1
84.61,36.466,3.6809,0.1393,0.0714,54.45,86.023,16.147,17.575,258.6,1
45.609,20.81,3.0438,0.226,0.1162,-0.5056,37.776,-9.2036,4.25,165.58,1
37.742,24.335,3.0404,0.2478,0.1508,5.998,34.41,13.776,24.216,131.6,1
73.626,35.582,3.4533,0.2493,0.1333,-48.038,42.612,-26.274,4.471,372.32,1
63.345,24.386,3.4233,0.2339,0.1375,-48.638,-19.415,16.977,0.64,291.55,1
16.761,11.396,2.2989,0.5829,0.3291,-0.8645,5.0177,-5.7427,62.618,169.69,1
13.262,10.714,2.1319,0.7823,0.4096,14.718,2.4666,-11.852,68.604,107.85,1
61.646,21.171,3.4303,0.2112,0.1086,54.833,52.488,-18.986,4.2131,234.58,1
18.653,15.167,2.4338,0.523,0.337,-4.2971,16.032,8.0971,4.7998,55.751,1
38.163,25.109,3.1041,0.247,0.1279,37.275,22.856,16.227,5.5119,188.12,1
12.974,10.906,2.1021,0.7431,0.4704,13.751,-6.2434,-6.5973,42.241,168.25,1
63.289,26.427,3.4434,0.2342,0.1273,-27.357,54.651,19.783,0.9753,302.9,1
35.991,19.449,2.7466,0.3297,0.1801,-34.007,-25.396,-6.3628,0.2425,175.99,1
44.085,23.014,2.8974,0.1963,0.0994,25.953,-35.131,19.301,16.119,210.6,1
65.357,22.348,2.7376,0.2855,0.1601,-89.291,-31.244,-19.759,4.874,272.68,1
33.486,15.077,2.7969,0.3623,0.1891,33.319,19.182,-6.8774,12.951,169.07,1
92.872,25.685,3.1553,0.242,0.1619,-25.503,51.797,-19.001,7.7301,304.58,1
19.656,9.7376,2.238,0.578,0.3266,-24.029,-9.836,-2.8001,63.03,118.34,1
96.858,39.475,3.9903,0.1204,0.0679,-59.037,66.029,-26.431,3.8107,341,1
66.734,24.94,3.4357,0.1683,0.0889,27.36,67.054,-7.3935,9.941,223.91,1
45.017,18.451,2.699,0.284,0.167,-10.746,-37.585,-13.679,8.718,178.65,1
99.642,13.548,2.4362,0.3846,0.1996,48.712,92.261,7.7025,74.566,57.723,1
20.811,7.1717,2.1255,0.7041,0.3558,-1.5465,8.9641,-6.0245,85.103,235.95,1
96.376,31.39,3.359,0.2179,0.1376,-34.801,61.064,20.548,9.782,307.32,1
30.333,14.982,2.4526,0.4762,0.2416,-32.209,-20.164,-5.1006,0.9075,74.524,1
49.614,28.148,3.2641,0.1769,0.089,44.089,26.013,22.939,0.67,150.76,1
26.977,9.7238,2.3064,0.4593,0.2395,-12.317,16.287,1.6476,3.675,197.34,1
29.817,19.836,2.7372,0.3718,0.239,10.007,23.941,15.07,15.933,222.18,1
23.024,13.227,2.2188,0.4471,0.2326,-25.606,-10.429,5.5499,33.401,210.82,1
34.95,16.012,3.0663,0.297,0.1644,-12.519,11.141,-7.5776,17.668,201.4,1
23.635,11.474,2.4661,0.6291,0.4085,-15.649,-18.831,-9.9017,43.565,194.38,1
59.734,17.023,2.7997,0.2966,0.1895,51.026,54.587,-14.098,5.094,217.86,1
22.64,10.261,2.1492,0.5603,0.3156,23.437,18.654,-10.829,14.376,251.28,1
92.937,22.135,3.0885,0.3108,0.1937,18.651,48.523,14.282,3.497,358.99,1
86.564,36.824,3.8026,0.1508,0.0809,-24.056,60.977,26.167,2.643,306.55,1
39.374,12.082,2.7763,0.3213,0.1615,18.172,13.639,6.5266,3.7449,201.01,1
41.263,20.979,3.1361,0.2807,0.1626,23.256,43.333,12.715,7.6147,219.08,1
89.865,33.638,3.8899,0.1487,0.0805,22.097,98.518,14.069,3.689,158.62,1
24.999,17.775,2.5993,0.4327,0.2453,-16.372,-25.531,14.848,81.867,120.26,1
21.834,6.832,2.1804,0.7063,0.3531,25.981,-0.1704,6.6103,35.499,95.737,1
34.889,19.64,2.8429,0.3747,0.2534,29.983,29.153,12.485,8.376,227.34,1
41.068,16.258,2.7308,0.3532,0.1812,47.441,37.913,16.124,17.671,213.32,1
60.026,12.245,2.8052,0.26,0.1433,3.5656,55.205,8.5485,1.3841,230.09,1
70.032,30.226,3.1573,0.1775,0.0929,-66.403,48.461,-24.997,2.936,294.75,1
74.571,23.073,2.9914,0.3182,0.1627,-36.528,63.076,-12.259,4.029,363.49,1
39.176,26.382,2.7966,0.345,0.2005,-38.124,25.422,17.057,6.4974,299.17,1
18.161,10.45,2.2718,0.6043,0.3289,1.7266,-7.66,-6.3001,43.366,147.24,1
25.476,12.09,2.4048,0.4134,0.2303,7.0323,15.798,6.2085,24.847,193.35,1
32.059,15.698,2.5072,0.3826,0.2037,-2.3114,-17.746,-11.324,12.181,193.79,1
41.4,25.658,3.0414,0.2036,0.1023,39.265,30.505,-23.35,0.6344,91.228,1
29.342,16.181,2.5496,0.3272,0.165,-51.826,23.767,7.7365,39.189,168.08,1
73.255,19.555,2.5545,0.357,0.1939,-44.126,34.594,16.692,23.149,282.62,1
38.109,15.08,2.3927,0.3887,0.2126,-21.434,-29.393,13.386,13.741,154.26,1
33.587,17.46,2.5821,0.3979,0.2134,-49.03,-7.6514,5.127,25.657,166.95,1
50.829,20.094,3.3959,0.2162,0.1236,38.77,41.463,9.3292,3.6565,189.16,1
25.028,12.814,2.5391,0.4884,0.3078,-12.533,-8.9993,12.329,65.245,72.739,1
28.088,6.8084,2.2504,0.5899,0.3174,-7.7092,-17.411,-2.8594,27.549,146.6,1
35.814,12.316,2.57,0.393,0.214,17.802,20.673,-6.2792,23.123,142.37,1
29.311,14.631,2.6464,0.4402,0.2223,6.1452,-19.193,11.37,24.109,69.247,1
23.692,8.8987,2.3181,0.6683,0.4543,23.981,14.103,-7.0892,27.014,128.71,1
26.897,19.213,2.7657,0.319,0.1655,-12.907,4.6154,8.1139,41.065,152.6,1
13.199,10.803,2.224,0.7761,0.4209,-14.526,1.8356,-11.703,54.028,181.82,1
25.158,12.864,2.4564,0.4615,0.236,-24.164,11.107,7.8713,47.777,149.66,1
18.203,15.871,2.4526,0.5115,0.2945,18.964,18.329,5.3072,2.5957,48.999,1
58.123,23.56,2.8837,0.1791,0.0922,-49.22,-33.462,11.568,20.194,94.006,1
56.242,16.57,2.8943,0.2092,0.1103,71.859,39.648,10.762,1.574,250.91,1
70.277,24.513,3.3917,0.1294,0.0651,83.35,48.968,-12.383,2.9261,233.62,1
81.232,32.255,3.7262,0.1694,0.0893,35.567,66.945,12.889,4.155,295.38,1
32.706,17.198,2.5804,0.4074,0.2142,46.694,13.105,15.347,40.371,99.745,1
42.373,20.202,3.2909,0.2533,0.1343,-4.4911,26.362,-11.14,0.6925,182.48,1
80.399,14.918,2.8445,0.3004,0.1581,36.079,76.051,-10.599,5.066,272.62,1
16.929,11.281,2.4116,0.5736,0.3314,-1.2345,5.8021,6.0007,18.512,190.04,1
18.873,17.772,2.5821,0.4686,0.2579,-14.658,-16.934,-14.494,17.129,114.94,1
30,21.697,2.934,0.3062,0.1857,23.33,17.632,-18.512,27.943,151.52,1
25.223,13.608,2.3738,0.4989,0.2939,-12.181,-12.884,11.303,66.649,78.944,1
21.689,10.385,2.316,0.5604,0.2923,5.8526,-17.683,10.224,1.5485,232.15,1
20.584,12.888,2.4191,0.4724,0.2648,12.505,12.774,-8.1001,26.586,199.96,1
25.209,10.655,2.3701,0.4989,0.3006,10.607,21.104,3.9151,41.563,147.49,1
62.689,22.612,3.2496,0.2077,0.1084,-100.91,-25.453,16.561,3.121,229.77,1
22.57,0,2.1629,0.7904,0.4021,5.3609,-15.214,0,80.345,210.83,1
28.415,13.01,2.4778,0.5923,0.4409,28.276,20.187,10.68,13.697,136.65,1
47.6,13.413,2.8092,0.2762,0.1497,41.116,33.854,8.2134,2.608,178.46,1
33.353,17.687,2.7551,0.3796,0.275,15.898,27.671,-8.487,8.709,196.92,1
97.794,26.835,3.5327,0.1516,0.077,29.704,95.354,12.016,3.2128,256.44,1
40.61,20.587,2.9117,0.2304,0.1219,-5.5945,16.003,-10.179,0.774,233.35,1
65.607,33.603,3.8528,0.1433,0.073,-84.002,43.502,-23.948,0.7567,246.34,1
63.813,26.223,3.5143,0.1958,0.1088,44.547,46.552,18.361,1.919,284.65,1
27.104,9.7779,2.4241,0.5198,0.3145,-12.261,-14.861,-11.743,29.844,225.57,1
21.776,12.72,2.356,0.6344,0.3722,8.4346,15.521,-9.1862,22.366,120.08,1
20.645,6.839,2.2844,0.774,0.4545,20.346,14.902,5.7986,2.7533,175.99,1
91.617,39.95,4.0942,0.0806,0.0406,-105.17,83.687,32.748,3.0094,256.83,1
60.86,18.703,2.6128,0.2561,0.1378,42.492,33.752,12.069,4.182,146.8,1
35.577,15.053,2.9805,0.3964,0.2202,15.679,14.357,4.1406,2.0711,225.71,1
85.936,29.922,3.0755,0.3134,0.1735,-44.051,-20.066,-14.117,4.7597,335.98,1
20.078,12.618,2.404,0.5286,0.2939,14.143,15.066,7.8845,36.457,132.89,1
59.612,30.869,3.4791,0.1888,0.1113,26.767,54.74,-29.067,1.1057,264.64,1
72.969,19.201,3.008,0.2749,0.1537,-47.324,42.149,-10.209,4.087,291.18,1
20.715,7.1982,2.2443,0.7066,0.3618,1.5153,-8.8118,5.9528,88.5,189.58,1
36.524,15.325,2.4786,0.4252,0.2176,-57.289,29.207,-5.1062,12.715,109.52,1
19.015,12.881,2.5085,0.6326,0.4264,8.3826,17.224,8.0364,58.903,174.4,1
23.892,12.858,2.534,0.5088,0.3173,-19.491,-14.919,8.3832,6.2472,131.25,1
82.316,17.996,2.7404,0.3636,0.2464,-55.841,-62.466,-17.997,10.08,288.19,1
72.81,14.336,3.096,0.307,0.1607,-54.926,58.544,-5.9832,0.644,286.26,1
20.453,7.2419,2.1775,0.7243,0.3754,2.1721,-9.6562,-5.7228,9.1256,159.13,1
80.017,29.976,3.6714,0.1577,0.0898,20.437,24.427,-24.834,4.142,228.25,1
20.778,7.1383,2.081,0.722,0.3693,-23.771,-10.791,-5.9792,28.79,177.46,1
37.352,16.865,2.7882,0.3958,0.2093,4.4937,31.505,-11.611,1.713,184.57,1
25.006,16.705,2.2753,0.4562,0.2308,10.57,18.356,-14.092,4.2353,169.08,1
42.129,16.102,2.4969,0.3121,0.1704,-37.989,-22.335,14.475,12.98,220.71,1
24.334,14.949,2.5302,0.3953,0.1991,16.409,14.006,-13.211,10.288,125.97,1
17.891,15.083,2.3075,0.6404,0.3818,1.5604,11.248,15.556,44.74,225.81,1
21.633,17.222,2.5434,0.4206,0.2246,7.9688,9.6019,14.492,10.615,186.56,1
78.649,34.061,3.7751,0.1103,0.0568,82.147,66.023,15.801,3.227,161.78,1
84.274,33.322,3.8949,0.1233,0.0635,43.638,73.804,16.373,3.7714,260.38,1
77.534,18.883,3.2671,0.2584,0.1436,46.29,94.048,12.432,1.892,213.19,1
20.532,15.326,2.4829,0.4803,0.2582,21.963,14.773,9.8037,44.9,207.69,1
33.762,14.451,2.7941,0.3759,0.2096,39.243,30.974,-6.915,32.377,140.92,1
68.012,27.67,3.0824,0.2738,0.1576,-14.268,44.418,-26.168,3.9746,313.97,1
23.166,12.702,2.2201,0.5723,0.2982,18.287,9.4278,-8.0678,82.051,193.77,1
42.144,13.735,2.7459,0.3339,0.1966,31.738,19.155,7.9992,1.7038,228.54,1
36.079,13.264,2.3793,0.4301,0.2317,37.11,-17.172,8.4708,26.356,147.64,1
74.346,37.459,3.2412,0.1521,0.0801,59.881,83.116,-21.76,31.553,211.97,1
101.42,41.063,4.1837,0.0793,0.0421,78.372,90.441,-27.574,6.1992,265.01,1
43.199,17.501,2.8011,0.2735,0.1431,44.947,40.334,-4.6509,7.6914,154.43,1
61.693,18.001,2.9015,0.276,0.1449,47.451,38.984,13.617,2.926,234.11,1
23.211,18.431,2.7466,0.414,0.2195,22.805,22.652,11.701,2.8462,51.499,1
25.246,19.073,2.6191,0.3678,0.1863,13.634,11.156,-7.5994,81.637,229.06,1
31.526,7.4577,2.3324,0.6093,0.3837,33.192,21.022,-7.3445,10.278,189.48,1
57.166,19.94,2.9978,0.197,0.1,11.226,44.454,14.242,12.267,247.11,1
26.335,16.278,2.6522,0.343,0.1793,-30.493,-15.32,-12.607,27.835,194.04,1
39.219,14.108,2.8534,0.4064,0.2306,36.961,31.732,5.2607,9.1923,225.51,1
32.538,19.696,2.8561,0.2925,0.1762,25.841,21.288,15.206,27.297,136.81,1
23.153,21.003,2.8065,0.3622,0.2006,28.058,19.668,16.561,27.621,78.733,1
36.902,24.923,3.0876,0.1855,0.0977,-2.4734,-13.283,8.1078,1.9727,135.04,1
29.156,12.57,2.5441,0.5257,0.27,-9.3565,21.404,10.093,1.925,216.05,1
33.304,14.442,2.6862,0.3687,0.2029,1.7249,-9.9052,8.066,5.2437,215.96,1
29.802,10.985,2.2999,0.4862,0.2882,27.704,24.317,8.5655,0.352,209.78,1
64.644,28.83,2.7168,0.3186,0.1679,104.88,-54.675,-6.9935,10.304,261.44,1
64.408,23.764,3.1281,0.1951,0.1016,65.748,41.226,-11.165,1.0067,224.49,1
68.847,17.473,2.7835,0.3029,0.1802,-132.19,67.626,-8.8232,0.137,248.86,1
31.528,21.66,2.8618,0.3368,0.1945,7.1639,22.617,13.222,50.023,38.782,1
90.239,14.562,2.8293,0.3526,0.1844,-129.94,37.162,7.5805,3.241,303.71,1
13.056,10.916,2.2188,0.7613,0.4502,-14.086,5.2668,10.509,74.188,175.68,1
79.954,31.932,3.1602,0.2497,0.1518,53.385,87.676,16.271,17.711,171.44,1
45,25.652,3.03,0.2231,0.1405,-19.349,-12.726,-18.479,46.154,15.37,1
26.611,14.184,2.4878,0.4195,0.2715,29.038,20.526,-8.2908,29.505,135.12,1
70.457,22.988,3.0195,0.2562,0.1496,43.54,68.155,-10.979,34.237,216.96,1
71.223,17.891,2.9445,0.2557,0.1494,68.437,71.174,-9.5179,7.615,223.18,1
45.873,11.284,2.5653,0.3837,0.219,43.446,-19.344,2.9659,4.6366,192.53,1
33.429,29.893,2.7792,0.2976,0.1538,-13.778,-31.44,-25.333,29.644,28.815,1
43.351,17.708,2.9287,0.3477,0.221,37.374,31.578,-12.476,20.664,140.19,1
56.248,20.922,3.1942,0.2168,0.1103,33.813,36.685,8.7702,0.556,220.97,1
34.424,9.6598,2.4955,0.4888,0.254,-29.883,23.176,6.9027,27.604,182.12,1
22.244,11.345,2.5735,0.5581,0.3298,-6.2041,-19.001,-6.9374,6.6462,147.74,1
37.389,19.19,2.5843,0.3333,0.181,-28.147,-21.654,-10.424,1.818,245.34,1
92.628,33.594,3.5469,0.1703,0.1134,-57.311,62.601,-13.196,6.878,273.37,1
32.247,13.026,2.6532,0.3867,0.21,-14.076,-25.082,7.2235,16.209,168.03,1
50.012,17.894,3.0388,0.257,0.1331,42.96,19.779,-11.202,2.8523,201.77,1
63.762,24.137,3.1096,0.2712,0.1356,56.204,57.895,8.1977,3.473,243.31,1
68.965,25.522,3.1307,0.2102,0.1121,-76.698,52.66,21.812,0.402,253.01,1
80.709,47.288,3.5386,0.1276,0.0704,-49.984,88.227,-25.339,30.763,280.77,1
49.66,22.1,3.1746,0.3017,0.1843,17.907,-25.444,8.9821,5.4509,197.24,1
50.598,25.894,3.0586,0.2464,0.1315,10.789,35.976,19.523,8.44,270.01,1
22.424,15.826,2.5938,0.4968,0.3146,1.5724,-20.793,-4.5251,53.815,139.19,1
21.122,9.3478,2.2967,0.697,0.452,18.422,20.172,-11.544,75.395,167.11,1
18.967,12.773,2.4417,0.557,0.3165,16.117,11.555,-8.1819,31.497,163.81,1
49.275,14.507,2.7509,0.3141,0.1588,20.204,38.108,-11.145,1.985,177.43,1
114.81,22.882,2.6716,0.3706,0.2524,-50.856,-130.1,24.28,41.91,127.58,1
24.558,15.468,2.6628,0.3957,0.1989,10.204,12.695,8.5211,26.996,165.26,1
17.2,7.3014,2.2844,0.8312,0.5532,3.4739,4.489,5.2467,19.79,217.32,1
86.539,16.315,2.8756,0.3023,0.1565,48.906,72.283,4.4207,1.53,245.67,1
12.871,9.8459,2.2516,0.7899,0.5686,11.206,8.4149,-5.4993,40.035,146.03,1
21.147,16.816,2.5599,0.4435,0.2658,29.268,-11.576,14.502,35.595,122.94,1
53.574,25.803,3.5737,0.1956,0.0986,39.281,58.427,14.992,7.596,171.41,1
29.112,18.017,2.635,0.3175,0.1657,11.289,26.775,-10.757,36.953,190.44,1
74.475,13.425,2.9717,0.2818,0.1435,18.464,76.535,-9.3669,5.847,286.64,1
29.426,17.043,2.4526,0.3633,0.2028,-14.655,-15.591,8.1478,45.059,142.49,1
33.89,17.692,2.9647,0.3026,0.1719,13.879,25.884,7.6886,6.891,90.779,1
85.648,20.104,3.3537,0.2719,0.2004,-43.268,61.657,-19.423,0.7472,318.34,1
21.494,10.42,2.2304,0.5588,0.3088,-4.4301,16.715,-8.5553,14.831,207.06,1
35.922,14.705,2.5224,0.3093,0.1607,-5.9833,-17.418,12.455,2.969,131.4,1
38.549,19.182,3.0384,0.2947,0.1515,-2.0615,27.175,-7.9478,7.8488,156.41,1
32.095,13.411,2.6915,0.4049,0.237,40.987,17.301,6.6499,14.233,197.38,1
29.936,23.596,2.7427,0.302,0.1691,21.813,13.671,-14.692,39.083,143.35,1
24.874,19.34,2.7675,0.3194,0.1648,24.226,-13.696,-11.409,31.227,68.971,1
23.643,0,2.3149,0.7312,0.3705,2.7603,-12.938,0,0,122.76,1
36.212,9.5335,2.3838,0.3884,0.1963,-22.252,-24.45,-5.3397,27.465,53.563,1
31.314,18.054,2.873,0.284,0.1721,1.2051,14.788,12.681,1.6985,183.06,1
80.063,31.683,3.7285,0.1104,0.0556,30.197,73.153,-12.444,0.57,286.45,1
45.557,16.842,2.9263,0.2749,0.1404,33.861,24.101,-10.358,3.378,214.16,1
88.661,23.592,3.3842,0.1866,0.0981,41.612,91.629,11.046,0.71,279.44,1
23.867,15.768,2.639,0.4271,0.2514,-16.365,-17.047,-11.938,20.646,118.46,1
29.669,19.41,2.5521,0.4011,0.223,-22.424,-21.037,-13.414,12.24,232.55,1
32.473,11.215,2.7271,0.4799,0.3008,15.632,30.468,-10.773,6.915,93.239,1
91.95,29.295,3.3654,0.2233,0.1416,-48.129,43.193,22.09,4.1635,291.83,1
48.641,19.353,2.8048,0.2978,0.1654,37.051,20.081,14.87,11.287,214.85,1
23.21,19.428,2.7251,0.3823,0.2269,11.791,20.336,-7.0757,24.859,168.66,1
43.115,20.605,2.9609,0.2615,0.1537,38.004,23.686,5.8435,2.4098,168.89,1
34.337,16.494,2.8109,0.3246,0.1862,-2.201,-29.031,-12.377,48.259,30.819,1
50.187,27.652,3.4718,0.1859,0.096,14.543,53.802,-10.516,17.073,93.838,1
43.962,20.244,3.1313,0.2092,0.109,-27.226,-20.604,14.322,6.846,189.62,1
24.598,12.202,2.5955,0.4492,0.2297,-16.854,-16.628,5.8666,8.0075,190.77,1
40.947,18.482,2.7882,0.2492,0.1278,8.9986,-21.567,-8.7772,3.655,188.21,1
33.196,11.536,2.6289,0.4324,0.2902,25.683,27.794,9.2649,6.484,182.24,1
31.802,12.329,2.3502,0.3929,0.2076,-15.761,-6.2242,-10.708,9.822,228.49,1
19.855,11.723,2.4807,0.6017,0.3851,-4.6572,13.446,-5.3479,42.523,104.52,1
72.798,23.299,3.3429,0.1589,0.0815,46.242,59.035,12.229,7.4414,206.65,1
18.076,11.948,2.4464,0.5868,0.3989,3.1824,-10.17,-11.315,20.997,130.66,1
19.691,9.72,2.3054,0.5792,0.3243,-24.181,-9.5954,3.0192,25.149,174.42,1
92.32,31.373,3.0948,0.1704,0.0993,96.737,-55.23,-17.737,2.0919,246.79,1
18.966,7.402,2.1414,0.7798,0.4585,-3.1037,8.6013,-3.4053,76.074,165.64,1
38.525,28.831,3.0257,0.2375,0.1513,15.785,11.655,-18.027,2.3112,119.2,1
109.37,7.2912,2.4116,0.6705,0.3973,-50.347,-90.995,5.8806,0.589,371.1,1
37.676,25.615,3.6018,0.2457,0.1335,19.559,28.225,-12.22,20.195,71.402,1
68.697,24.798,3.1733,0.1858,0.0996,19.661,76.969,23.128,3.4614,178.71,1
74.146,20.714,2.7348,0.2799,0.1427,-31.136,53.629,19.484,4.802,300.16,1
58.439,17.414,2.9342,0.2641,0.139,82.546,42.73,16.856,3.1218,265.08,1
24.142,18.232,2.7853,0.3885,0.2287,3.201,-13.18,3.5891,89.223,80.701,1
85.458,31.237,3.2899,0.1354,0.0746,-64.051,50.385,-16.729,2.245,297.82,1
54.285,17.484,2.6217,0.4683,0.2927,-14.109,-62.484,-16.238,1.7076,211.7,1
19.769,15.839,2.6821,0.5489,0.3274,-19.166,-15.884,11.432,83.878,50.751,1
20.615,7.1962,2.1414,0.722,0.3646,2.3508,-10.114,-5.857,25.643,87.515,1
53.683,18.876,2.8048,0.3777,0.1904,-33.629,-22.399,14.248,0.803,295.81,1
108.26,35.246,3.9109,0.0908,0.0479,50.724,90.216,18.38,1.873,230.85,1
63.668,17.614,2.5877,0.3256,0.1718,45.4,63.766,10.667,20.872,122.62,1
49.814,14.831,2.372,0.5096,0.2781,-46.699,-30.233,10.881,14.103,92.722,1
47.467,17.912,2.7181,0.3502,0.2172,57.38,33.948,-11.309,11.762,223.25,1
47.164,19.347,2.9363,0.2606,0.143,30.034,40.578,-6.9531,7.132,180.52,1
70.66,30.981,3.1274,0.1529,0.0764,-77.651,48.724,12.393,11.138,253.99,1
66.566,28.605,3.5894,0.1552,0.0779,35.167,40.341,20.895,0.4,261.59,1
28.337,24.99,2.968,0.3337,0.19,27.123,22.048,-15.773,7.208,107.15,1
79.712,35.221,3.3244,0.2914,0.1708,10.177,-28.529,-18.242,2.129,340.81,1
30.251,13.649,2.6946,0.3495,0.1768,-1.3097,17.887,-9.1995,2.103,154.64,1
20.771,16.792,2.5815,0.4404,0.2267,6.1544,11.578,14.585,72.243,228.28,1
35.834,21.978,2.7864,0.2649,0.148,21.377,-18.538,17.125,6.11,151.76,1
57.891,22.276,2.8497,0.2346,0.1435,88.191,-36.403,14.448,8.217,193.87,1
62.764,25.134,3.7026,0.1807,0.1001,34.164,64.232,-10.954,4.1234,171.78,1
30.371,22.217,3.0177,0.3005,0.1531,-18.174,-15.737,9.9684,6.7334,160.6,1
101.18,26.334,3.1982,0.152,0.0763,58.092,109.95,17.845,3.1693,170.11,1
39.285,14.423,2.7396,0.3461,0.1812,47.504,37.001,-4.512,11.679,254.95,1
34.251,17.351,2.7202,0.2762,0.1514,-16.329,-18.29,11.951,4.939,238.18,1
23.212,10.775,2.2455,0.5568,0.304,-23.516,-19.316,-10.222,7.755,114.91,1
43.055,19.931,2.5676,0.2625,0.1475,-9.9563,30.647,10.863,12.089,149.6,1
22.324,11.605,2.5231,0.4888,0.2504,28.806,10.438,-11.6,18.82,206.47,1
79.631,30.929,3.466,0.1556,0.0788,73.855,71.544,18.194,2.3084,270.7,1
32.996,12.576,2.4175,0.5507,0.327,20.919,26.573,-10.097,71.066,65.135,1
60.012,19.034,2.9398,0.2389,0.1327,63.744,29.51,-13.713,11.187,196.59,1
26.103,19.74,2.7657,0.3105,0.1827,0.2545,-7.5265,-11.029,5.4609,182.49,1
40.044,29.836,3.3093,0.1673,0.0881,43.825,22.922,-18.743,1.6058,147.6,1
23.658,9.8458,2.243,0.5657,0.3,-32.335,16.005,10.205,26.831,126.2,1
28.474,21.269,2.6862,0.2945,0.1637,26.754,12.183,-16.095,25.431,30.433,1
72.791,23.743,3.5405,0.1803,0.0903,34.98,74.514,15.087,4.2311,202.54,1
30.581,12.704,2.2253,0.5298,0.2827,-19.921,-13.365,-4.5491,0.0648,129.37,1
35.086,19.428,3.1159,0.2688,0.1673,-10.501,20.501,-5.0981,11.315,177.42,1
25.733,16.171,2.7316,0.4527,0.2792,6.2344,22.704,-0.9389,49.148,67.785,1
19.663,9.2678,2.2304,0.6176,0.4147,-20.48,-14.148,2.7477,81.09,212,1
42.773,24.013,2.7447,0.2646,0.1485,-27.283,-27.861,-23.439,13.269,277.78,1
23.947,14.54,2.634,0.446,0.2404,-18.815,12.572,-8.6566,60.493,185.73,1
37.612,14.301,2.7404,0.3345,0.1918,6.1052,21.312,10.035,28.521,220.17,1
27.506,17.694,2.7263,0.338,0.1775,-28.995,12.476,-11.278,3.3162,187.61,1
27.515,14.227,2.6196,0.4034,0.2197,-14.296,-16.882,9.1943,8.977,173.97,1
31.547,16.548,2.5993,0.3371,0.2,-1.0313,-21.847,11.377,10.624,196.96,1
18.069,9.6759,2.3598,0.7162,0.3996,-19.549,-12.766,6.8677,84.259,185.57,1
27.855,16.565,2.882,0.4173,0.2277,-12.784,-19.378,9.745,4.1367,213.39,1
81.85,36.889,2.772,0.2604,0.1513,-98.281,25.561,24.668,16.194,237.43,1
23.412,14.767,2.4997,0.4684,0.2927,8.6813,14.978,-13.708,39.462,212.33,1
70.229,28.415,3.1828,0.2553,0.1506,-19.678,65.132,-19.962,1.562,321.54,1
34.139,18.33,2.5599,0.3994,0.2576,33.616,16.557,-9.5372,13.73,112.28,1
29.098,15.348,2.6243,0.3919,0.2458,12.753,6.2127,11.723,36.077,194.12,1
38.941,22.419,3.2844,0.2234,0.1265,23.223,27.294,-13.011,13.913,131.99,1
20.848,12.248,2.437,0.5082,0.2797,-26.481,-10.558,-9.4669,68.667,100.45,1
88.017,21.611,3.2456,0.1823,0.0934,77.091,78.201,2.3756,6.986,243.89,1
59.011,26.247,3.5361,0.1691,0.0921,48.312,45.513,-17.288,1.8811,206.84,1
106.36,49.748,4.3237,0.0584,0.0301,10.681,83.096,-23.95,0.624,244.64,1
34.979,22.738,3.0222,0.247,0.1363,4.3277,13.475,16.939,4.075,94.453,1
55.843,21.455,3.2007,0.2123,0.1169,-27.225,-27.587,9.9968,5.4306,233.59,1
68.735,20.511,2.9251,0.2175,0.1182,46.191,45.226,-11.357,9.3666,153.9,1
64.523,14.909,2.5557,0.3115,0.1878,79.165,-40.617,-7.4207,0.47,198.6,1
31.574,19.757,2.6258,0.3006,0.155,14.159,-5.5612,12.28,29.603,135.21,1
26.775,18.113,2.6556,0.4199,0.2155,19.139,14.338,-11.758,66.028,57.704,1
33.078,12.633,2.5126,0.3963,0.2473,12.148,-23.393,-7.7522,29.307,97.144,1
42.171,11.932,2.4829,0.4539,0.2418,45.024,17.365,-9.1849,10.763,124.56,1
67.23,17.03,2.9664,0.2896,0.1486,-126.61,59.944,10.678,13.945,204.93,1
36.852,25.134,3.0052,0.2184,0.1131,19.247,29.505,6.2066,8.877,98.712,1
41.745,19.728,3.1065,0.2504,0.1475,36.227,34.935,11.382,1.2137,167.03,1
23.104,16.859,2.4281,0.4216,0.2146,-15.776,-11.86,10.55,21.833,202.63,1
35.315,16.406,2.6871,0.3145,0.1799,44.325,29.92,-9.4979,5.231,151.14,1
46.371,21.933,2.9206,0.3109,0.1603,26.512,32.699,-13.636,2.447,264.81,1
19.722,15.866,2.6248,0.5196,0.3096,7.4801,13.361,-13.212,31.983,132.29,1
31.442,19.732,2.9827,0.333,0.1722,23.73,21.71,10.687,27.914,96.397,1
71.967,29.041,3.4757,0.2371,0.1339,-26.139,61.442,-17.014,2.8019,335.8,1
37.444,24.612,3.0257,0.2667,0.1447,6.9242,27.598,-18.71,7.341,162.34,1
94.828,37.994,4.0896,0.0905,0.0506,10.191,86.398,22.942,1.024,192.11,1
38.09,23.323,3.2331,0.2619,0.1535,30.004,27.848,-13.695,25.602,78.467,1
27.124,17.647,3.058,0.3132,0.1728,2.558,8.1116,-13.464,16.169,234.6,1
28.948,20.23,2.78,0.2988,0.1751,19.312,16.119,-9.4908,56.057,197.44,1
12.968,11.098,2.3149,0.7458,0.4431,14.345,-6.908,-9.6018,38.131,162.36,1
35.754,18.467,2.9834,0.267,0.1584,1.9518,-23.523,11.776,0.226,132.72,1
43.964,15.125,2.8454,0.3212,0.2034,-24.454,-25.943,11.334,1.228,171.96,1
58.65,27.87,3.0837,0.1814,0.0961,-6.1004,-38.12,-12.095,6.845,263.35,1
72.642,23.165,3.0101,0.2794,0.1832,-32.299,41.37,-20.637,2.1522,329.58,1
91.699,42.785,3.9713,0.1243,0.064,17.243,51.386,-29.2,1.9921,346.24,1
34.929,15.993,2.5658,0.3505,0.1861,31.174,23.947,-8.1753,1.3937,210.87,1
26.859,11.354,2.5145,0.4465,0.2248,37.54,6.5357,-5.5475,0.638,145.7,1
77.814,26.512,3.7987,0.1644,0.0897,37.005,65.721,14.235,2.712,218.66,1
20.247,10.476,2.3096,0.6275,0.3162,8.6645,-18.006,10.96,79.484,161.75,1
19.866,10.773,2.3324,0.5953,0.3326,-8.0461,17.566,9.9813,17.929,53.45,1
18.449,7.3587,2.1945,0.8051,0.4824,3.9625,-8.2376,2.9172,42.315,135.14,1
39.48,16.898,2.932,0.3474,0.1959,31.981,28.3,6.6446,1.129,198.88,1
112.64,31.147,2.9868,0.1918,0.1139,-117.27,89.989,23.083,17.724,277.31,1
73.265,27.079,3.5292,0.1718,0.0897,28.752,67.972,18.874,6.2195,286,1
61.374,22.86,3.0245,0.2108,0.112,47.236,46.462,15.963,3.713,262.06,1
12.856,9.8076,2.4141,0.79,0.5723,11.113,8.5403,4.8509,78.748,169.01,1
13.459,10.013,2.2055,0.8162,0.4704,-13.58,-6.8066,11.581,17.449,116.82,1
12.641,9.2152,2.2516,0.8235,0.619,9.8947,10.058,-7.2618,31.822,175.09,1
76.448,26.388,3.0874,0.2257,0.1141,-29.781,62.025,16.313,14.573,305.32,1
97.315,28.515,3.3217,0.1692,0.097,-38.872,80.007,22.226,2.984,319.87,1
13.109,10.677,2.1156,0.7739,0.4713,-13.585,-2.5324,-10.448,32.04,203.51,1
84.379,33.719,3.6211,0.2297,0.1222,-50.428,-65.06,-8.1588,0.1081,383.6,1
30.15,19.231,2.7243,0.2642,0.1557,-4.2906,-10.29,-9.0885,6.93,173.79,1
45.468,23.59,2.9172,0.1936,0.0974,61.768,-13.424,13.614,1.087,169.84,1
29.468,24.344,2.9368,0.2718,0.144,26.836,-14.481,19.037,19.977,118.52,1
32.413,16.044,2.5821,0.3351,0.1793,-24.491,-23.1,-11.556,17.831,186.17,1
71.347,25.16,3.0253,0.2047,0.1203,-120.4,51.715,14.691,8.6575,211.86,1
27.894,23.317,2.8698,0.3549,0.1964,11.42,17.695,-15.067,82.88,83.973,1
86.713,32.065,3.9639,0.1275,0.0657,-85.424,68.72,-15.81,0.6696,254.69,1
66.707,26.946,2.971,0.2694,0.1448,21.876,31.933,-18.7,5.3847,256.12,1
48.82,9.7049,2.7189,0.5826,0.4136,-48.135,-38.057,9.545,4.5898,282.39,1
67.919,32.656,3.5981,0.1342,0.0798,-66.878,30.696,-19.497,0.794,273.9,1
12.965,11.26,2.081,0.7469,0.4025,-14.91,5.9191,-11.433,56.521,182.31,1
38.97,14.899,2.8264,0.3908,0.2573,17.011,34.847,-9.8419,14.53,215.22,1
33.171,15.572,2.667,0.3918,0.253,31.874,20.776,7.7843,7.608,170.48,1
22.996,14.865,2.4871,0.4169,0.2231,-15.344,9.2633,11.975,47.93,128.13,1
24.445,14.301,2.5539,0.4385,0.2304,1.024,21.615,4.5104,20.841,171.03,1
22.71,17.514,2.541,0.3683,0.2,-9.0837,9.9208,-15.823,78.773,140.18,1
35.775,15.872,2.6493,0.4439,0.2993,13.299,19.358,-13.779,2.073,180.33,1
17.087,11.267,2.2553,0.5667,0.3083,0.7686,-5.2321,4.9075,56.401,142.86,1
90.848,33.019,3.7827,0.1766,0.0923,-53.388,49.788,20.758,2.5821,332.58,1
40.297,15.467,2.6959,0.292,0.1541,-48.96,-18.934,-9.4184,0.125,210.71,1
50.045,32.915,2.9472,0.2021,0.1056,-30.799,-37.444,19.244,69.094,94.916,1
20.313,14.942,2.3838,0.4463,0.2624,0.4564,-6.377,-3.9695,37.287,230.01,1
30.359,16.9,2.7033,0.3248,0.2069,10.498,-13.294,5.16,0.2976,248.6,1
21.573,0,2.1222,0.7698,0.4792,-1.8113,9.6718,0,0.0002,118.19,1
45.281,20.887,3.0927,0.1979,0.103,8.9519,-24.651,-5.7971,3.4724,217.62,1
34.313,17.838,2.7694,0.3895,0.2338,11.888,-26.385,9.2888,4.4274,191.11,1
88.464,26.669,3.444,0.2338,0.1509,-45.076,44.11,19.397,0.533,295.65,1
26.32,13.668,2.4099,0.4202,0.2121,-32.147,-18.119,-10.549,0.3082,262.89,1
48.826,15.68,2.8132,0.3105,0.2068,35.948,40.753,-5.4943,8.2676,142.79,1
23.456,11.338,2.5051,0.5188,0.2766,7.9259,6.9172,5.2721,21.817,141.46,1
92.633,30.14,3.6898,0.2141,0.1278,-20.768,71.701,14.493,0.123,340.84,1
49.035,13.021,2.8379,0.305,0.1547,-25.272,29.762,-5.9572,5.173,233.5,1
94.184,27.45,3.5029,0.2441,0.1519,-19.762,40.346,-18.033,2.957,310.4,1
19.23,7.437,2.1222,0.7547,0.4491,1.8458,-7.5664,4.2152,74.615,179.88,1
31.332,19.811,2.6794,0.3222,0.2061,18.391,22.177,18.95,18.65,77.538,1
18.677,17.611,2.3551,0.5077,0.3068,22.667,-4.1781,-6.7637,8.3828,179.52,1
20.501,16.254,2.4249,0.4662,0.25,-23.619,-14.32,-9.2264,5.932,159.23,1
24.833,7.3512,2.3784,0.6695,0.3703,-12.314,-10.945,-4.0712,20.643,128.14,1
34.992,18.443,2.9883,0.3225,0.1628,6.2692,16.267,12.041,8.191,215.53,1
70.148,20.256,3.4283,0.1984,0.1024,-5.4196,49.104,-10.177,8.2377,233.61,1
29.561,16.261,2.5587,0.3204,0.1699,7.6545,-8.9151,-5.6478,23.721,118.68,1
94.843,46.501,4.1613,0.0837,0.044,97.085,82.809,-29.645,3.2764,264.48,1
48.515,22.285,3.3116,0.1922,0.11,33.421,18.429,13.813,0.6261,213.42,1
80.788,55.035,3.4713,0.1449,0.0725,31.827,70.906,58.148,22.529,277.4,1
19.858,15.502,2.6405,0.476,0.2643,22.948,15.857,4.5488,20.157,159.01,1
32.392,14.897,2.8663,0.3905,0.2211,34.546,15.88,6.632,7.136,217.28,1
28.699,19.608,2.6212,0.3469,0.1782,13.492,23.597,-11.109,21.096,158.99,1
41.294,12.674,2.6942,0.3458,0.181,-35.225,-30.03,8.7423,5.153,174.05,1
26.503,11.615,2.4914,0.4419,0.2694,-33.659,-14.475,7.1181,30.148,99.317,1
70.217,18.895,3.1154,0.1947,0.1031,-111.16,46.378,11.89,8.293,230.3,1
21.843,9.901,2.2014,0.5786,0.3239,-2.8651,15.36,-9.4155,6.251,155.28,1
12.591,11.853,2.1477,0.7046,0.3523,14.998,0.9276,11.431,29.729,172.71,1
46.364,13.719,2.9763,0.3675,0.254,42.32,31.089,-10.139,10.492,209.68,1
23.824,10.009,2.2175,0.5939,0.3182,24.982,18.198,-10.784,0.572,162.12,1
53.04,13.882,2.8159,0.4125,0.2987,41.284,47.699,11.275,10.115,237.74,1
61.51,21.258,3.0746,0.2131,0.1091,19.033,60.038,-13.68,9.437,229.42,1
57.639,19.958,2.9183,0.3186,0.1623,34.197,59.304,18.433,0.619,113.55,1
87.02,21.741,2.634,0.4042,0.2172,-101.12,59.081,8.3743,2.8508,277.88,1
138.09,50.54,3.9738,0.0803,0.0406,-179.05,75.505,31.22,5.931,254.74,1
39.163,18.202,2.3531,0.4967,0.3082,37.327,33.268,16.915,10.947,242.22,1
41.103,11.848,2.5283,0.4,0.2119,31.225,20.735,-9.7801,7.067,226.63,1
38.241,14.761,2.73,0.3557,0.1853,-42.045,-20.474,7.3276,3.9659,203.66,1
33.796,12.454,2.567,0.3821,0.2344,15.715,22.908,-4.5372,27.892,181.83,1
46.764,14.941,2.7392,0.2753,0.1595,-20.331,-34.739,-8.7253,2.0311,175.07,1
23.465,16.026,2.4116,0.4186,0.2384,10.901,12.71,10.549,33.041,44.475,1
22.901,12.641,2.6232,0.4833,0.2536,16.668,12.959,-8.2808,11.758,138.65,1
77.418,26.433,3.1074,0.1773,0.0941,-163.21,71.594,17.272,1.357,258.13,1
79.282,27.901,3.1173,0.2756,0.1416,-17.09,-29.927,-12.98,5.16,324.14,1
85.615,22.878,3.2367,0.2186,0.1168,87.535,85.569,-6.1278,1.57,243.29,1
30.694,22.003,2.617,0.285,0.163,-6.887,20.238,19.844,37.127,127.82,1
37.549,11.249,2.6253,0.372,0.1955,26.647,30.679,-2.2054,8.782,182.14,1
20.083,15.499,2.3627,0.4772,0.2495,12.27,18.253,10.776,20.62,96.767,1
21.017,8.4981,2.3541,0.677,0.4137,22.076,13.741,-0.9055,9.3744,180.58,1
12.647,11.774,2.0065,0.7094,0.3695,-15.572,7.6167,11.051,5.88,171.3,1
82.969,29.132,3.5263,0.1238,0.0621,15.544,69.876,-20.931,14.116,204.23,1
36.87,17.798,2.7288,0.3361,0.1802,38.16,30.742,8.1883,4.412,146.66,1
26.849,11.083,2.48,0.4073,0.207,-9.7153,-10.717,4.161,11.235,159.08,1
51.679,25.578,3.0092,0.184,0.1023,26.741,37.517,12.155,1.8934,236.85,1
43.256,12.027,2.5205,0.3831,0.1976,-63.842,16.187,-6.1091,9.697,299.41,1
23.787,13.453,2.3253,0.5012,0.3097,-24.077,-14.559,9.0712,4.575,107.02,1
23.126,16.994,2.608,0.3896,0.2232,-6.5245,-12.303,-13.858,16.232,84.91,1
27.351,12.629,2.3212,0.4487,0.2315,21.183,13.731,8.0624,15.722,170.12,1
20.196,7.2301,2.1287,0.7509,0.3829,3.5491,-11.106,-5.4224,17.907,137.71,1
63.12,31.064,3.3687,0.1823,0.1038,46.256,59.852,14.794,6.423,314.41,1
18.514,16.925,2.5334,0.5505,0.2914,22.226,8.0834,-14.144,11.74,161.41,1
29.287,8.4266,2.4005,0.5288,0.2763,38.014,9.9818,6.042,12.535,166.64,1
19.615,7.4136,2.0881,0.7347,0.4286,1.2375,-7.0857,-4.8478,29.26,236.77,1
52.902,22.787,3.1956,0.2645,0.152,17.958,51.1,8.8946,4.4386,138.36,1
57.118,25.962,3.2369,0.1941,0.0982,43.864,59.866,-15.502,19.89,237.71,1
26.564,13.21,2.3909,0.435,0.2744,19.688,-15.121,1.8099,37.726,178.87,1
16.041,7.1442,2.2999,0.8521,0.614,-2.9404,-7.9366,-6.1496,62.18,203.75,1
109.32,47.75,4.3035,0.0795,0.0411,-64.984,78.745,35.727,1.102,275.32,1
50.171,20.665,2.9859,0.2211,0.1142,-10.844,-50.462,-8.8212,47.392,198.36,1
68.226,35.264,2.6522,0.4053,0.2372,-48.6,20.966,31.597,54.509,175.19,1
56.521,25.534,3.3015,0.1728,0.0872,37.594,32.893,-17.352,2.379,234.51,1
27.428,12.636,2.7555,0.3916,0.2133,-13.3,19.197,5.4596,3.597,255.34,1
36.737,16.561,2.5871,0.4398,0.2937,27.574,37.021,-2.9455,27.593,190.35,1
68.298,22.78,2.8918,0.2694,0.1546,71.319,41.357,12.615,6.3982,288.96,1
19.623,18.733,2.5179,0.349,0.1745,16.339,11.422,8.841,10.11,76.9,1
57.907,30.056,2.9365,0.3866,0.2043,-17.95,-47.596,-31.571,10.159,305.26,1
23.668,0.0001,2.1629,0.7148,0.3746,0,-0.0001,-10.891,81.138,168.66,1
27.099,10.696,2.4969,0.4841,0.2723,8.453,15.216,7.4016,1.5977,145.42,1
28.23,18.759,2.8132,0.3859,0.2083,24.886,20.802,17.666,7.4795,146.09,1
79.383,12.944,2.7427,0.3436,0.2215,35.359,78.765,7.6861,9.4384,221.48,1
13.329,10.516,2.1945,0.7923,0.4313,14.354,4.3614,11.759,76.331,189.48,1
23.673,0,2.2,0.7634,0.4196,0,0,16.453,47.775,154.64,1
130.35,36.48,3.5863,0.1348,0.0675,-94.067,88.736,-18.138,6.999,228.3,1
31.298,18.576,2.7987,0.372,0.217,-0.2935,15.533,11.389,8.988,211.22,1
47.836,20.812,3.3922,0.2562,0.1413,19.235,37.475,-8.7009,0.468,215.89,1
31.002,15.812,2.5682,0.3459,0.1851,42.361,16.132,-8.967,8.767,119.08,1
55.755,18.332,3.1534,0.2705,0.1626,-76.102,45.947,14.396,3.628,285.79,1
13.045,10.91,2.1319,0.7601,0.4539,14.022,-5.3863,10.271,81.279,136.51,1
35.648,11.874,2.673,0.3864,0.1964,53.229,-17.746,7.3992,5.014,212.11,1
28.163,15.807,2.42,0.4259,0.249,-17.98,-13.784,-8.3405,17.125,248.03,1
31.381,16.267,2.637,0.3691,0.2134,29.241,24.929,10.547,9.9904,164.82,1
21.915,9.8124,2.4914,0.5774,0.3242,2.9631,-15.394,-9.7413,16.131,186.62,1
58.113,24.239,2.8351,0.4152,0.223,-27.468,18.229,26.595,3.9914,334.94,1
27.882,17.644,2.7455,0.3756,0.1986,33.244,19.635,7.6692,37.904,202.11,1
70.617,19.786,3.1119,0.2048,0.1101,-80.291,30.04,-11.726,8.372,277,1
26.227,20.657,2.9146,0.3433,0.1929,-1.5213,-15.537,-17.509,2.1651,225.08,1
12.999,10.722,2.1351,0.7546,0.4872,13.309,-4.4109,-7.2198,32.861,251.47,1
30.59,15.344,2.5916,0.3892,0.2061,4.0507,14.232,6.3935,56.286,24.425,1
70.334,18.583,2.8058,0.3393,0.2025,-32.798,51.479,11.457,4.6368,295.18,1
37.098,8.0876,2.5809,0.4908,0.2585,-10.872,25.322,10.98,1.472,169.18,1
81.965,35.407,3.3729,0.2466,0.1731,7.2615,54.667,-26.153,3.5171,337.57,1
63.965,26.658,3.7121,0.1744,0.0987,46.618,55.629,-13.086,5.7611,228,1
29.63,17.372,2.7903,0.3274,0.1726,-12.012,13.767,10.827,24.196,123.85,1
47.409,19.427,2.8382,0.2351,0.1197,-43.422,-33.838,-11.368,2.939,195.6,1
92.331,31.924,4.0213,0.1019,0.0535,55.084,77.826,15.35,0.6513,264.63,1
12.439,12.04,2.2,0.6877,0.3438,15.001,-0.7681,11.224,18.399,221.31,1
20.71,6.2012,2.2822,0.799,0.5561,-17.007,-18.134,-6.0106,27.282,133.77,1
25.291,11.508,2.4713,0.5169,0.3125,11.551,14.648,-7.9248,3.1678,119.87,1
43.943,29.726,3.1915,0.1673,0.084,22.595,23.758,20.293,18.371,126.67,1
28.613,12.329,2.6508,0.4022,0.2402,11.454,15.181,9.8838,1.338,160.99,1
27.139,21.276,2.8156,0.3379,0.1766,-10.768,23.594,21.106,30.825,117.54,1
23.148,20.058,2.5955,0.401,0.2678,3.4453,22.59,-15.253,81.796,89.997,1
20.106,9.2855,2.2553,0.6167,0.375,22.517,12.394,-1.9347,79.283,122.26,1
99.096,36.633,3.853,0.1462,0.0771,82.542,108.83,29.265,0.983,161.94,1
71.967,35.066,3.6719,0.1563,0.0959,-73.189,52.299,30.245,6.811,283.68,1
20.586,7.2402,2.0273,0.7042,0.3709,-1.1138,7.8255,5.8563,23.962,84.785,1
56.697,23.574,2.9309,0.2145,0.1284,64.974,29.696,-10.354,11.943,181.51,1
30.969,19.909,2.8837,0.3987,0.232,30.766,28.615,-14.946,69.084,37.642,1
37.586,18.102,3.0137,0.2723,0.1672,18.002,25.359,11.995,11.117,177.3,1
41.671,17.188,3.0654,0.2822,0.157,18.339,36.281,-6.557,5.7949,227.66,1
22.939,14.596,2.5453,0.4758,0.2806,-27.084,-9.6642,-7.8812,47.847,193.41,1
22.107,13.759,2.5289,0.5118,0.2648,12.062,-14.714,-10.868,1.318,199.39,1
100.04,57.393,4.2401,0.089,0.0481,-65.94,67.098,-16.068,2.931,333.99,1
72.734,25.203,3.2394,0.2172,0.1103,-48.488,33.95,-4.8831,3.4835,293.05,1
25.831,7.7487,2.2967,0.6566,0.3561,-14.171,13.889,4.454,17.392,196.77,1
36.384,15.988,2.6946,0.2606,0.1444,19.47,-14.605,12.606,6.303,243.65,1
50.561,24.034,3.1101,0.1777,0.1044,-11.465,-14.15,14.162,21.156,189.87,1
114.72,58.97,4.4451,0.0545,0.0273,92.306,93.767,-43.16,2.9341,257.85,1
28.821,20.695,3.1002,0.3152,0.1616,-12.546,21.36,-9.1016,23.412,69.854,1
83.835,12.769,2.7392,0.474,0.3017,-73.377,-30.366,5.3509,4.6236,267.36,1
95.724,20.034,2.9731,0.3074,0.1569,-85.944,-53.96,15.229,1.197,242.81,1
38.149,22.174,2.6469,0.2999,0.1567,26.591,31.19,-19.883,23.091,259.56,1
56.302,21.823,3.0312,0.282,0.1698,45.197,42.602,-11.216,1.2986,232.56,1
21.357,15.123,2.702,0.5144,0.2632,0.4375,18.56,7.8242,41.559,124.56,1
80.219,25.896,3.4586,0.24,0.147,-46.652,68.025,18.484,0.146,315.01,1
33.382,21.298,2.4742,0.3188,0.1594,10.227,-25.001,-15.312,44.799,56.616,1
27.496,11.493,2.5315,0.4765,0.2574,-3.9476,-24.131,-9.2681,25.113,155.76,1
40.63,23.996,2.8162,0.2443,0.1489,19.403,34.27,-8.7065,6.1626,79.017,1
12.813,11.52,2.0774,0.728,0.3891,15.249,-7.1802,11.137,21.21,228.7,1
30.707,22.293,2.7181,0.2622,0.1349,26.683,14.498,-10.561,56.785,131.21,1
53.968,25.405,3.0243,0.2175,0.1121,16.744,50.671,-11.171,8.986,261.07,1
27.558,12.207,2.382,0.4232,0.2427,1.1459,-18.251,9.1073,10.896,207.3,1
18.108,10.412,2.2856,0.6062,0.3446,-1.0824,6.4007,-6.5963,35.743,125.86,1
18.245,10.392,2.382,0.5934,0.334,-0.7341,5.7769,6.3507,18.023,190.14,1
38.662,18.66,2.7189,0.2598,0.1404,-40.116,7.5009,-8.7051,8.262,184.27,1
64.54,30.75,3.0086,0.2912,0.177,-31.9,-11.476,-21.961,13.377,309.81,1
27.617,8.807,2.2833,0.651,0.3724,8.7664,23.266,3.2946,89.732,89.169,1
28.218,14.185,2.499,0.3455,0.1854,43.053,-15.493,-5.9025,89.954,123.94,1
30.797,21.285,2.7135,0.3288,0.1983,27.194,31.548,-10.674,18.654,136.25,1
20.665,7.1459,2.2292,0.7316,0.3746,-23.414,-11.243,-5.8789,68.516,71.394,1
22.214,10.929,2.2455,0.5511,0.304,-15.62,-18.334,6.4114,23.936,110.03,1
24.761,10.478,2.3627,0.4685,0.2408,13.257,-17.455,1.8392,19.546,145.11,1
32,11.466,2.4949,0.3648,0.1936,-28.571,17.623,7.953,15.096,101.91,1
26.354,20.987,2.7292,0.3228,0.1931,33.216,12.845,14.991,21.626,195.58,1
45.349,28.709,3.1064,0.3045,0.1969,27.792,46.697,-21.983,6.1306,238.42,1
31.75,20.347,2.6299,0.3001,0.1583,20.454,24.345,-13.189,7.038,129.59,1
102.79,29.314,3.742,0.132,0.0713,63.041,116.77,16.387,1.687,200.47,1
48.482,8.4573,2.3802,0.3792,0.2021,-70.287,26.993,7.092,0.7494,204.64,1
55.92,18.26,2.7694,0.3061,0.1896,51.398,39.32,-14.769,2.646,186.89,1
92.372,47.071,3.0527,0.1949,0.0996,41.635,84.604,-24.542,17.086,271.14,1
50.045,19.264,2.9172,0.2771,0.1543,37.192,41.224,-8.8082,2.5772,194.19,1
33.389,25.476,3.0212,0.259,0.1348,-15.236,17.186,-25.575,38.976,187.15,1
20.194,7.3237,2.0986,0.7171,0.3944,-1.1919,7.6258,5.5067,70.342,218.09,1
71.677,36.648,3.63,0.1768,0.1019,-31.794,65.881,-23.037,9.612,328.6,1
23.802,16.239,2.3945,0.3669,0.1875,-12.801,-10.745,-13.843,15.401,207.91,1
71.954,29.1,3.3115,0.265,0.1388,-7.0561,57.397,-25.573,5.185,318.98,1
81.201,24.991,3.0263,0.2824,0.1906,-33.175,-33.258,15.21,5.5932,309.47,1
26.917,7.0266,2.2648,0.5924,0.3505,12.64,11.795,-4.5298,78.125,114.41,1
18.905,13.098,2.4322,0.6322,0.3641,18.619,18.189,4.5549,33.344,146.56,1
59.016,18.02,3.3073,0.2587,0.1422,57.701,59.917,15.404,1.3107,237.62,1
66.403,32.258,3.6349,0.1384,0.071,57.447,48.719,26.097,9.4551,224.24,1
41.048,23.825,3.0092,0.2066,0.1121,4.0119,23.182,-9.0349,6.121,123.83,1
63.92,26.687,3.7525,0.1908,0.1097,-66.123,39.072,13.431,0.035,263.59,1
39.089,22.439,2.7352,0.2649,0.161,25.727,9.4193,19.856,10.506,133.35,1
33.055,15.194,2.3444,0.371,0.1878,10.297,22.902,7.8267,9.323,178.2,1
58.363,28.042,3.2475,0.2342,0.1394,-53.285,-7.6113,11.736,4.366,277.08,1
13.002,10.93,2.1319,0.7528,0.4613,-13.919,6.0317,9.177,66.374,154.09,1
49.922,22.332,3.293,0.2363,0.121,6.7223,51.401,-12.995,6.85,240.12,1
37.347,17.714,2.7962,0.267,0.1399,-21.031,-30.37,-12.937,15.638,113.72,1
58.036,16.086,2.9031,0.2313,0.1206,4.6148,18.862,-12.331,4.9132,133.57,1
27.876,17.401,2.7701,0.3735,0.2334,-0.2337,-18.509,-11.972,11.587,195.27,1
49.737,21.534,2.8876,0.2552,0.1587,-5.9763,-34.084,12.427,19.187,208.48,1
21.536,12.537,2.3865,0.4641,0.2361,13.476,13.607,-9.9932,15.312,166.53,1
32.295,13.001,2.4771,0.56,0.385,10.8,26.721,-12.75,39.825,75.984,1
40.825,18.186,2.596,0.3676,0.2497,48.251,-6.9606,10.13,9.868,128.03,1
23.491,10.225,2.3181,0.5433,0.3005,32.245,-16.329,-9.4179,60.549,26.089,1
97.719,31.345,3.0959,0.2839,0.1969,-80.291,-80.363,-20.897,9.5897,279.07,1
53.746,26.098,2.8873,0.2735,0.1458,46.482,67.439,12.201,36.877,49.882,1
33.839,23.102,3.071,0.2284,0.1185,-26.863,-18.528,-14.107,9.0883,230.9,1
68.242,26.357,3.7968,0.1667,0.0967,16.26,60.393,-17.422,2.555,256.51,1
21.163,12.204,2.3473,0.4719,0.2539,-0.406,8.8387,10.793,35.801,160.44,1
37.149,15.631,2.4556,0.5429,0.3135,-20.831,-28.853,-12.666,13.729,159.41,1
16.361,11.571,2.3522,0.5956,0.3089,-2.3935,6.7419,-4.0054,35.427,155.95,1
32.276,16.403,2.6566,0.4432,0.2723,8.3265,29.338,-17.998,12.32,206.94,1
32.853,19.941,2.9865,0.3249,0.1645,-8.4624,18.2,10.027,8.724,174.96,1
29.021,11.558,2.4048,0.4094,0.2146,7.7434,16.317,-6.5633,9.2572,138.54,1
77.354,41.926,4.0443,0.1066,0.054,67.43,71.413,18.985,3.7039,198.41,1
53.965,17.915,3.2015,0.2729,0.1412,33.01,60.642,-6.508,0.857,271.06,1
53.563,41.99,2.8442,0.2792,0.1539,-55.782,-45.045,-15.821,61.555,124.96,1
57.109,19.014,2.6527,0.2469,0.1301,-25.046,44.862,-11.325,34.613,168.15,1
40.966,17.728,2.9248,0.2545,0.1302,17.13,-15.281,-11.595,4.324,137.02,1
33.114,24.228,2.953,0.3298,0.1922,8.5121,22.767,17.846,47.73,81.404,1
21.682,13.229,2.4893,0.5835,0.3549,18.413,19.46,8.5961,55.726,103.01,1
81.125,32.319,3.3511,0.1729,0.088,67.018,77.508,29.555,10.34,188.94,1
89.199,13.317,2.7024,0.3393,0.2034,-99.293,59.374,11.451,4.2637,231.15,1
47.216,18.712,3.07,0.2119,0.1213,-1.0962,-22.76,10.423,3.4,195.92,1
13.07,11.103,2.1688,0.7593,0.3898,-14.934,3.4386,11.817,80.353,218.84,1
24.566,17.715,2.6758,0.3439,0.1909,5.9985,18.44,8.6501,11.018,193.05,1
54.438,32.782,3.1174,0.1557,0.0797,56.833,12.295,16.131,2.6399,144.71,1
34.687,15.58,2.5484,0.396,0.2249,1.2197,23.203,-8.6914,4.286,209.89,1
59.659,22.476,3.0461,0.205,0.1039,8.2128,48.775,-12.462,12.842,169.65,1
22.05,16.529,2.6866,0.4486,0.25,-6.2847,-12.769,-4.7993,9.097,190.81,1
20.886,11.282,2.404,0.5957,0.2978,25.999,11.224,11.143,58.754,188.47,1
79.715,24.331,3.3438,0.213,0.1067,47.002,79.553,13.56,7.119,283.27,1
22.234,12.591,2.2601,0.6044,0.3269,-16.625,-10.682,9.74,16.741,182.89,1
45.415,25.363,3.1391,0.2279,0.1165,10.349,15.256,16.218,13.285,247.47,1
77.685,25.581,3.5455,0.1851,0.0992,71,73.071,18.25,3.186,251.29,1
22.788,8.6526,2.2923,0.6888,0.3954,25.4,11.038,8.6672,63.822,190.41,1
133.1,87.886,4.2992,0.0557,0.029,113.87,108.53,-63.802,8.6871,174.87,1
63.538,26.323,3.321,0.1848,0.0938,10.538,61.276,-4.1837,9.428,243.38,1
74.14,23.321,2.8516,0.2421,0.1246,-66.224,32.874,-11.519,0.7406,262.22,1
21.393,14.291,2.6599,0.5208,0.2877,27.978,-8.2872,-3.1725,0.9412,237.87,1
28.217,17.031,2.6026,0.3695,0.1885,25.747,-9.524,-13.395,14.081,215.5,1
20.747,7.1701,2.0434,0.7149,0.3575,24.234,9.9352,-5.9667,24.743,113.79,1
13.176,10.85,2.1287,0.7732,0.4201,14.544,-2.8804,-11.673,8.886,123.19,1
27.748,18.239,2.5781,0.3593,0.1863,-48.064,23.808,7.6051,9.141,186.33,1
48.184,14.309,2.4778,0.4027,0.2047,-10.741,-32.542,-14.36,23.914,233.31,1
135.91,28.726,2.8834,0.2616,0.1432,-199.51,114.65,13.496,67.903,257.24,1
29.473,11.357,2.641,0.4091,0.216,20.582,20.772,4.0614,19.111,178.98,1
66.09,16.824,2.9413,0.4213,0.2181,14.526,71.255,7.1436,8.2426,220.55,1
22.683,10.015,2.3674,0.5408,0.2725,-4.197,16.962,-10.324,6.211,182.62,1
32.798,10.424,2.3608,0.488,0.2593,23.521,26.872,-8.4259,5.203,191.34,1
71.958,12.56,2.723,0.3879,0.2072,-58.961,44.307,7.0796,9.0544,273.85,1
70.308,25.174,3.3245,0.1672,0.0865,-81.475,22.391,-16.6,3.9509,243.3,1
18.065,16.158,2.357,0.5055,0.3099,5.8033,-16.592,-5.0432,67.736,139.59,1
31.79,18.253,2.6937,0.3846,0.2217,16.829,16.197,-8.06,13.812,206.12,1
100.2,29.409,3.2171,0.162,0.0846,-83.185,70.431,20.605,0.7341,338.06,1
32.848,10.791,2.5843,0.4688,0.2565,22.444,30.818,6.0211,4.565,160.43,1
31.434,23.265,2.934,0.2957,0.1717,-9.1278,19.852,19.289,79.959,23.236,1
36.284,17.331,2.6915,0.3438,0.178,0.7674,22.24,-11.644,24.191,148.57,1
69.466,22.628,3.2507,0.1757,0.094,86.188,57.138,-15.199,5.6357,190.94,1
31.489,18.143,2.7239,0.3551,0.1822,-21.91,-20.994,-4.9206,22.241,123.81,1
22.242,16.433,2.4216,0.4205,0.2178,23.666,13.044,7.1902,18.546,214.97,1
68.709,19.866,2.8882,0.2031,0.1028,-32.495,34.669,9.0485,1.0624,205.4,1
41.13,14.166,2.723,0.3917,0.2337,32.267,23.505,-9.8231,6.0359,162.97,1
18.982,10.095,2.2455,0.5739,0.3267,-23.179,-10.496,-3.7785,18.537,194.36,1
43.758,20.892,2.9206,0.2905,0.1519,-23.994,-35.191,16.383,8.3799,211.69,1
86.486,20.493,2.7668,0.2789,0.1446,46.58,70.587,-13.23,11.409,137.12,1
33.794,22.156,2.8873,0.2476,0.1316,15.071,-9.0742,18.137,9.383,212.22,1
44.556,18.617,2.6415,0.3379,0.1701,-67.451,22.76,16.828,17.216,279.4,1
27.01,19.117,2.5224,0.3093,0.1607,-37.16,-6.568,15.229,11.766,265.93,1
24.273,15.036,2.4456,0.4624,0.2778,0.8311,20.881,7.1707,17.466,136.07,1
26.277,16.355,2.6474,0.3694,0.2264,-15.063,-11.438,-11.326,19.634,154.07,1
114.3,40.44,4.1952,0.0746,0.039,72.198,90.699,28.709,0.3,298.7,1
34.097,15.395,2.4749,0.3719,0.1859,4.1227,-22.66,-12.506,4.829,199.52,1
25.21,10.576,2.4005,0.4732,0.2644,13.904,19.237,4.1735,72.391,120.73,1
57.813,33.036,3.8699,0.1309,0.0762,-4.5987,41.708,-13.12,0.211,72.582,1
26.197,12.225,2.317,0.4819,0.2675,-4.6986,-18.93,9.8917,11.782,116.86,1
59.377,24.536,3.3144,0.2119,0.1142,32.945,58.346,-12.884,8.7949,154.34,1
19.399,9.2873,2.3096,0.6471,0.424,19.881,14.397,-3.9199,25.804,167.9,1
26.028,11.415,2.5502,0.4535,0.2662,32.047,18.239,-1.7166,0.6419,140.19,1
23.091,13.414,2.6942,0.5197,0.3084,4.2265,10.36,-8.3245,9.3139,213.37,1
25.926,13.032,2.5752,0.5372,0.2832,-1.6516,23.963,6.3471,19.267,147.79,1
22.024,14.786,2.5276,0.4777,0.2418,14.383,-8.5181,11.057,62.975,167.62,1
19.089,16.058,2.9287,0.4985,0.3659,0.1031,14.319,-7.1731,22.732,181.27,1
38.538,12.802,2.8235,0.3423,0.1884,28.293,-15.757,7.8428,0.583,187.05,1
32.483,20.025,2.4836,0.3711,0.1921,17.517,-12.121,-12.513,24.26,132.92,1
21.451,10.312,2.3979,0.588,0.31,-3.5388,16.041,-5.2053,8.6808,134.78,1
81.583,22.079,3.1838,0.2502,0.1287,24.481,51.184,14.784,0.5805,354.89,1
93.294,24.221,3.2695,0.2032,0.1089,-2.0955,62.521,15.729,1.851,326.51,1
43.948,24.394,3.2131,0.262,0.1521,-60.887,37.331,20.218,9.4355,282.02,1
58.988,29.634,2.7255,0.2653,0.1515,-54.984,-52.583,-13.141,12.322,215.72,1
77.473,21.004,3.2168,0.2082,0.1168,-75.984,43.627,-9.7957,4.233,253.61,1
36.939,18.227,3.0943,0.3477,0.1767,13.799,27.527,13.671,7.1492,197.2,1
13.257,10.384,2.1717,0.7946,0.4747,13.448,5.9458,11.192,15.671,238.57,1
26.05,14.47,2.5849,0.3953,0.212,28.646,19,-9.2827,16.211,139.81,1
18.773,14.573,2.3617,0.6826,0.3457,24.336,-12.596,-10.866,41.319,177.51,1
40.628,19.368,2.6064,0.4257,0.2314,-2.9768,-25.6,16.691,20.656,150.15,1
23.737,11.551,2.4448,0.5925,0.4111,24.151,16.287,10.246,30.194,181.69,1
54.929,14.878,3.0292,0.2609,0.1407,61.866,41.185,7.0632,8.831,216.12,1
86.917,12.227,2.9408,0.3152,0.2115,-127.37,59.957,9.1471,1.0866,234.33,1
41.385,24.932,3.2232,0.198,0.0996,-2.4835,14.797,-17.275,2.562,103.86,1
43.734,18.606,3.1263,0.2684,0.1372,-7.5902,32.655,12.851,5.3918,228.84,1
27.928,15.488,2.5205,0.4133,0.2247,28.892,21.038,-5.5457,12.21,212.9,1
22.385,12.668,2.2695,0.5914,0.3038,-17.401,-7.0134,-9.3782,12.169,139.72,1
65.498,18.23,3.2549,0.2652,0.1348,49.9,77.785,5.7091,4.4339,229.09,1
28.842,15.601,2.6857,0.3979,0.2031,-13.818,13.121,13.044,25.199,62.981,1
75.732,23.278,2.9474,0.2585,0.1337,53.287,66.715,21.145,4.6616,219.96,1
24.364,9.1402,2.29,0.641,0.4487,-25.079,-13.08,7.9173,10.803,54.615,1
42.922,7.9326,2.2989,0.5578,0.2789,51.315,20.1,1.9651,7.817,231.2,1
41.849,17.632,2.6946,0.3232,0.1646,14.559,26.764,-13.424,5.055,288.89,1
38.844,14.021,2.7882,0.3681,0.2174,-12.255,-24.912,9.4878,4.582,197.56,1
26.403,11.932,2.5011,0.5205,0.2823,-17.21,10.524,-8.5969,35.821,61.341,1
23.171,14.381,2.4133,0.4788,0.307,9.572,11.403,13.619,34.094,115.58,1
43.078,22.982,3.083,0.2107,0.107,9.2348,31.185,5.6906,23.884,120.32,1
41.644,22.594,3.0107,0.2888,0.1576,19.965,44.464,18.484,16.037,125.6,1
23.233,9.5039,2.3118,0.6195,0.3585,28.063,-9.7974,8.1713,26.733,132.14,1
63.891,24.804,3.2921,0.1618,0.0875,-97.037,43.517,-10.651,4.63,233.58,1
111.66,31.286,3.0674,0.2457,0.128,-95.25,-83.503,-12.075,3.348,336.62,1
31.007,22.015,2.9511,0.2876,0.1505,-4.3861,-19.653,-14.183,20.518,233.83,1
94.605,30.508,3.7389,0.1392,0.0709,88.685,79.262,18.484,1.2109,315.24,1
22.715,10.573,2.3054,0.5594,0.3342,22.467,19.578,10.89,17.478,173.99,1
49.13,11.536,2.4487,0.4342,0.2509,9.7204,37.679,7.0998,7.8731,219.85,1
40.033,16.77,2.6201,0.2518,0.1331,36.598,29.12,8.9579,4.1,140.79,1
13.011,11.107,2.1055,0.7529,0.4275,-14.55,6.1336,10.911,69.383,194.14,1
24.119,16.988,2.3701,0.5203,0.2751,-6.9487,-20.245,14.897,30.845,205.25,1
30.834,16.912,2.6299,0.3048,0.163,-30.927,-21.588,11.571,56.523,53.599,1
20.49,7.2447,2.1123,0.7181,0.3745,-1.8345,9.1587,-5.7639,70.14,138.84,1
32.483,21.992,2.7697,0.3076,0.1895,-25.43,-15.632,-20.7,3.827,157.37,1
21.462,17.366,2.3274,0.4753,0.2376,-8.5272,17.053,10.37,1.493,149.65,1
20.539,16.977,2.5403,0.3746,0.2003,-1.5779,4.7362,-5.8939,0.0276,155.32,1
58.339,24.843,3.4371,0.1316,0.066,29.046,34.807,13.712,8.174,167.29,1
75.867,20.082,2.9738,0.2772,0.1514,-124.63,69.865,-17.387,1.861,260.74,1
22.732,12.869,2.2833,0.5677,0.2943,-14.799,-8.159,-8.357,10.606,213.58,1
22.717,0.0026,2.1446,0.7168,0.4265,0.2148,-5.189,0.0001,5.2051,286.4,1
23.83,15.336,2.638,0.4465,0.298,10.11,13.437,-15.04,5.397,220.88,1
20.648,6.9116,2.1319,0.7675,0.4391,20.907,14.322,5.8024,7.414,100.55,1
26.022,9.648,2.4935,0.504,0.2616,31.934,19.337,4.6528,44.346,133.27,1
49.273,22.22,3.276,0.1716,0.093,31.104,28.257,-12.666,10.117,214.87,1
27.111,14.777,2.5826,0.3817,0.2288,15.871,-12.372,11.651,12.459,225.28,1
67.409,22.802,3.3188,0.3283,0.2455,-26.269,39.437,18.252,6.118,334.6,1
18.49,14.409,2.5017,0.5795,0.3543,17.882,18.621,2.3384,5.515,184.57,1
55.083,20.182,3.0308,0.1956,0.102,0.4276,42.217,15.155,3.919,227.33,1
24.718,14.938,2.4541,0.4323,0.2478,10.177,15.632,7.7679,8.976,219.28,1
51.641,22.753,2.7139,0.3227,0.1652,23.522,40.372,8.5649,15.349,279.07,1
30.996,22.303,2.8591,0.2725,0.1404,34.078,17.673,-16.296,32.523,121.92,1
19.773,12.563,2.4108,0.4971,0.2777,-2.705,11.237,-10.141,43.561,99.402,1
48.106,28.477,3.1635,0.2533,0.1294,52.642,29.72,19.75,13.028,265.33,1
20.102,12.562,2.5045,0.4789,0.2613,2.3241,-10.171,-9.9981,16.42,209.19,1
27.593,12.113,2.4786,0.485,0.2807,-20.248,13.301,-8.2076,8.947,129.52,1
29.657,14.458,2.6955,0.4012,0.2026,2.5911,-13.307,-10.007,19.49,121.8,1
73.155,24.052,3.5849,0.2034,0.114,-75.815,54.52,12.031,0.3485,254.46,1
40.815,19.82,2.4676,0.3407,0.1789,57.635,7.8058,-16.11,25.505,285.7,1
138.84,32.825,3.2464,0.1713,0.1035,-122.63,95.045,-27.813,3.499,297.61,1
64.84,22.786,3.4214,0.1804,0.0904,2.588,51.706,13.616,0.109,229.04,1
22.469,14.91,2.4232,0.4642,0.2887,12.043,12.206,12.171,59.451,158.95,1
57.008,21.256,3.033,0.2215,0.1126,30.5,38.389,15.119,7.705,268.73,1
20.049,9.2926,2.4014,0.6429,0.4226,4.1464,-14.563,10.251,25.883,187.85,1
13.34,10.563,2.1917,0.791,0.4019,-14.891,-2.3901,11.9,10.796,182.91,1
49.852,11.453,2.3971,0.4529,0.2305,52.607,39.362,-8.6905,6.0457,183.5,1
29.269,14.278,2.5723,0.4016,0.2021,-21.213,-23.934,-8.2073,47.559,102.78,1
21.947,20.328,2.4864,0.4078,0.2072,12.834,10.401,14.835,40.434,137.81,1
61.217,21.099,2.8993,0.2875,0.1482,-75.296,27.464,-18.418,5.806,285.14,1
30.884,17.379,2.7792,0.4505,0.2469,33.587,27.561,6.7951,10.295,141.5,1
19.991,17.741,2.6175,0.538,0.2835,14.88,-13.76,-13.944,75.178,78.864,1
60.934,22.277,3.1011,0.1815,0.0963,-31.411,-25.577,19.351,13.807,232.74,1
56.25,25.775,3.2911,0.1488,0.077,46.779,49.816,17.672,4.177,227.32,1
95.282,32.36,3.7994,0.1168,0.0607,96.621,80.664,27.566,6.69,263.17,1
65.55,26.897,2.8309,0.2834,0.1439,-72.88,43.167,24.83,15.135,313.44,1
35.942,26.492,2.723,0.2233,0.1183,51.098,22.934,-19.487,77.117,173.22,1
42.389,10.806,2.5982,0.4035,0.2131,34.865,-18.703,11.821,5.565,171.18,1
53.652,32.805,2.8564,0.2227,0.1176,71.229,37.052,34.138,26.414,197.96,1
56.698,25.182,3.2003,0.1545,0.0823,54.617,15.345,-21.309,6.7129,185.06,1
32.524,15.705,2.7226,0.3617,0.1866,25.963,16.35,14.352,17.709,196.22,1
18.854,9.0044,2.2718,0.6791,0.484,-4.0022,13.315,10.048,37.108,181.3,1
99.475,42.696,3.8212,0.1509,0.0799,-108.03,59.082,-25.804,2.17,373.1,1
48.466,22.726,2.953,0.3476,0.2033,31.578,39.313,24.837,4.825,266.67,1
32.419,16.527,2.8132,0.3966,0.2022,11.078,32.499,-11.276,8.477,194.47,1
25.003,17.832,2.5763,0.3422,0.1737,13.204,5.304,8.6137,16.948,175.41,1
30.825,10.774,2.404,0.4852,0.2623,-40.607,-16.89,-11.765,3.2586,229.63,1
40.118,22.758,3.0058,0.2743,0.185,6.2469,-29.963,15.907,1.23,192.58,1
33.836,17.041,2.5922,0.3657,0.2161,11.987,26.538,-8.9685,23.115,178.09,1
123.62,32.922,3.3583,0.195,0.1163,-40.577,83.844,19.098,4.358,297.01,1
23.332,10.799,2.3355,0.5173,0.2841,-7.208,-17.787,-6.3086,37.407,106.04,1
43.814,23.559,2.7415,0.3064,0.1804,15.061,24.931,13.71,19.019,168.6,1
28.581,18.114,2.7131,0.3969,0.2372,10.75,17.929,14.938,13.227,89.114,1
52.351,21.73,2.8606,0.2564,0.1358,-61.937,-33.169,-14.372,5.164,265.75,1
36.15,18.165,3.0544,0.2558,0.1354,7.5951,23.913,-6.5326,10.098,187.36,1
106.82,57.955,4.2878,0.0685,0.0354,-47.745,78.968,8.1705,1.9326,292.89,1
37.485,15.961,2.7408,0.347,0.2062,30.48,23.529,-14.058,36.307,198.11,1
81.031,37.145,2.9312,0.2578,0.147,67.35,75.777,-32.242,28.508,180.94,1
50.347,12.072,2.8899,0.3814,0.2313,-74.48,31.486,-5.7697,3.915,266.53,1
92.899,49.052,3.7862,0.1824,0.0948,39.073,-56.921,-14.829,3.3724,379.67,1
23.945,12.522,2.3473,0.5663,0.3798,-10.337,-15.031,-12.568,7.211,126.85,1
70.118,26.765,2.8525,0.361,0.2128,-78.962,34.917,14.198,1.4663,262.12,1
37.008,16.905,2.8287,0.3071,0.1758,33.205,24.329,10.508,3.6622,200.64,1
37.53,21.148,3.1765,0.2231,0.1156,20.989,22.396,-6.9219,30.76,189.63,1
15.619,11.909,2.2856,0.6373,0.3601,-1.0993,3.5316,6.3487,50.637,40.038,1
90.704,32.649,3.5602,0.1729,0.0896,71.139,75.294,-9.8135,1.5563,345.29,1
46.276,16.199,3.0133,0.2532,0.1285,-29.759,-23.165,-11.66,1.4241,209.89,1
20.295,7.2298,2.1156,0.7433,0.3793,-3.1951,10.833,5.5408,33.338,188.92,1
43.375,20.563,2.6762,0.2592,0.1338,65.191,21.485,-15.613,17.999,169.1,1
35.626,16.418,2.5866,0.4637,0.25,28.033,35.364,13.218,3.3842,261.62,1
68.971,12.838,2.7616,0.3602,0.1931,58.864,56.026,-3.9537,8.5297,266.92,1
24.787,22.233,2.8319,0.2946,0.1583,-14.386,20.559,10.999,39.259,186.73,1
57.327,23.293,3.1774,0.1469,0.0734,58.858,37.481,-7.1838,5.926,179.8,1
25.296,9.4956,2.4401,0.5154,0.2813,5.6749,17.828,7.2557,18.192,181.4,1
59.036,30.424,2.943,0.3615,0.2047,-55.769,-20.83,6.5899,12.026,306.02,1
50.389,18.149,2.642,0.3056,0.1676,0.7236,-19.064,4.0448,4.4298,131.81,1
41.703,11.953,2.6201,0.3957,0.2242,49.39,28.608,-11.004,0.598,169.31,1
61.373,30.415,3.3017,0.1997,0.1026,36.318,47.065,29.193,2.271,246.47,1
26.737,17.485,2.6498,0.3225,0.1781,14.175,-13.346,-3.1469,10.206,171.73,1
49.88,25.061,3.2717,0.1781,0.0944,-16.649,34.217,-12.182,39.836,86.056,1
18.536,10.467,2.1903,0.5419,0.2742,-0.7056,6.185,4.5066,0.244,129.24,1
55.646,19.995,2.9423,0.2616,0.1468,-68.174,44.148,-17.81,15.151,274.29,1
88.992,32.736,3.683,0.1357,0.0733,-52.916,85.581,-11.73,5.627,309.75,1
24.446,18.334,2.5569,0.3551,0.2011,12.88,20.131,13.638,11.211,133.32,1
21.116,7.0711,2.1508,0.6996,0.364,-24.429,-9.8554,-6.2284,49.707,167.44,1
40.107,27.66,2.8479,0.2172,0.11,0.0957,-7.964,14.338,11.792,129.98,1
47.102,17.81,2.9151,0.2809,0.1745,-22.262,-20.671,8.6163,10.493,223.7,1
17.441,10.352,2.3674,0.6352,0.4099,-0.0001,-0.3427,7.7081,35.906,160.38,1
25.716,18.764,2.5065,0.4019,0.2165,28.874,22.534,-11.642,34.405,189.15,1
72.769,31.443,3.861,0.1621,0.0812,11.366,60.441,-18.966,0.7859,249.51,1
64.312,23.422,3.2968,0.2408,0.128,-47.71,56.553,14.795,1.42,293.53,1
26.583,22.026,2.683,0.2988,0.1525,-24.741,2.6927,21.47,31.498,92.534,1
47.352,11.247,2.7054,0.4138,0.2414,58.7,25.933,-7.3072,6.594,224.92,1
67.582,17.461,2.8274,0.317,0.1659,17.164,82.491,-13.02,5.3213,155.29,1
99.787,40.143,4.1202,0.0916,0.0461,102.66,88.835,-6.6098,0.2545,299.37,1
26.067,25.758,2.5988,0.3627,0.1902,-25.266,18.211,18.302,20.441,80.691,1
21.467,10.869,2.2945,0.5635,0.3122,-21.492,-19.228,-10.596,30.844,186.61,1
37.807,23.842,3.3945,0.2048,0.1026,17.279,14.512,7.4598,10.69,195.72,1
48.628,12.739,2.7486,0.3854,0.2007,-79.25,35.948,5.796,2.809,251.22,1
20.641,12.788,2.4464,0.5689,0.3524,11.543,17.654,-5.5073,40.007,125.1,1
42.094,16.504,2.692,0.3882,0.2144,-24.951,-24.776,-13.457,1.8847,162.44,1
71.644,29.13,3.4371,0.1462,0.0769,15.322,48.587,16.315,4.1632,231.97,1
56.191,24.79,3.4318,0.1883,0.0994,11.194,32.699,11.462,1.621,218.27,1
97.733,34.38,3.2945,0.2548,0.1546,30.879,-48.722,22.798,0.908,391.91,1
19.827,17.066,2.3385,0.4174,0.2225,-0.4675,5.2229,-5.2469,24.638,228.76,1
20.47,19.97,2.3086,0.457,0.2482,15.424,19.576,15.82,63.44,211.32,1
20.484,6.8753,2.1414,0.7798,0.4513,20.307,14.735,5.6379,6.661,179.3,1
30.36,11.43,2.3766,0.3782,0.1912,-49.363,22.154,8.5167,16.73,238.83,1
12.851,11.441,2.1569,0.7317,0.4007,-15.137,7.4683,-10.826,14.61,196.17,1
24.14,16.654,2.433,0.4502,0.2528,10.65,21.627,6.4762,39.092,164.47,1
29.041,18.244,2.6632,0.3518,0.177,-24.125,-17.201,13.48,2.6291,163.38,1
23.473,12.29,2.5775,0.5317,0.3214,5.5701,19.632,-10.415,1.8023,172.03,1
59.26,29.038,3.5391,0.135,0.0776,50.504,36.994,20.262,3.5017,260.42,1
27.002,18.629,2.7105,0.3603,0.1899,-4.236,13.426,-15.838,80.473,65.16,1
28.704,17.081,2.7352,0.4029,0.2272,-36.595,-13.776,6.8482,49.667,209.13,1
32.328,17.035,2.6091,0.2878,0.1611,-21.975,-13.238,-7.8515,3.8476,81.843,1
26.373,19.166,2.8567,0.3644,0.2246,14.496,14.5,-15.148,9.37,170.19,1
61.82,15.305,2.636,0.2705,0.1376,-108.23,58.278,8.5924,1.092,186.81,1
33.215,30.518,3.4962,0.2408,0.1287,20.513,7.565,-22.582,53.421,62.528,1
56.286,21.764,2.9266,0.1918,0.0965,-39.119,-47.292,9.3901,20.519,159.02,1
36.791,19.793,2.8748,0.2842,0.1541,10.131,34.438,-18.14,8.0884,254.08,1
114.48,10.539,2.567,0.4797,0.2561,95.305,92.156,-7.7853,1.1708,244.6,1
47.581,17.26,2.7412,0.3013,0.1733,-53.718,-36.82,-15.471,0.2816,220.42,1
30.336,14.191,2.4814,0.4521,0.2426,-1.412,24.217,-10.089,27.34,207.87,1
45.656,30.59,3.2602,0.1703,0.0931,25.796,23.777,17.949,15.75,162.04,1
36.939,19.833,3.0451,0.292,0.1537,-19.253,28.9,10.536,3.0159,256.06,1
41.519,20.176,3.1302,0.2408,0.1278,-1.9044,-23.638,8.2813,6.997,204.72,1
22.479,16.812,2.4472,0.4464,0.2268,9.5053,-9.3164,10.787,30.845,269.02,1
45.806,19.518,3.0869,0.2833,0.165,-7.4746,34.423,13.255,6.8749,149.3,1
25.381,15.894,2.7616,0.4329,0.2519,16.971,-8.6944,8.6056,37.555,68.2,1
61.502,34.661,3.3567,0.1377,0.075,32.327,45.212,-12.708,5.245,199.55,1
97.497,28.834,3.5947,0.1958,0.1158,-3.218,58.774,-3.0847,0.6868,337.14,1
25.23,0.0053,2.1414,0.7148,0.4007,-27.401,-13.824,-0.0001,51.816,198.32,1
29.653,21.409,2.7164,0.2671,0.1431,-5.9322,16.104,-14.286,46.068,144.82,1
89.22,30.92,3.6657,0.1943,0.1156,-45.968,60.583,-9.4736,3.667,337.88,1
28.354,25.587,2.7668,0.3234,0.1754,29.331,17.571,18.667,33.509,170.35,1
110.13,12.264,2.608,0.4266,0.2602,-41.559,-124.03,2.8329,64.95,148.5,1
28.021,18.993,2.8021,0.3375,0.1711,-15.141,-14.951,-8.975,27.304,89.722,1
57.622,32.883,3.3346,0.1842,0.096,4.6552,51.444,-20.925,2.673,187.2,1
34.212,22.032,2.638,0.3383,0.1899,31.772,32.857,11.439,7.337,61.51,1
27.875,9.6675,2.3589,0.547,0.361,5.8722,21.343,4.5282,44.043,110.7,1
21.565,15.476,2.4594,0.4167,0.2135,28.411,-7.4089,8.2183,3.896,209.44,1
28.115,17.317,2.6439,0.3246,0.1873,-2.1751,8.3358,10.896,10.742,156.39,1
41.204,14.149,2.8811,0.3379,0.1953,-12.991,33.551,7.0878,3.3282,203.34,1
48.4,19.203,3.1793,0.1946,0.1122,22.804,23.835,10.169,8.0926,189.24,1
92.227,26.453,2.9077,0.1719,0.0872,-120.69,80.87,-11.394,5.0667,220.88,1
73.714,29.263,3.1534,0.1995,0.1149,-82.436,52.682,-28.29,12.229,244.39,1
27.345,9.3991,2.4735,0.484,0.2437,12.478,18.703,-3.8469,6.736,166.04,1
24.381,11.066,2.3149,0.5133,0.2784,-11.077,-20.785,4.0683,33.435,47.4,1
43.516,19.011,3.0803,0.2685,0.1475,5.357,-12.453,-6.1321,9.4008,230.39,1
29.449,12.727,2.6637,0.3536,0.1876,-19.407,-18.13,7.1258,8.1501,252.15,1
26.433,20.419,2.7097,0.3259,0.2,9.6858,18.05,15.691,12.833,140.75,1
50.832,24.666,2.8707,0.2397,0.1286,-18.417,-35.66,-9.656,0.817,226.64,1
16.024,11.451,2.4472,0.625,0.3946,2.4509,-4.8154,7.9019,19.479,114.04,1
12.576,11.861,2.2934,0.6921,0.374,16.217,-9.9861,7.2229,36.511,90.955,1
69.446,28.498,3.3528,0.2761,0.1653,-20.06,43.124,-6.8479,0.2501,321.12,1
25.779,14.085,2.5838,0.3911,0.1995,-9.8096,-9.3165,-7.7357,6.947,120.58,1
15.407,11.971,2.4314,0.6444,0.3648,-1.9396,3.5627,6.5407,68.753,63.569,1
33.831,15.237,2.8099,0.3145,0.1758,27.332,-9.3742,-7.1819,12.041,174.49,1
13.261,10.559,2.2589,0.7879,0.449,-13.998,-4.6137,-11.497,61.03,216.37,1
25.607,12.879,2.5296,0.4313,0.2467,0.2927,9.9503,8.0393,5.452,165.31,1
25.803,11.866,2.4533,0.3979,0.213,-35.719,-13.333,3.955,7.346,131.93,1
25.506,19.368,2.747,0.3241,0.1656,-28.17,-15.766,11.669,0.864,108.97,1
16.215,11.604,2.3118,0.6,0.3195,2.8361,-6.8129,-4.9052,75.817,122.8,1
33.341,18.309,2.9566,0.2541,0.1298,51.189,17.404,-11.194,8.787,171.61,1
52.226,23.374,3.2333,0.1905,0.0956,46.358,38.163,7.9243,0.795,226.36,1
82.257,26.42,2.9626,0.1755,0.0888,-175.13,58.457,-14.041,18.458,158.45,1
66.462,18.045,2.7177,0.3123,0.1676,-49.861,28.85,-12.109,20.661,152.64,1
21.962,12.619,2.4099,0.6187,0.3132,14.745,5.6346,-9.9394,70.525,44.571,1
90.939,33.775,3.6251,0.1992,0.1099,-73.914,68.452,-15.518,1.479,347.01,1
40.6,17.655,2.7969,0.2793,0.1636,-10.159,14.491,15.249,13.315,181.03,1
85.792,25.759,3.3679,0.2953,0.1717,13.432,19.69,-14.249,0.2999,353.68,1
50.429,16.733,3.0506,0.3035,0.1749,29.126,41.801,-8.1781,6.1251,160.04,1
20.46,10.355,2.2601,0.5934,0.3544,-5.3638,16.438,-9.0481,54.01,219.18,1
71.929,34.352,3.8532,0.1125,0.0594,18.171,51.962,25.324,0.975,173.38,1
20.986,15.718,2.5611,0.4093,0.2184,25.584,11.078,-6.4609,53.01,111.76,1
40.152,21.082,2.7785,0.3264,0.2073,18.066,42.457,14.608,27.985,169.52,1
47.786,23.686,3.4455,0.195,0.1016,23.898,29.859,13.642,3.2554,191.22,1
17.203,11.222,2.4579,0.561,0.2979,0.6612,-5.1201,4.3175,89.704,194.48,1
43.302,17.231,2.8182,0.4088,0.215,-51.942,14.869,-16.252,30.148,192.6,1
88.002,41.535,3.5597,0.1177,0.0602,83.685,85.667,-26.549,26.84,179.9,1
27.063,9.7774,2.3294,0.4403,0.2272,-12.875,16.597,-5.5194,31.108,158.65,1
41.466,33.603,3.3477,0.1724,0.1008,20.965,29.524,12.853,13.092,149.93,1
84.382,24.128,3.4958,0.1718,0.0921,93.823,63.157,13.962,0.709,252.59,1
54.123,22.662,3.0609,0.286,0.1795,29.768,56.071,4.6174,6.339,211.16,1
27.801,16.284,2.5472,0.383,0.2028,17.752,22.667,10.483,23.006,241.94,1
30.123,16.093,2.5746,0.4394,0.265,-17.245,15.249,11.136,11.519,221.52,1
121.85,42.874,3.9052,0.0995,0.0501,-59.918,63.368,-25.519,3.2636,267.64,1
24.324,16.976,2.6684,0.397,0.2436,3.0799,21.896,8.8449,53.316,120.41,1
23.238,13.41,2.6449,0.4757,0.3024,-3.1961,-15.622,6.1321,11.409,126.75,1
20.152,14.678,2.5575,0.4709,0.2673,-1.1209,8.5014,-3.4111,14.451,253.66,1
20.517,12.946,2.4616,0.5043,0.2539,17.019,4.8579,-4.1418,53.922,118.72,1
12.754,11.619,2.2999,0.7218,0.3784,15.338,-6.9668,11.27,80.064,47.017,1
73.791,27.019,3.3443,0.1987,0.1102,50.629,75.164,18.217,10.56,212.03,1
67.668,19.254,3.0214,0.2875,0.1556,-105.94,59.382,9.5786,2.3677,234.18,1
12.966,10.93,2.1383,0.7345,0.4691,13.794,-6.4632,-0.4358,12.951,200.77,1
28.502,20.234,2.8531,0.4137,0.2181,26.623,20.056,4.5108,43.752,138.9,1
38.685,13.754,2.4526,0.3704,0.2063,15.494,29.176,9.6608,6.8087,222.35,1
87.484,25.513,3.5567,0.1834,0.0939,59.142,97.704,-2.8502,2.72,149.03,1
12.971,11.16,2.0952,0.747,0.4297,-14.573,6.7776,10.458,71.955,194.36,1
61.349,21.763,3.0941,0.2311,0.1461,38.753,47.068,10.799,8.993,221.28,1
60.807,28.789,2.9823,0.1771,0.0943,16.712,52.382,19.667,1.9667,286.61,1
48.875,19.447,3.0643,0.2458,0.1376,35.777,43.673,-9.921,15.575,175.17,1
17.265,10.772,2.2695,0.6398,0.3629,-3.1312,7.9802,7.2753,24.651,171.79,1
13.107,10.898,2.3608,0.7669,0.4379,-14.274,4.4178,11.18,13.038,166.74,1
22.558,17.144,2.5804,0.3679,0.1879,7.9509,-5.9434,-14.632,9.3268,184.7,1
25.077,19.714,2.6632,0.4061,0.2313,0.2771,17.826,12.472,65.226,5.7456,1
56.397,22.596,3.18,0.2028,0.1034,7.717,17.705,-16.682,12.267,192.57,1
20.198,17.815,2.3222,0.6,0.3357,-26.578,13.782,16.328,14.931,212.86,1
19.863,12.381,2.3253,0.5106,0.2861,-3.1856,11.431,-10.583,62.678,96.431,1
18.958,11.932,2.3483,0.6278,0.3834,10.158,19.486,-2.0165,38.2,242.91,1
123.47,25.128,3.2926,0.1575,0.0808,-145.14,48.513,-20.964,54.69,253.16,1
73.336,23.613,2.9516,0.2918,0.1504,-37.782,14.538,-21.14,2.9936,303.78,1
50.888,21.084,2.9848,0.2113,0.1217,10.505,34.081,7.1404,1.6086,197.14,1
18.178,10.275,2.2878,0.6289,0.3582,21.043,11.857,-5.0453,7.916,100.25,1
37.503,11.313,2.6459,0.3661,0.1887,-51.66,17.728,-8.4649,18.005,98.053,1
36.688,13.58,2.7478,0.4164,0.2207,34.238,32.02,7.2013,9.283,162.3,1
55.338,28.052,3.3091,0.1845,0.0925,-39.463,40.273,18.041,9.834,283.37,1
50.639,19.942,2.7896,0.2435,0.1339,25.723,35.521,11.625,14.56,118.97,1
70.382,23.488,3.3391,0.1425,0.0726,87.519,54.971,9.9238,5.247,238.1,1
19.818,7.3691,2.1569,0.7387,0.4146,1.892,-8.4532,5.0759,17.869,249.92,1
21.825,19.65,2.5391,0.4624,0.2818,15.899,15.892,-18.517,33.902,125.96,1
65.647,23.273,3.1002,0.3208,0.2076,-10.51,38.471,14.207,4.6995,318.29,1
26.914,12.431,2.42,0.4525,0.2567,-3.6602,16.696,9.6155,10.463,165.58,1
18.241,10.55,2.2201,0.5783,0.2922,-23.8,-8.9074,5.0306,18.975,193.93,1
85.963,28.641,3.4029,0.2939,0.1525,-55.172,37.37,-17.069,5.703,331.64,1
23.526,19.347,2.643,0.3595,0.2332,18.794,13.624,-4.6144,52.206,70.967,1
36.093,9.6575,2.3927,0.4575,0.2611,21.589,26.663,7.4073,15.566,273.52,1
65.62,30.689,3.2445,0.1777,0.0988,32.215,67.6,25.94,2.733,140.51,1
19.944,12.834,2.3454,0.4605,0.2325,-1.4502,8.3106,8.3677,30.511,200.7,1
30.555,19.55,2.8615,0.315,0.1685,-1.3892,-26.682,-10.767,5.5986,184.12,1
29.035,20.074,2.7763,0.3397,0.2167,-0.2629,13.597,-14.803,54.004,111.16,1
28.208,12.125,2.4099,0.4163,0.2082,6.3914,-19.143,-10.797,64.547,78.803,1
36.315,16.851,2.9538,0.3059,0.1796,20.657,27.317,-12.245,3.9115,151.59,1
77.547,22.82,2.9077,0.3228,0.175,67.297,50.848,8.7041,0.641,277.31,1
85.895,24.39,3.795,0.1829,0.0987,80.43,95.986,7.5722,4.147,268.03,1
25.687,15.595,2.499,0.4089,0.233,5.4913,19.707,8.7698,1.5757,164,1
39.255,23.499,3.0755,0.1992,0.1013,-18.867,-23.184,-9.7169,5.892,175.15,1
35.157,16.147,2.5944,0.3715,0.2048,-16.172,-29.507,11.47,1.2733,163.8,1
23.907,12.395,2.2923,0.6071,0.375,-25.769,-13.924,-4.2336,3.145,111.87,1
76.624,34.09,3.5389,0.1585,0.0794,-78.624,65.117,12.735,4.172,252.44,1
35.94,12.067,2.5139,0.3982,0.2067,-6.13,19.326,-7.2416,7.6707,150.53,1
20.29,16.057,2.8546,0.464,0.2509,1.4769,-6.0144,5.3061,0.159,181.47,1
67.374,23.208,2.7878,0.4189,0.2274,-66.245,-50.881,13.318,2.135,294.98,1
47.327,23.134,2.9248,0.22,0.1266,59.966,-8.1362,10.403,2.982,210.25,1
101.94,25.29,3.1725,0.1869,0.0998,1.2432,71.192,13.105,9.836,264.24,1
46.502,36.725,3.0881,0.2792,0.1408,7.1853,56.931,-10.525,19.163,29.668,1
79.726,29.301,3.6658,0.1524,0.0776,75.511,81.797,18.168,2.4487,183.29,1
68.413,22.306,3.2439,0.2178,0.1138,-126.19,51.67,-18.726,1.1476,235.37,1
13.256,10.645,2.1508,0.7845,0.4346,14.281,3.7382,-11.645,71.43,138.52,1
21.033,10.754,2.1875,0.5844,0.3019,-5.7763,17.499,7.4097,54.931,132.16,1
78.211,25.66,3.361,0.2265,0.1278,39.844,96.808,-14.138,7.052,148.37,1
24.495,9.0016,2.3927,0.6194,0.3583,29.698,-11.466,10.27,5.0927,119.49,1
90.829,33.843,3.6755,0.19,0.0955,-29.466,63.608,-11.068,1.6314,331.72,1
48.163,19.974,2.617,0.3116,0.163,-29.333,-47.599,-5.3118,71.375,204.7,1
70.632,18.698,3.2834,0.2244,0.1278,7.1681,70.127,-14.266,6.3952,241.69,1
34.836,16.801,2.4048,0.437,0.2343,-42.955,-11.447,8.8014,16.376,176.54,1
19.2,7.3929,2.1538,0.7719,0.4456,3.0012,-8.9284,4.0034,70.736,196.05,1
56.424,21.152,3.2241,0.154,0.0791,-2.6182,-10.199,9.4643,1.4636,184.47,1
18.194,15.109,2.5347,0.619,0.3109,23.937,-8.6348,13.983,59.127,31.814,1
32.871,18.778,2.7604,0.3455,0.1953,34.934,26.587,-9.0089,23.761,166.98,1
61.72,29.99,3.3175,0.1925,0.1018,-69.241,36.325,-16.266,1.32,291.99,1
31.44,13.684,2.7892,0.4078,0.2413,-11.945,21.951,-6.5675,3.8253,184.48,1
20.012,7.3633,2.0588,0.7162,0.4061,-0.7875,6.4702,5.3292,44.067,34.809,1
77.543,21.715,3.3981,0.2803,0.1597,-46.965,71.793,11.661,0.075,283.19,1
15.718,11.847,2.2742,0.633,0.3644,-0.9802,3.5205,6.6075,16.332,161.06,1
66.069,20.353,2.9643,0.2823,0.1493,-50.672,-43.578,-12.336,5.369,281,1
25.79,16.089,2.317,0.4627,0.2578,-13.792,13.643,-15.165,22.684,101.92,1
41.804,20.952,2.7348,0.2468,0.128,72.225,-22.347,17.602,22.326,122.32,1
28.836,11.212,2.4786,0.4552,0.2309,-23.781,-16.259,-8.6529,7.4925,159.25,1
37.777,25.376,3.3648,0.2236,0.1207,29.816,-15.967,-12.112,0.8021,196.85,1
19.638,7.3288,2.1538,0.7649,0.4175,3.394,-10.092,-4.7269,80.269,129.53,1
45.019,17.285,2.8848,0.3325,0.1714,4.0297,45.847,7.1707,8.59,141.56,1
64.542,29.745,3.3389,0.1467,0.0758,75.762,42.599,17.7,1.967,241.64,1
25.841,18.463,2.5927,0.4138,0.2465,10.002,19.586,-13.58,26.109,63.177,1
21.549,6.8176,2.0774,0.7113,0.4142,22.861,12.921,6.4543,23.932,108.52,1
24.925,10.283,2.4401,0.4791,0.245,14.68,-17.159,5.6988,12.174,119.47,1
47.234,19.855,3.2439,0.2144,0.12,17.007,-33.264,-13.45,3.5641,213.79,1
37.197,26.672,3.2235,0.2062,0.1121,29.616,18.706,13.632,10.364,138.16,1
86.291,26.193,3.6349,0.1833,0.0928,-64.51,82.979,19.505,1.581,296.75,1
23.22,0.0038,2.1287,0.7807,0.4201,-23.977,-16.558,-0.0001,74.328,188.89,1
19.854,16.559,2.4298,0.4758,0.2546,2.6021,-11.268,-10.932,41.838,211.93,1
18.798,15.732,2.4241,0.5198,0.2731,-12.712,-17.694,-12.031,38.102,57.364,1
34.251,6.7906,2.3589,0.5821,0.3654,21.37,21.69,5.6587,43.554,134.49,1
12.787,11.576,2.0473,0.7265,0.3722,-15.162,5.3573,-11.571,72.426,126.47,1
58.679,26.015,3.2076,0.2709,0.141,33.431,51.106,6.8846,14.967,269.61,1
61.739,26.16,3.1075,0.2217,0.1151,62.324,54.742,-18.71,5.861,290.02,1
19.977,9.2051,2.4099,0.6809,0.43,0.5164,-12.105,-7.1817,3.2309,137.58,1
13.214,10.437,2.1629,0.7904,0.4777,-13.39,-5.6901,11.001,58.386,187.15,1
16.791,11.428,2.3032,0.5821,0.3109,0.4105,-4.0309,4.6424,15.772,162.46,1
84.589,31.291,3.8822,0.1407,0.0764,-105.72,70.434,16.367,3.6433,293.89,1
26.813,19.872,2.4976,0.3752,0.1924,31.051,24.463,17.126,33.519,117.73,1
94.759,34.308,3.3961,0.1189,0.0609,-98.406,57.779,-11.886,6.005,243.48,1
17.213,11.164,2.3927,0.5587,0.3138,-1.3684,6.4231,5.4112,36.089,127.75,1
24.077,16.219,2.6449,0.4077,0.2163,5.8016,17.794,-9.4849,32.398,167.26,1
94.192,34.263,3.0932,0.1614,0.0875,74.795,70.442,-26.144,9.5567,284.92,1
41.258,21.858,2.9923,0.2209,0.1155,-7.1115,-22.977,-13.063,2.555,233.09,1
20.726,12.888,2.3865,0.4723,0.2567,-16.784,-9.4132,-5.5527,14.549,190.54,1
32.631,13.412,2.4082,0.3984,0.2051,24.899,14.767,-11.698,14.868,224.41,1
33.699,15.627,2.736,0.3214,0.1625,11.639,20.172,15.94,3.9292,236.63,1
22.524,9.5856,2.3541,0.6239,0.3296,-28.654,11.638,-7.5322,22.92,199.42,1
37.358,30.057,3.0713,0.1986,0.1065,-15.198,-29.084,-20.513,86.571,51.733,1
12.95,9.9431,2.2028,0.7962,0.5549,11.55,8.112,-8.174,54.768,188.21,1
28.869,11.536,2.4322,0.4732,0.2495,-37.302,-10.104,8.7948,26.025,165.53,1
20.324,11.336,2.2878,0.6134,0.3479,-13.446,-18.921,2.2947,41.763,40.91,1
53.608,24.715,3.4549,0.168,0.0865,13.216,48.029,-12.279,1.853,179.5,1
66.889,16.456,2.372,0.5223,0.3121,58.337,56.2,-15.822,11.395,191.26,1
105.26,41.355,3.6546,0.1805,0.0909,-33.994,78.131,19.672,5.8936,328.71,1
22.364,10.399,2.1399,0.5362,0.2717,-3.5835,16.646,-8.5049,5.6931,163.93,1
53.862,20.804,3.1123,0.2811,0.1463,40.131,53.498,9.8433,16.64,224.62,1
60.042,15.908,2.8392,0.2578,0.1412,-102,37.162,-7.5732,2.7873,259.73,1
31.97,12.897,2.7275,0.3446,0.1845,-23.593,20.342,-7.6615,44.373,131.32,1
45.887,22.874,3.0925,0.2667,0.1337,-62.727,25.293,13.451,4.521,279.28,1
25.165,12.825,2.5315,0.4588,0.2779,-22.067,-13.283,8.1814,2.0137,127.8,1
23.263,15.599,2.5514,0.4888,0.302,-7.8166,-18.29,-14.632,4.1919,199.53,1
90.176,13.963,2.6021,0.5025,0.2988,-106.49,-54.229,11.12,1.523,410.94,1
56.948,18.655,2.8791,0.3461,0.1856,59.126,45.67,12.828,1.819,240.92,1
20.194,7.3055,2.1508,0.7279,0.3922,1.9021,-8.9312,5.4875,45.009,115.81,1
19.439,17.109,2.4541,0.6151,0.3146,23.467,13.263,-19.198,58.159,125.41,1
12.867,11.32,2.1414,0.722,0.4296,-14.802,8.3638,6.7735,42.694,214.91,1
27.925,7.5792,2.2148,0.5793,0.3323,10.163,-5.3507,-3.2343,31.265,165.98,1
24.672,20.205,2.4548,0.4456,0.2333,5.5508,15.904,18.081,52.307,139.86,1
27.651,20.028,2.8222,0.2696,0.1348,13.991,12.471,-9.64,23.851,71.687,1
12.976,10.352,2.3865,0.7639,0.5236,12.376,5.9192,4.0378,0.764,168.26,1
18.488,17.472,2.3191,0.4556,0.247,-11.272,-17.982,-11.006,53.498,113.38,1
44.773,24.811,2.9948,0.2298,0.1169,4.5047,39.238,19.162,5.092,192.52,1
20.608,11.518,2.2455,0.5852,0.3153,10.969,19.544,8.5657,27.234,131.88,1
67.793,22.193,3.0607,0.2165,0.1239,30.652,64.262,17.905,6.105,276.75,1
24.095,10.013,2.2989,0.603,0.3141,25.444,17.962,-10.698,0.788,192.4,1
82.258,24.882,3.321,0.159,0.0833,38.636,89.818,-15.409,10.429,270.6,1
35.953,27.076,2.9373,0.2819,0.1519,31.146,30.836,29.454,31.227,183.57,1
23.872,11.822,2.3444,0.6697,0.3552,28.033,-8.6348,-8.9284,9.027,159.38,1
16.743,10.978,2.2967,0.6515,0.3763,3.8052,-7.5574,-7.7123,20.204,144.86,1
22.739,12.969,2.6064,0.5446,0.2735,-5.0726,-16.233,6.2894,58.685,76.876,1
85.637,28.89,3.4044,0.199,0.1141,-35.825,35.499,21.963,1.2469,325.38,1
25.3,20.714,2.9004,0.3308,0.1717,23.777,18.977,-16.183,3.762,141.22,1
94.722,38.486,4.1226,0.0802,0.0404,25.801,78.447,17.583,1.676,252.04,1
43.67,20.828,2.9167,0.2617,0.1423,20.932,43.522,11.434,6.903,231.24,1
37.278,22.613,2.847,0.2432,0.1458,17.574,8.2563,14.914,8.195,95.065,1
69.889,18.814,3.3709,0.1933,0.1147,-3.1744,-54.304,10.312,0.225,234.94,1
37.186,20.729,2.7745,0.3227,0.2025,-25.403,-28.816,-15.47,5.3784,171.72,1
76.61,36.416,4.0844,0.1027,0.0525,53.617,67.89,15.314,1.3794,217.53,1
63.704,22.141,2.9757,0.3099,0.1549,57.663,42.703,-9.255,4.6486,239.09,1
24.02,11.294,2.451,0.5416,0.285,-11.049,-21.145,4.5174,6.311,228.22,1
55.24,25.433,3.2,0.2265,0.1227,-57.106,40.797,20.737,8.2751,270.9,1
68.909,26.554,3.3161,0.1657,0.0867,56.976,57.051,11.851,0.7358,266.31,1
34.705,17.871,2.7118,0.3068,0.168,18.884,24.481,16.762,16.679,135.97,1
161.28,18.572,2.9159,0.233,0.122,107.86,162.46,14.619,5.6891,225.22,1
44.889,16.18,2.5815,0.3958,0.2163,40.63,-13.851,-4.9309,15.154,196.3,1
42.647,22.771,3.0338,0.2044,0.1115,48.208,19.207,-15.197,10.614,182.33,1
22.623,14.025,2.7037,0.4273,0.274,-4.5947,-14.233,4.1224,3.197,183.01,1
27.292,17.86,2.4571,0.349,0.1763,24.583,25.589,11.701,17.504,202.69,1
21.43,16.798,2.5397,0.4214,0.2121,12.593,-10.742,11.901,12.405,251.59,1
52.078,40.83,3.4468,0.1258,0.0634,19.796,38.932,18.294,5.802,140.33,1
65.449,27.397,3.3339,0.1873,0.1092,63.257,48.282,-12.001,2.304,245.65,1
20.906,12.715,2.4541,0.4288,0.2162,-16.927,-6.9811,-8.9833,42.35,194.22,1
21.966,15.301,2.5459,0.5491,0.3457,20.523,21.219,3.4783,7.388,187.29,1
61.133,19.696,3.2777,0.22,0.1153,24.49,67.037,10.034,6.887,233.93,1
12.87,11.438,2.1156,0.7356,0.387,-15.115,6.0869,11.487,83.182,123.04,1
98.025,22.332,3.5637,0.1797,0.0916,36.966,95.751,7.1044,1.447,270.99,1
36.644,20.905,3.2578,0.2441,0.1301,28.79,26.922,-13.98,4.5447,133.01,1
18.782,10.265,2.1987,0.5506,0.3133,-23.514,-9.8662,-2.1102,61.877,170.28,1
25.996,17.101,2.6702,0.3825,0.2126,4.6758,16.98,10.872,85.234,46.996,1
62.179,15.714,3.1726,0.2426,0.1327,-111.25,42.806,-6.6647,2.553,230.02,1
38.229,16.592,2.5308,0.3711,0.19,-56.584,20.327,-10.059,3.7101,101.98,1
30.79,20.88,2.7304,0.294,0.1516,0.2203,-17.267,-4.4696,27.942,64.009,1
47.667,18.227,2.5999,0.3769,0.2173,46.932,41.307,-10.178,9.11,156.6,1
27.23,17.581,2.7585,0.3714,0.2014,13.783,21.618,10.487,2.0627,116.78,1
35.65,27.904,3.299,0.2301,0.1279,-4.2112,26.131,-12.189,2.205,97.491,1
40.986,34.015,2.6395,0.289,0.1525,-24.217,-27.752,-12.761,12.949,83.667,1
33.668,10.516,2.641,0.3909,0.2023,-26.172,-18.308,-5.6615,6.971,182.72,1
54.251,12.711,2.5832,0.4308,0.218,51.281,56.512,-9.7843,0.029,130.16,1
57.538,28.024,3.3137,0.2093,0.1304,33.366,63.095,-18.68,15.563,133.94,1
40.057,16.229,2.4893,0.3468,0.1799,-10.871,26.295,9.4323,17.895,205.21,1
65.903,16.485,3.1472,0.2252,0.1336,56.452,60.661,7.2997,1.308,243.81,1
59.81,30.761,3.7199,0.1511,0.0794,25.022,49.333,-14.565,1.0275,174.98,1
23.581,0,2.1477,0.7687,0.4235,24.235,16.656,-0.0001,12.507,239.93,1
87.848,36.756,3.2122,0.1798,0.0972,54.167,105.08,-34.185,15.261,157.19,1
19.237,17.314,2.1761,0.5467,0.29,-26.864,12.253,-17.007,56.886,78.378,1
25.327,14.48,2.5496,0.3977,0.213,-18.488,14.79,5.3284,81.069,53.816,1
79.532,19.794,2.7675,0.2886,0.1529,56.185,61.004,17.827,3.2801,272.4,1
35.497,13.694,2.7675,0.4048,0.2143,34.628,26.591,-7.2684,17.915,229.76,1
28.764,7.6722,2.2175,0.5515,0.3061,10.328,-7.2343,3.0541,6.445,206.63,1
66.82,22.915,2.7202,0.4952,0.3457,-43.263,-53.762,-25.569,6.014,317.87,1
22.782,14.953,2.4362,0.4982,0.2509,-14.284,-9.3635,13.094,3.0779,141.56,1
22.311,18.154,2.5711,0.3839,0.2349,24.223,-8.7335,-13.111,13.895,157.11,1
27.618,9.6148,2.3021,0.4738,0.2469,7.3108,19.524,7.6898,69.004,50.471,1
88.376,29.872,3.5153,0.1264,0.0798,86.435,74.494,-17.771,8.2753,205.98,1
39.423,23.048,3.1144,0.2551,0.1341,16.084,34.203,15.707,8.6997,152.98,1
33.977,18.302,2.7642,0.3408,0.2126,3.7503,24.236,10.798,71.45,43.615,1
56.711,17.072,2.749,0.221,0.1221,-20.057,-33.872,-4.3812,2.489,162.54,1
50.152,13.729,2.382,0.361,0.1888,-66.47,-24.763,8.4541,2.6206,219.91,1
88.106,28.134,3.4716,0.1921,0.1052,82.4,87.409,-15.786,5.5776,263.62,1
36.862,14.267,2.7896,0.3539,0.2183,19.526,30.494,-7.6983,14.424,157.39,1
52.104,17.223,2.9523,0.3248,0.2037,29.988,52.675,-7.3971,5.8345,263.58,1
62.828,21.786,3.0118,0.2297,0.1153,-63.924,51.193,-17.733,9.401,299.58,1
28.34,6.8049,2.2175,0.5636,0.2879,-8.3458,-15.878,1.7177,35.715,138.11,1
12.872,11.331,2.1156,0.728,0.4253,-14.853,8.1961,8.6555,43.713,77.698,1
34.56,12.149,2.6395,0.4312,0.2672,14.989,24.506,7.337,6.123,145.63,1
31.677,19.256,2.5617,0.3841,0.1962,28.551,28.66,14.888,64.622,226.04,1
84.931,26.657,3.548,0.1665,0.0913,-61.587,66.532,14.976,1.1373,268.92,1
41.495,23.969,3.5532,0.2126,0.109,-2.2167,11.958,11.553,5.0887,185.47,1
33.62,24.714,2.757,0.273,0.1671,-3.4119,31.584,15.393,31.873,103.94,1
75.323,25.894,3.5093,0.2,0.1212,-41.819,64.989,-15.976,1.216,319.54,1
21.432,10.633,2.2923,0.602,0.3648,20.321,19.811,-11.301,28.035,152.37,1
48.968,12.115,2.6444,0.3379,0.1893,35.956,38.96,-7.4103,12.422,157.25,1
81.014,23.523,3.2455,0.1886,0.1088,-67.845,56.629,18.178,0.3176,293.05,1
19.06,12.403,2.437,0.5155,0.309,0.6113,7.7209,-8.9728,9.3668,129.31,1
22.996,12.922,2.3054,0.5594,0.3243,-13.385,-14.216,-7.3609,9.5881,201.05,1
52.682,18.459,3.0261,0.2081,0.1116,-0.9688,38.57,-12.326,2.3692,180.64,1
51.766,30.723,3.578,0.1601,0.0871,38.245,39.428,14.355,7.6181,197.26,1
29.242,11.187,2.3909,0.4593,0.2622,21.266,-17.944,-10.645,3.426,170.81,1
37.653,16.822,2.7771,0.2723,0.1429,-19.12,20.269,-6.791,74.632,144.12,1
83.816,25.934,3.143,0.2158,0.1241,-66.838,-56.856,-18.781,2.173,292.92,1
31.491,16.876,2.7738,0.3249,0.1793,2.3236,16.464,-7.2886,16.575,167.5,1
25.73,17.121,2.7235,0.3554,0.1843,22.79,-19.23,9.1168,3.8417,153.4,1
22.002,10.168,2.2945,0.5787,0.297,23.541,17.985,10.733,29.348,155.43,1
21.642,9.9561,2.2122,0.6258,0.3466,21.824,18.721,11.249,45.991,127.85,1
46.666,21.645,3.2398,0.2245,0.1137,30.892,28.351,-12.256,3.1992,197.6,1
30.817,15.751,2.6561,0.415,0.2196,1.3366,24.821,-10.626,34.597,99.56,1
35.996,15.562,2.6955,0.4032,0.2147,14.009,34.961,9.7797,23.739,116.79,1
33.377,13.252,2.5993,0.405,0.2302,-5.5574,-11.823,11.81,9.2004,174.63,1
17.638,15.553,2.5441,0.5486,0.3157,-2.4099,11.582,4.9912,64.4,188.87,1
76.271,22.368,3.4125,0.2077,0.1213,42.477,72.731,6.9765,7.539,230.04,1
39.247,24.298,3.1817,0.2468,0.1471,16.639,26.732,5.3645,18.408,165.52,1
77.232,23.062,3.1315,0.1869,0.1156,80.168,82.755,-12.819,6.987,200.02,1
81.174,22.152,3.2466,0.2397,0.1363,-43.7,72.521,16.908,2.569,287.04,1
35.683,14.416,2.6675,0.3548,0.1882,6.2623,16.081,-5.2938,14.018,172.18,1
83.738,32.8,3.6126,0.2172,0.1112,10.044,43.109,-29.14,1.4349,371.2,1
23.853,19.697,2.692,0.372,0.2185,-4.1573,19.856,14.262,46.859,123.3,1
28.589,18.668,2.7097,0.2888,0.1493,8.2922,17.894,-12.048,12.747,113.89,1
12.727,11.636,2.1804,0.7129,0.3927,-15.575,8.9228,9.5077,35.694,204.9,1
45.029,17.576,3.0779,0.2608,0.1333,-9.0442,-12.9,13.012,11.862,168.23,1
41.092,7.7414,2.4224,0.4726,0.2892,-51.456,-10.489,4.5228,10.866,158.72,1
40.732,16.666,2.7771,0.279,0.1495,46.362,-25.754,13.391,4.584,243.29,1
24.935,16.959,2.5804,0.4021,0.2116,4.4842,-15.006,-8.7697,15.753,138.65,1
18.71,18.018,2.5283,0.4267,0.2237,4.7676,-12.067,6.8848,49.427,170.95,1
44.705,15.45,2.5694,0.3396,0.1927,43.737,26.485,-9.9351,13.332,195.21,1
31.733,28.389,3.216,0.2347,0.1304,3.9603,28.327,-17.672,35.267,85.549,1
21.566,10.308,2.2201,0.5723,0.3102,3.4724,-16.047,7.0316,63.735,86.392,1
18.42,9.8345,2.3345,0.6667,0.4005,19.763,13.27,-5.4272,33.36,183.6,1
20.201,17.39,2.4661,0.5162,0.2684,16.412,16.854,7.1931,9.9206,119.78,1
82.194,16.042,2.8567,0.3032,0.169,-90.502,52.56,11.893,0.5325,271.09,1
102.93,36.322,4.0231,0.1131,0.0584,51.402,83.4,-23.447,0.5982,321.17,1
24.049,18.309,2.7093,0.3652,0.2061,16.656,3.8872,-13.629,89.501,68.119,1
61.143,24.607,3.3858,0.2061,0.115,13.752,56.17,13.197,7.998,247.1,1
88.582,45.385,3.3989,0.1525,0.0792,-39.618,74.612,52.115,3.144,289.22,1
28.59,6.7851,2.2279,0.5385,0.287,12.658,6.5323,-3.3153,3.2759,143.66,1
112.17,20.942,2.6107,0.3235,0.1728,71.251,105.05,-13.967,13.013,281.1,1
28.991,11.777,2.6488,0.4467,0.2593,19.499,-12.382,11.429,6.3297,246.6,1
91.268,13.413,2.9509,0.2598,0.1383,-16.473,74.124,-10.498,6.4844,249.35,1
97.023,27.752,3.2253,0.269,0.1961,-18.167,58.156,-16.904,2.8669,343.47,1
29.641,17.22,2.9619,0.3504,0.2014,8.1711,15.473,-7.9063,26.186,191.57,1
21.314,12.508,2.3454,0.4515,0.2325,-29.926,9.2222,-9.3692,13.21,207.4,1
29.476,17.046,2.6069,0.5142,0.2806,9.356,30.897,-15.477,12.383,90.085,1
25.69,12.644,2.6753,0.4562,0.2439,-0.5427,13.471,9.2902,37.165,123.71,1
37.995,17.63,2.5916,0.356,0.2318,43.01,27.301,-14.347,10.005,223.03,1
78.408,22.688,2.9201,0.3846,0.271,-14.51,-32.791,-15.92,5.6934,327.21,1
21.695,6.8708,2.0846,0.6996,0.3745,24.757,9.5118,-6.5457,23.451,84.067,1
29.129,14.923,2.5855,0.4727,0.2481,-16.339,13.192,-12.852,24.915,176.9,1
26.277,14.073,2.4362,0.4212,0.2253,-12.638,7.3769,-13.919,75.679,105.59,1
38.507,22.677,2.8494,0.2348,0.1195,28.823,17.729,14.594,25.519,60.277,1
22.164,11.036,2.2765,0.5926,0.3466,15.823,18.929,5.5689,21.283,116.74,1
83.316,22.842,3.2398,0.2073,0.1333,-46.631,70.412,17.623,2.39,294.69,1
25.275,7.6662,2.415,0.6846,0.3442,-15.359,-15.722,6.2533,38.741,113.63,1
24.067,12.911,2.29,0.5897,0.3205,26.302,15.778,-7.3955,21.05,202.08,1
77.537,26.532,3.3195,0.2314,0.1402,-45.739,78.621,-10.898,0.9581,284.69,1
34.138,0.0047,2.2405,0.5977,0.3305,-40.345,-17.199,0,0.0002,139.66,1
41.234,11.632,2.695,0.4137,0.2936,15.599,34.189,-10.028,4.2209,123.02,1
34.805,28.605,2.6594,0.3242,0.207,27.307,21.024,-30.599,0.9214,253.58,1
27.537,10.017,2.3664,0.5161,0.2774,11.353,21.757,4.372,12.596,85.99,1
32.223,10.195,2.4955,0.377,0.1965,-8.7485,24.494,5.144,7.226,150.41,1
48.206,19.727,3.1973,0.2673,0.1584,33.868,30.305,-13.218,4.199,273.88,1
32.873,19.569,2.8831,0.3063,0.18,12.552,20.313,9.6089,7.6229,163.69,1
50.752,25.71,3.3698,0.1579,0.0792,29.419,-13.981,14.746,6.392,211.24,1
27.063,9.8894,2.3233,0.4371,0.2209,-41.165,17.104,-6.4295,59.507,95.795,1
20.849,9.9287,2.316,0.6039,0.3647,2.7306,-14.775,-7.6769,65.852,25.652,1
89.362,35.398,3.7911,0.1584,0.0986,-38.179,67.023,-25.6,5.2442,291.31,1
27.498,18.086,2.5623,0.3288,0.1658,0.5659,-20.85,13.691,76.155,42.243,1
33.887,15.382,2.5786,0.4011,0.215,-31.471,20.025,-8.7236,4.107,203.12,1
63.709,38.539,3.3946,0.1165,0.0586,33.475,51.86,21.484,28.387,179.02,1
21.44,10.576,2.485,0.5696,0.3355,13.498,-14.269,-6.2677,84.104,221.57,1
101.14,37.861,4.0228,0.1156,0.0605,-115.8,75.575,28.466,3.0978,306.07,1
21.584,11.007,2.243,0.56,0.3,-21.647,-19.317,-10.231,8.279,195.99,1
25.245,15.261,2.4814,0.4455,0.2294,-22.978,-6.2972,-7.9618,32.442,160.57,1
33.739,24.269,3.1558,0.2627,0.1519,17.252,-11.251,15.732,9.976,215.3,1
35.379,13.301,2.541,0.4719,0.246,17.644,19.519,9.732,3.7685,137.49,1
18.299,10.617,2.1303,0.5333,0.2778,-0.4039,5.0114,-4.4594,45.266,146.91,1
34.308,9.2682,2.4969,0.4299,0.2182,-35.742,25.338,7.4421,3.927,122.99,1
25.833,9.7133,2.4224,0.5142,0.2703,8.1699,-11.253,-2.8244,3.7148,167.19,1
75.526,37.405,3.2695,0.1446,0.0782,36.921,42.123,-18.021,6.198,191.94,1
19.596,7.2752,2.1658,0.7782,0.413,4.3299,-10.975,4.5607,23.634,197.04,1
19.503,7.4171,2.2683,0.7439,0.434,-1.6381,7.6452,-4.6729,79.386,116.12,1
81.163,25.238,3.4946,0.1876,0.1013,43.169,87.285,-19.401,1.577,208.86,1
72.96,30.746,3.6432,0.1521,0.0765,-2.8108,59.23,23.162,4.988,258.82,1
45.949,15.061,2.7727,0.4034,0.2118,21.698,37.356,8.8865,14.367,199.81,1
18.558,7.4575,2.2028,0.7774,0.4859,2.1391,-6.7384,1.9712,4.3666,235.73,1
27.431,15.379,2.6618,0.4423,0.2625,1.7847,-8.6385,-9.8991,9.3801,218.12,1
21.106,6.6598,2.0917,0.7611,0.4737,20.12,15.688,6.1724,7.8499,150.16,1
83.11,38.219,3.6877,0.2092,0.1089,-18.988,-40.773,25.834,1.9969,366.08,1
35.515,17.642,2.6258,0.3645,0.1905,-5.8108,-32.728,6.846,77.961,128.68,1
70.139,23.609,3.4812,0.1892,0.1002,69.432,56.711,-12.768,1.149,256.64,1
23.905,11.303,2.4935,0.5457,0.2745,-6.1584,-20.468,3.8512,19.49,268.55,1
49.247,20.754,3.3033,0.2263,0.1256,19.114,41.542,4.9216,8.3432,252.17,1
30.661,15.099,2.6994,0.4476,0.2687,20.101,-16.35,6.5174,26.906,151.77,1
29.855,21.452,2.9784,0.2806,0.1456,-29.693,17.527,-9.5246,26.986,86.594,1
26.36,16.658,2.754,0.4229,0.2441,8.1366,13.548,-10.431,8.299,165.15,1
25.8,16.006,2.6532,0.3756,0.1922,6.0098,17.404,-11.366,19.198,165.51,1
30.723,17.244,2.5244,0.3856,0.2078,13.63,17.45,-17.565,2.0573,180.64,1
56.143,37.248,3.4331,0.1203,0.0636,25.95,45.506,-21.386,41.968,152.76,1
39.078,11.199,2.6325,0.324,0.1783,40.024,10.849,6.8493,11.323,198.61,1
37.348,16.18,2.781,0.3013,0.1598,-9.6098,32.613,8.4204,0.4092,177.73,1
79.341,20.528,3.0592,0.2461,0.1497,-80.893,44.385,16.173,1.5576,280.82,1
20.251,15.496,2.4464,0.5009,0.2844,12.559,18.854,11.834,17.211,95.697,1
53.307,23.602,3.028,0.3957,0.2518,-23.901,22.584,-23.674,1.762,336.61,1
75.596,13.007,2.8354,0.2805,0.1833,-113.87,44.751,-7.5942,5.9909,248.28,1
87.275,42.166,3.7066,0.2313,0.1217,55.82,-56.252,-33.933,4.4023,385.24,1
18.681,10.158,2.281,0.6073,0.3325,22.599,10.861,5.0252,42.612,67.066,1
24.539,14.739,2.6484,0.4854,0.2753,-1.0812,23.363,-6.8022,10.03,234.16,1
80.188,28.389,3.3555,0.1724,0.1034,20.363,81.948,-23.743,19.32,258.54,1
68.434,13.696,2.4878,0.3675,0.1967,-73.866,-37.15,12.744,27.43,138.44,1
58.696,15.137,2.6689,0.3087,0.1704,78.511,-19.136,-9.5868,2.2573,168.44,1
19.978,11.952,2.2833,0.6406,0.3932,10.414,20.383,3.8522,80.09,155.08,1
117.58,62.176,4.3152,0.0604,0.0308,69.949,116.83,-52.722,9.964,169.88,1
18.854,16.948,2.2867,0.491,0.2713,-14.439,-17.334,13.241,64.777,54.997,1
12.691,11.7,2.0233,0.7109,0.3839,-15.67,8.7551,10.1,56.81,155.3,1
22.971,18.99,2.6712,0.3731,0.2058,0.4431,18.246,-14.984,53.939,69.403,1
73.811,22.554,3.211,0.2245,0.1153,38.198,70.667,10.073,6.548,203.82,1
19.262,18.19,2.4158,0.5605,0.3589,-11.846,-17.626,-9.6021,56.567,72.891,1
69.44,28.629,3.1443,0.2468,0.1331,66.203,60.636,-22.519,11.29,254.38,1
62.989,22.083,3.1191,0.2258,0.1167,-85.779,48.038,19.251,7.652,246,1
60.481,28.502,3.4893,0.2142,0.11,-43.909,45.631,15.624,1.1058,285.97,1
22.989,13.364,2.4158,0.4952,0.2937,-21.699,-16.202,8.7282,14.348,191.33,1
100.5,23.454,3.3883,0.1415,0.0763,-85.117,88.64,14.189,2.3248,255.47,1
19.781,10.535,2.316,0.6087,0.3551,-7.4526,16.999,-10.052,5.225,71.414,1
73.893,40.065,3.6079,0.1359,0.0788,-86.397,58.636,-38.875,3.9424,255.28,1
17.832,10.634,2.3424,0.6136,0.3205,3.036,-9.0233,6.2132,46.451,150.95,1
32.224,14.35,2.3738,0.5116,0.2727,37.238,18.081,-8.8684,2.2101,204.42,1
54.889,24.304,3.3422,0.1824,0.1025,36.934,41.379,10.654,3.2776,224.36,1
46.925,20.272,2.7486,0.314,0.1722,31.854,31.026,16.721,5.1486,270.21,1
35.205,17.138,2.8354,0.2776,0.1658,-0.8009,12.685,-9.2086,10.218,131.45,1
41.213,25.032,3.0426,0.2448,0.1238,-26.354,34.481,-23.976,9.425,184.82,1
60.9,25.756,3.5977,0.2098,0.1107,53.24,61.542,-10.145,0.072,235.71,1
25.702,10.336,2.317,0.4723,0.2771,6.2351,19.867,7.6639,30.601,119.56,1
54.315,24.504,3.2655,0.1574,0.08,-3.7285,39.616,14.857,10.565,208.06,1
23.753,16.83,2.8299,0.432,0.2685,6.3197,11.331,-11.907,14.224,157.23,1
23.224,0,2.1089,0.7549,0.3852,0,0,-13.984,90,116.27,1
55.059,18.014,3.068,0.2762,0.1458,50.048,33.345,-8.1996,1.502,186.52,1
12.64,11.776,2.1973,0.7048,0.3778,15.85,-9.0584,9.8825,61.162,140.65,1
19.68,10.293,2.3385,0.6376,0.3647,7.7187,-16.813,10.598,67.183,238.82,1
21.266,15.652,2.7033,0.4812,0.2584,1.585,17.809,15.061,51.879,38.721,1
27.815,24.776,2.6955,0.3266,0.2006,3.3312,-13.572,12.861,2.348,182.97,1
67.619,22.097,3.4227,0.1961,0.1011,42.211,57.274,-15.087,4.4996,238.7,1
32.399,16.473,2.5798,0.4079,0.2566,24.995,30.329,12.875,7.352,190.32,1
34.118,12.246,2.4005,0.5169,0.3082,-14.915,-17.083,8.4064,1.154,172.47,1
35.654,14.362,2.7756,0.3571,0.2137,8.9645,15.136,11.947,6.9109,127.9,1
50.456,23.287,3.1229,0.269,0.1481,-61.547,41.07,14.968,7.6353,264.15,1
38.782,25.704,3.2171,0.2408,0.1368,13.352,28.491,11.231,21.516,165.67,1
22.248,9.4628,2.1931,0.6154,0.3237,0.8645,-13.261,9.3962,0.0865,167.82,1
81.983,33.755,3.5621,0.2338,0.1246,45.913,32.228,11.784,3.101,383.77,1
45.804,21.125,3.1361,0.2697,0.1407,36.132,-18.294,-8.742,7.404,193.9,1
85.015,9.8589,2.3324,0.6744,0.4116,41.704,85.849,-10.771,10.694,201.15,1
83.553,23.809,3.0663,0.2352,0.1249,-9.6127,66.75,-15.037,0.4554,351.78,1
20.031,6.8968,2.1973,0.8,0.454,19.795,14.628,-5.075,11.338,97.818,1
18.859,11.624,2.4091,0.5731,0.3957,-1.1925,7.6219,-11.615,13.872,184.35,1
33.586,17.579,2.899,0.2562,0.1281,1.7194,-15.646,11.072,0.441,235.85,1
32.512,27.057,2.9263,0.2227,0.1179,41.623,14.726,8.4679,25.445,119.14,1
102.18,21.128,2.9595,0.2119,0.1147,77.124,107.62,11.06,3.2562,156.34,1
79.221,35.899,3.7191,0.1222,0.0637,72.92,62.537,-18.148,8.264,181.65,1
31.031,18.064,2.6325,0.3543,0.1946,44.224,-9.3174,16.603,37.32,202.21,1
20.997,16.962,2.5826,0.4105,0.2288,27.607,10.352,-6.0207,26.046,49.178,1
19.107,12.281,2.4691,0.584,0.3379,-17.169,-14.624,-6.6801,3.6579,170.52,1
48.413,15.432,2.5179,0.3672,0.2018,47.115,31.455,-7.3338,10.999,155.29,1
22.976,14.836,2.4385,0.561,0.388,5.9666,19.685,-15.023,16.534,143.19,1
81.662,26.826,3.7255,0.1893,0.1038,44.889,72.571,19.205,0.3395,261.23,1
21.699,17.434,2.4878,0.3772,0.1967,-8.8234,-10.694,14.051,39.035,185.41,1
41.151,18.116,3.2239,0.2652,0.1603,16.797,-7.4717,-14.787,1.6001,213.52,1
80.023,39.504,4.0087,0.1186,0.0626,76.229,74.772,-27.862,8.5037,207.78,1
46.225,16.157,2.9752,0.2742,0.1435,-90.007,41.468,-11.529,7.135,271.69,1
47.892,13.88,2.7482,0.3536,0.2045,-29.329,-31.097,11.835,4.6031,179.8,1
90.477,38.266,3.6727,0.2042,0.1048,-47.756,44.22,23.707,0.141,373.65,1
107.24,58.063,3.7072,0.1527,0.0843,-43.747,84.626,-51.793,17.415,284.62,1
24.695,14.155,2.534,0.4327,0.2325,-1.8405,-21.3,-5.1483,1.696,76.771,1
112.72,82.862,4.6295,0.0397,0.0203,3.0356,83.09,-32.635,2.337,276.55,1
13.451,10.307,2.2707,0.8043,0.4102,14.84,3.1478,-11.882,45.195,151.19,1
18.633,15.877,2.5786,0.4908,0.3074,-0.8692,10.442,9.1146,32.005,139.22,1
27.065,14.08,2.5905,0.5237,0.2734,-0.1139,23.53,11.3,0.141,106.87,1
53.937,19.034,3.0455,0.2287,0.1301,-16.764,-39.272,11.563,5.2515,192.36,1
41.766,13.027,2.6689,0.4394,0.2519,47.322,33.968,-7.8327,8.295,184.05,1
32.557,27.558,3.1478,0.2782,0.1427,17.581,29.84,16.322,11.343,78.383,1
79.485,29.545,3.8792,0.1397,0.0727,26.964,73.077,17.526,4.5885,261.94,1
18.618,10.384,2.2122,0.5583,0.2791,1.1874,-7.3836,-4.8199,32.355,248.18,1
23.062,0,2.1717,0.8013,0.4613,22.121,18.14,-0.0001,61.897,206.17,1
33.855,19.179,2.8963,0.24,0.1263,42.811,12.358,-5.8403,11.654,124.67,1
35.739,20.244,3.0995,0.241,0.1252,-28.181,-12.179,-4.3031,18.401,210.75,1
28.658,6.6732,2.2529,0.5754,0.3156,-34.077,-17.538,-3.408,7.689,153.22,1
82.365,26.872,3.5505,0.1855,0.1068,0.8101,44.221,-15.422,1.884,246.5,1
20.456,14.98,2.4886,0.5032,0.2581,2.4975,-4.2009,-7.8968,5.219,140.3,1
103.55,47.382,4.1949,0.0916,0.0464,-140.07,76.976,-27.45,1.0667,340.68,1
18.728,12.978,2.4401,0.5082,0.2632,-12.893,-8.3487,-5.2782,79.235,197.87,1
23.289,15.781,2.5593,0.4497,0.2359,-0.338,-15.567,-10.317,23.325,95.738,1
35.564,16.998,2.7164,0.3305,0.1662,34.967,-25.628,3.3023,2.03,113.39,1
22.315,0,2.1319,0.7306,0.4465,0.4428,-6.4074,0,48.967,137.77,1
20.075,12.603,2.4556,0.5254,0.275,-24.484,-13.951,-9.2943,18.131,105.02,1
19.854,7.3577,2.1599,0.7405,0.4118,-2.0853,8.7888,-5.1095,45.557,150.96,1
70.075,19.364,3.1517,0.2327,0.1216,35.245,59.714,-8.1105,4.1472,244.55,1
55.576,21.834,2.8312,0.2876,0.1763,-80.342,30.474,18.328,2.858,261.16,1
54.493,21.464,3.0635,0.1849,0.0946,-38.52,-44.159,5.0079,1.577,236.49,1
42.215,14.121,2.8987,0.2715,0.1357,-2.1463,-18.703,-3.1977,0.5371,180.13,1
30.94,11.261,2.3901,0.4888,0.2912,-27.774,-25.418,-8.3306,2.303,153.98,1
21.221,6.8795,2.07,0.7319,0.4213,22.192,13.493,-6.259,56.297,92.994,1
59.338,26.135,3.1764,0.3651,0.1975,2.3544,33.558,13.839,4.319,339.75,1
12.911,11.331,2.1089,0.7393,0.4086,14.951,-7.0264,10.923,76.652,136.46,1
18.14,10.622,2.2148,0.561,0.3079,0.5212,-5.2319,5.6541,35.273,159.31,1
23.322,10.867,2.2989,0.6231,0.3291,17.147,18.324,4.3794,58.039,99.376,1
33.713,14.598,2.6762,0.333,0.176,19.336,19.194,10.409,25.544,188.46,1
12.584,9.1948,2.3493,0.8143,0.6242,9.7645,10.074,3.9707,35.09,204.59,1
58.585,16.545,3.0613,0.2171,0.1177,46.464,-26.737,12.241,4.933,226.43,1
26.51,12.816,2.6058,0.4535,0.2367,26.498,18.805,6.2608,7.58,250.72,1
26.118,17.774,2.3945,0.4234,0.248,18.128,17.933,-14.927,73.12,93.218,1
39.974,26.968,3.4241,0.212,0.1094,-6.3292,26.815,-20.576,9.6193,174.99,1
69.587,22.693,2.9238,0.2634,0.146,-84.737,50.636,-20.108,1.817,244.72,1
12.522,11.939,2.0394,0.6941,0.3607,16.052,-8.9284,10.329,59.206,170.81,1
51.608,19.436,2.5465,0.375,0.2031,-74.254,37.678,14.526,0.391,286.53,1
36.841,21.796,2.6309,0.3556,0.2117,12.249,-14.822,13.16,70.674,209.93,1
32.26,12.697,2.6464,0.3386,0.1727,-8.8767,10.699,8.5749,0.457,200.72,1
26.639,9.6367,2.3314,0.4848,0.2821,31.528,20.539,-6.8911,77.509,107.63,1
96.381,23.236,3.4737,0.1831,0.1094,88.637,101.51,18.58,2.072,268.11,1
30.432,24.745,3.0876,0.2575,0.1377,27.473,27.703,-6.6348,6.71,57.662,1
56.598,9.269,2.5682,0.3351,0.1743,50.567,44.69,-6.4003,4.562,154.62,1
66.481,23.646,3.1509,0.2713,0.1756,-71.794,-28.166,16.988,2.0401,258.26,1
28.341,18.176,2.4409,0.4384,0.2699,13.561,15.099,17.696,27.015,200.4,1
25.712,17.717,2.7312,0.3454,0.1811,-9.1298,17.881,-12.277,50.87,138.2,1
19.517,15.418,2.499,0.5452,0.3122,14.856,17.834,-13.552,26.742,250.41,1
53.236,21.031,3.1207,0.2067,0.1094,22.216,34.525,-11.902,6.1069,216.99,1
32.003,14.894,2.6702,0.4423,0.2425,4.0303,23.181,6.7478,8.6023,184.49,1
18.738,9.9878,2.2856,0.6321,0.3497,21.978,11.567,5.4097,17.637,50.727,1
37.121,19.378,2.7431,0.3686,0.1996,18.31,28.241,16.547,11.929,177.35,1
73.982,13.251,2.6042,0.4975,0.3072,-48.145,44.456,3.5581,12.632,293.71,1
48.063,13.48,2.5658,0.3886,0.2296,-20.598,-47.695,-6.4965,17.388,166.89,1
32.402,18.503,2.791,0.3803,0.2387,-15.823,-22.888,16.415,17.509,135.17,1
60.117,23.464,2.9671,0.2384,0.1462,-97.578,49.494,-19.078,1.101,232.42,1
18.684,16.877,2.2978,0.4584,0.2343,-7.4341,17.89,-8.5215,16.087,72.183,1
27.978,12.04,2.5821,0.4607,0.2369,4.3474,25.099,8.4659,16.055,66.38,1
89.586,43.85,4.2249,0.0739,0.0405,63.985,79.787,8.5947,1.2147,219.92,1
26.496,19.77,2.8096,0.3364,0.1915,29.252,21.269,8.8332,57.543,125.78,1
21.596,16.799,2.6527,0.436,0.2659,7.437,12.029,-12.669,52.643,40.15,1
19.281,14.491,2.3064,0.5235,0.3136,-6.0002,16.7,0.1864,33.67,46.862,1
92.001,34.869,3.6213,0.2255,0.1216,12.635,48.376,22.219,1.7669,372.87,1
28.479,24.338,2.4031,0.6522,0.3379,-30.006,-21.943,18.664,11.018,314.87,1
21.453,10.874,2.2553,0.55,0.275,6.2375,-18.162,8.6273,26.256,190.15,1
32.521,17.166,2.7846,0.3202,0.1782,-3.2395,14.806,6.4774,0.7255,104.05,1
15.526,11.084,2.2923,0.6582,0.477,0.1869,2.2598,-9.1742,11.085,185.27,1
88.613,34.751,3.6393,0.1847,0.1153,-50.791,46.959,16.288,1.8554,348.89,1
23.885,15.835,2.5224,0.4354,0.2177,8.8391,17.243,15.855,17.168,185.29,1
111.01,60.462,4.4604,0.0526,0.0269,128.3,83.229,24.357,2.6075,284.34,1
25.439,15.121,2.6112,0.4357,0.2411,13.266,16.28,-2.4174,3.9221,219.29,1
18.185,10.642,2.1673,0.5442,0.2891,-23.86,-8.8023,2.3166,33.034,219.6,1
13.188,10.309,2.2613,0.7945,0.4959,-12.972,-6.4938,-10.687,69.277,151.61,1
24.893,9.0198,2.4749,0.5494,0.3735,-12.529,-7.2937,3.4208,0.8814,197.49,1
33.308,18.09,2.3997,0.3984,0.2012,-33.889,-19.263,-7.1653,32.826,155.88,1
67.416,33.192,3.0011,0.2913,0.182,-28.125,-40.236,24.279,7.4092,300.24,1
21.941,10.094,2.29,0.5641,0.3,4.9806,-17.088,10.328,15.841,136.8,1
23.166,20.915,2.659,0.4079,0.2292,16.136,17.738,14.895,24.703,156.69,1
31.096,14.415,2.5099,0.3864,0.1994,-37.338,15.535,-7.1128,18.755,237.58,1
66.363,27.427,3.2559,0.1687,0.0863,-5.4586,33.598,-18.672,1.2327,232.54,1
33.776,17.567,2.7011,0.4199,0.2458,-25.28,-25.876,9.4229,1.314,231.06,1
20.73,12.861,2.2867,0.4548,0.2506,-16.552,-9.7549,-6.8576,7.9853,168.9,1
21.691,6.7773,2.1658,0.7099,0.413,-23.09,-12.714,6.5257,40.252,103.42,1
28.765,23.938,2.8106,0.2753,0.1431,5.3199,-19.565,15.222,1.126,154.51,1
22.615,16.433,2.6527,0.3537,0.1769,20.439,8.273,-13.477,33.306,197.04,1
58.126,28.694,3.1803,0.1717,0.0928,74.825,50.152,-22.465,5.798,205.61,1
28.369,15.698,2.7631,0.4211,0.2373,20.577,23.328,14.764,2.948,170.76,1
46.738,16.714,3.0422,0.2777,0.1556,-3.1993,41.038,9.1539,4.3993,206.97,1
33.05,13.744,2.5192,0.3752,0.2133,-31.626,19.326,-12.351,10.277,212.25,1
23.172,20.16,2.6253,0.41,0.2192,32.997,11.135,-8.2996,19.334,118.23,1
31.031,8.2536,2.3757,0.5095,0.2547,15.401,-16.724,9.061,21.014,92.787,1
30.306,11.148,2.4502,0.5071,0.3245,-14.627,-14.005,-7.3102,66.01,155.06,1
37.085,19.598,3.1377,0.2724,0.1409,-12.24,15.428,14.6,4.5449,226.53,1
74.903,25.051,3.0028,0.1908,0.1217,92.912,59.871,-8.8902,0.745,248.49,1
50.172,14.241,2.7189,0.3075,0.2053,-18.435,-32.313,8.9086,33.536,160.51,1
41.499,23.367,2.8713,0.2663,0.15,60.546,23.728,17.542,11.817,160.95,1
74.442,28.357,3.2103,0.2421,0.1426,-77.337,36.801,17.637,3.9083,284.26,1
31.569,16.293,2.5024,0.2893,0.1462,25.451,18.218,4.9921,40.009,197.99,1
53.743,23.089,3.0471,0.1974,0.1135,54.934,44.502,-9.4969,0.9229,84.941,1
43.316,26.159,3.3175,0.1786,0.0898,15.28,30.978,-10.487,2.0615,119.24,1
18.738,7.4744,2.0952,0.7631,0.4779,1.4897,-6.2641,3.0951,0.402,209.25,1
23.914,14.871,2.3551,0.4945,0.2494,4.0728,-8.2598,11.511,39.959,213.92,1
101.07,29.058,3.1418,0.1991,0.1043,1.4282,-69.2,16.231,4.683,291.48,1
18.322,11.707,2.3589,0.5777,0.4136,-0.3481,-4.9165,11.495,16.343,184.8,1
38.565,19.506,2.6355,0.2569,0.1377,63.654,12.53,-6.9413,8.2142,199.94,1
17.648,10.979,2.1673,0.5374,0.2891,-0.9245,6.1119,-4.3932,23.715,112.68,1
76.103,19.698,3.2245,0.2141,0.1202,52.566,68.989,10.508,1.341,262.3,1
44.304,11.927,2.3918,0.3245,0.1643,-66.265,17.047,7.2818,31.877,130,1
29.282,12.918,2.4691,0.3701,0.1851,28.503,16.118,-7.5543,16.868,232.16,1
38.529,26.449,3.3889,0.2254,0.1448,22.501,23.099,-15.606,0.804,189.44,1
20.236,7.1978,2.1089,0.7549,0.3774,3.9409,-11.593,-5.4469,7.1029,81.576,1
28.679,7.9675,2.2553,0.5944,0.3139,33.128,18.842,-6.2511,36.403,202.98,1
35.904,26.852,2.8794,0.1954,0.1076,31.38,33.453,15.202,87.672,126.36,1
29.391,13.504,2.4425,0.3899,0.2004,-26.903,-20.947,9.4631,19.914,150.64,1
24.848,12.035,2.4654,0.4247,0.2243,-8.3562,7.9139,-8.3771,39.889,181.35,1
44.583,21.469,2.6222,0.2458,0.1277,-22.726,-23.874,15.079,16.863,140.32,1
113.44,27.217,2.8274,0.2336,0.1257,-66.702,-27.843,22.139,3.685,260.73,1
18.294,10.639,2.1959,0.5223,0.2643,-25.154,-6.4843,-2.8062,68.712,145.13,1
49.123,24.255,2.8388,0.2261,0.1167,55.801,-33.305,16.633,30.43,176.44,1
114.33,44.502,4.1676,0.0994,0.0505,25.953,92.939,27.756,2.109,286.92,1
77.703,24.777,3.3432,0.2214,0.1323,32.032,98.507,-7.858,8.624,241.92,1
20.947,6.4102,2.1319,0.7823,0.5203,-18.371,-17.194,6.1023,71.916,20.497,1
48.556,19.852,2.899,0.2864,0.1697,30.253,46.723,15.416,10.529,150.57,1
83.472,36.225,3.9645,0.1203,0.0613,29.332,80.838,-25.695,3.994,239.34,1
20.547,12.76,2.3454,0.447,0.2235,1.5328,-9.9032,9.2539,15.146,157.11,1
75.624,28.467,3.6072,0.1786,0.0896,13.21,75.124,3.1833,4.0898,223.59,1
67.58,28.533,3.4804,0.127,0.065,58.002,53.078,-17.323,2.7859,137.06,1
26.817,21.056,2.8597,0.3577,0.2051,9.5747,24.186,20.756,88.234,106.43,1
97.722,29.307,3.8212,0.138,0.0863,-69.742,76.761,-8.0848,3.3807,270.7,1
60.518,13.357,2.6799,0.395,0.2351,-4.2781,-58.615,-9.9993,0.565,178.16,1
51.967,18.365,3.1425,0.2722,0.148,40.672,51.523,4.8777,2.3446,223.28,1
35.385,18.004,2.9279,0.3377,0.1848,26.94,26.605,8.6959,7.802,157.05,1
21.265,7.0229,2.1629,0.6942,0.3677,-24.465,-9.8968,6.3205,2.5515,157.82,1
28.541,9.6103,2.4241,0.516,0.2768,23.234,-21.328,-8.0494,28.382,149.88,1
19.847,16.338,2.567,0.561,0.294,20.084,13.989,12.851,62.971,110.85,1
26.074,10.186,2.2467,0.4419,0.2295,-12.053,-19.281,-5.1066,2.4234,175.31,1
57.778,19.018,2.9143,0.2667,0.1395,55.803,-22.215,-10.893,0.5243,193.25,1
30.13,18.652,2.6716,0.3131,0.1608,-33.66,-19.144,-6.9749,14.426,177.41,1
35.623,9.6289,2.4997,0.4494,0.2769,38.612,31.44,-7.1594,18.243,220.77,1
95.78,39.261,3.5245,0.1494,0.0889,-18.688,70.004,-24.229,8.2692,309.57,1
21.124,6.9854,2.0952,0.7229,0.3976,23.021,12.282,-6.2098,74.254,97.592,1
27.384,14.24,2.4448,0.5171,0.3034,-35.583,11.842,11.764,4.756,146.4,1
28.076,10.097,2.4289,0.5475,0.3073,-0.4728,27.249,-10.331,7.463,186.1,1
23.857,21.883,2.7388,0.2847,0.1432,-1.6833,14.752,-9.3657,16.405,132.21,1
26.119,11.952,2.5465,0.4716,0.2656,16.709,11.333,-9.5501,52.28,77.015,1
55.77,24.523,2.9848,0.2341,0.13,24.467,52.02,5.3759,0.554,280.76,1
23.995,16.237,2.4526,0.4974,0.2698,28.789,7.0294,-10.864,28.784,162.13,1
17.431,11.09,2.3304,0.5467,0.278,1.4738,-7.0305,-2.7501,66.116,196.6,1
65.131,26.084,3.345,0.2427,0.1385,-66.517,32.951,15.976,10.779,295.96,1
15.404,11.691,2.3927,0.6397,0.4069,-3.3332,-2.0741,8.3079,13.48,160.58,1
18.708,16.38,2.4749,0.5226,0.3032,24.409,-3.8482,16.739,81.691,200.77,1
35.92,21.208,3.0284,0.2651,0.1382,-42.812,-9.3284,-16.32,5.5489,154.24,1
71.984,28.941,3.0054,0.1511,0.0775,-128.87,55.776,9.6029,1.9438,199.4,1
60.849,14.083,2.7734,0.3555,0.2064,59.106,58.748,-8.632,0.294,167.11,1
47.538,33.455,3.2243,0.1581,0.0874,-41.955,-36.277,26.514,17.858,161.09,1
107.57,30.983,3.7089,0.1562,0.0783,-95.35,65.554,-23.407,2.376,304.36,1
21.13,6.6819,2.224,0.7582,0.4687,-20.323,-15.507,-6.1868,41.166,105.68,1
21.537,15.772,2.8142,0.4847,0.2937,11.77,14.572,-8.1782,5.69,88.548,1
48.017,32.658,3.4379,0.1791,0.1122,6.1968,37.02,23.577,8.7025,127.17,1
58.881,27.564,3.3251,0.1272,0.0636,23.529,-29.218,-6.3803,6.402,150.41,1
22.144,17.813,2.527,0.4309,0.2719,16.26,17.397,-13.366,14.469,155.12,1
55.675,22.186,2.3683,0.5139,0.2762,-44.851,-24.975,10.115,4.6566,337.9,1
67.702,22.168,3.2091,0.1551,0.0806,-108.55,-22.738,6.8237,1.7861,221.2,1
42.602,16.218,2.6542,0.2794,0.1408,5.828,-20.459,7.5307,9.8372,217.43,1
37.256,17.85,2.7226,0.3371,0.179,18.802,37.302,13.479,14.882,155.8,1
61.254,48.249,3.5864,0.1128,0.0693,43.248,45.333,37.827,14.498,93.009,1
46.55,21.731,2.641,0.3131,0.1726,56.63,42.953,21.968,18.72,245.8,1
28.441,20.246,2.7723,0.3851,0.2627,6.2512,17.618,7.2573,3.397,135.6,1
42.149,15.569,2.9877,0.285,0.1445,49.308,30.35,12.571,5.9184,158.07,1
20.784,7.1998,2.0512,0.6844,0.36,-0.2625,4.9374,-6.0148,64.912,242.85,1
46.208,23.155,3.5464,0.2265,0.1306,13.689,28.512,-10.842,1.516,180.67,1
25.235,18.419,2.7324,0.3759,0.1917,-20.404,-8.6552,3.845,40.51,236.14,1
22.231,11.887,2.4631,0.5508,0.3391,26.096,10.693,-7.5324,25.929,183.84,1
23.749,14.304,2.5359,0.4454,0.2489,7.857,13.377,-6.3338,41.11,176.65,1
18.85,16.12,2.4401,0.5154,0.2632,19.557,18.787,-9.781,25.809,224.66,1
49.091,32.903,2.9773,0.1665,0.088,-21.517,42.59,-13.901,7.0683,138.03,1
41.358,22.81,3.1327,0.2431,0.1249,-8.2096,35.608,13.572,13.988,205.32,1
42.224,19.976,3.2049,0.2583,0.1438,42.466,33.229,-12.701,4.262,192.23,1
30.312,20.522,2.8407,0.3074,0.1667,3.5422,-18.401,11.988,2.2899,133.19,1
30.244,25.838,3.1474,0.2977,0.1492,-9.0967,-32.584,10.705,75.166,215.26,1
55.2,17.464,2.7114,0.3343,0.1992,50.964,39.675,-8.2674,1.676,284.52,1
48.19,20.66,3.2588,0.2447,0.1425,16.278,32.289,-10.891,2.971,183.08,1
46.294,24.421,2.9513,0.2349,0.1214,27.123,43.112,6.4114,1.192,130.93,1
15.834,11.856,2.3075,0.6256,0.3276,-1.4905,4.782,-4.4923,46.639,226.35,1
18.509,11.512,2.3674,0.6867,0.4185,12.25,18.747,-8.7502,58.529,146.66,1
44.626,17.393,2.7846,0.2726,0.1404,10.046,36.816,13.21,19.383,175.41,1
91.37,49.016,4.1592,0.0857,0.0449,13.041,92.48,25.4,1.9148,179.31,1
21.295,16.357,2.6015,0.433,0.229,-11.121,10.283,-11.691,12.404,80.05,1
25.707,14.161,2.4362,0.4029,0.207,3.4381,19.433,-5.115,84.492,217.43,1
34.941,24.379,3.1654,0.2412,0.1261,32.576,-23.133,-14.59,5.6692,134.93,1
37.373,17.115,2.9786,0.2794,0.1612,-10.658,-26.285,10.301,1.006,186.09,1
82.409,21.576,3.0848,0.2468,0.1411,57.958,76.328,-17.134,0.617,283.98,1
78.91,21.989,3.2781,0.2546,0.1452,-51.304,57.268,6.5612,2.556,290.14,1
53.249,30.174,3.0022,0.2368,0.1259,51.821,44.165,-15.451,2.9517,290.65,1
19.789,12.989,2.4191,0.5067,0.2571,14.568,5.0107,3.8875,10.139,75.749,1
81.754,22.918,2.9741,0.3577,0.198,-26.153,-66.929,-11.134,0.2053,359.07,1
49.268,22.247,3.1854,0.278,0.1504,25.538,47.561,-9.1138,0.0549,234.99,1
43.394,14.38,2.7419,0.3315,0.1893,17.114,34.081,11.727,13.603,121.48,1
50.645,29.554,3.2977,0.193,0.1005,-67.051,44.601,-22.432,19.05,281.81,1
69.071,29.571,3.2854,0.1793,0.0998,-105.22,-35.529,-12.581,5.7152,295.27,1
41.249,18.348,2.9012,0.2624,0.14,-21.609,-17.918,-13.26,7.7318,194.28,1
39.044,27.417,3.2453,0.2081,0.1043,31.404,26.483,-14.849,25.577,140.27,1
32.918,18.535,2.9251,0.3125,0.1729,-10.621,-25.99,7.8666,7.387,229.3,1
21.433,9.5412,2.3945,0.5927,0.3569,3.145,-15.039,10.064,20.7,109.46,1
27.306,10.534,2.3936,0.5414,0.2768,26.577,22.586,-8.2512,22.574,195.66,1
68.923,18.009,2.7701,0.3684,0.2148,32.68,80.313,11.389,9.7906,199.81,1
102.45,27.583,3.0728,0.208,0.1129,-166.11,79.885,23.954,9.451,197.16,1
24.578,18.55,2.616,0.3366,0.1877,-7.833,-16.616,-8.6485,6.3722,201.21,1
66.827,21.8,3.0172,0.2259,0.1168,68.842,36.39,17.332,7.5468,257.38,1
34.328,16.639,2.847,0.3016,0.1529,39.411,13.535,13.324,16.762,198.94,1
35.706,19.281,2.7871,0.2857,0.1445,52.281,19.389,-12.692,0.762,210.4,1
34.556,17.71,2.5922,0.3453,0.1905,49.068,-12.14,13.305,8.284,197.11,1
51.542,17.196,2.4456,0.4194,0.224,40.869,46.729,-12.399,37.141,220.83,1
25.892,15.612,2.5179,0.3672,0.1836,27.815,18.011,10.193,17.314,134.68,1
48.975,20.558,3.1452,0.2126,0.1199,13.191,27.657,-11.58,1.66,195.18,1
20.853,10.668,2.1673,0.5918,0.3163,5.6259,-17.192,7.5715,85.47,102.54,1
52.517,20.297,2.8528,0.3579,0.2519,-33.549,11.463,-15.121,1.737,307,1
58.028,18.918,3.32,0.2924,0.1486,23.528,52.407,10.961,4.187,219.69,1
55.74,24.753,3.3886,0.2133,0.1342,45.254,47.681,14.87,1.7908,255.21,1
18.319,10.335,2.2405,0.6034,0.342,-21.807,-11.321,-4.3641,50.449,172.41,1
43.765,28.124,3.1033,0.1719,0.0871,-4.5542,34.305,9.9509,17.36,160.68,1
34.794,21.585,2.7771,0.3258,0.2097,-8.1357,14.995,-15.564,42.325,161.15,1
17.579,15.577,2.2601,0.6264,0.3819,-1.1812,-12.056,-15.515,62.119,211.03,1
94.922,28.241,3.5614,0.1952,0.1047,-12.186,55.112,10.224,2.3428,317.93,1
44.989,24.394,3.065,0.2213,0.1261,-10.31,39.096,15.22,6.065,157.06,1
12.736,11.623,2.5244,0.7145,0.3931,15.537,-8.7997,-9.7077,16.144,198.16,1
54.922,12.72,2.6355,0.3681,0.184,-6.127,-49.712,-5.4493,6.312,204.87,1
27.358,10.017,2.3627,0.5033,0.2798,15.578,19.523,5.0151,59.467,235.03,1
16.096,10.958,2.356,0.6872,0.4295,4.0339,-4.5897,8.8141,84.294,221.19,1
57.627,27.978,3.1556,0.246,0.1443,-59.722,43.875,-19.709,3.366,271.08,1
23.526,9.8446,2.3304,0.5561,0.3107,31.393,-15.045,-9.7726,11.282,161.44,1
21.043,10.22,2.2625,0.5847,0.3306,-5.7606,16.988,10.198,14.508,175.7,1
30.484,17.476,2.8218,0.2924,0.1515,-30.079,-5.7384,11.803,21.188,180.26,1
52.573,20.408,3.1411,0.2789,0.1507,31.586,50.714,14.275,10.364,217.54,1
69.018,17.95,2.8842,0.2324,0.1273,-12.73,50.867,8.4063,7.312,253.21,1
13.778,9.4179,2.2776,0.8443,0.4354,-14.667,-4.6403,11.659,42.553,145.2,1
22.394,19.355,2.5971,0.4298,0.2491,-1.6894,-20.017,-14.605,55.884,44.901,1
30.654,20.541,2.7547,0.3219,0.1697,17.819,21.119,-8.0913,42.632,114.63,1
26.235,13.423,2.3355,0.5127,0.3025,11.393,14.849,13.322,14.187,238.22,1
18.093,7.4076,2.2162,0.8024,0.5076,-3.0435,6.3958,-3.6485,6.1193,205.45,1
58.262,13.645,2.8686,0.3302,0.1658,14.6,64.837,5.4078,5.4939,229.28,1
19.024,12.771,2.3512,0.5523,0.2829,13.464,13.494,8.1203,41.866,107.45,1
16.757,11.162,2.3243,0.6019,0.3768,1.0378,-4.8525,7.3821,71.177,170.81,1
101.25,24.022,2.9696,0.2359,0.1206,-43.493,114.46,-6.8962,10.965,278.48,1
89.916,35.241,3.2243,0.2578,0.1334,-15.861,-53.008,-12.441,2.755,406.03,1
65.737,32.83,3.332,0.1364,0.071,83.028,49.273,-24.242,11.614,153.82,1
102.58,37.889,3.6564,0.1343,0.072,103.57,85.372,22.69,2.2189,210.98,1
23.429,15.089,2.7513,0.4858,0.2952,10.205,17.152,-5.1196,15.311,89.264,1
12.691,11.685,2.3375,0.6989,0.3931,-15.763,9.6199,-5.1042,7.208,194.4,1
53.116,25.717,3.3184,0.1951,0.0982,38.83,40.402,-19.414,2.73,226.38,1
78.812,28.728,3.5756,0.2011,0.108,-19.356,72.775,-18.011,2.442,340.08,1
62.063,17.39,2.7782,0.3667,0.2292,71.298,52.494,-11.199,3.9526,254.03,1
13.379,10.479,2.2516,0.7955,0.4006,-14.95,-1.9838,11.901,77.826,138.52,1
16.193,11.165,2.356,0.6652,0.3855,4.8248,-6.9421,-8.1622,56.535,168.5,1
39.599,29.393,3.0276,0.2027,0.1178,-1.9512,17.624,15.995,1.0378,156.54,1
21.434,14.753,2.3589,0.4683,0.2385,-33.945,17.357,-6.2743,10.066,192.93,1
29.649,19.076,2.5746,0.3036,0.1638,-23.34,-17.88,14.376,3.2425,135.35,1
35.368,25.523,3.0959,0.2117,0.1079,2.0661,24.007,-7.1707,6.862,212,1
71.892,32.069,3.662,0.226,0.1299,-39.944,57.961,26.38,4.088,299.69,1
72.618,17.185,2.871,0.2355,0.1245,28.439,65.415,-15.187,6.9791,265.69,1
43.311,17.293,2.9511,0.376,0.2188,15.608,38.779,10.453,12.265,250.71,1
26.872,10.844,2.5798,0.4789,0.2829,4.5245,21.714,11.098,14.532,202.71,1
32.492,9.5923,2.534,0.4854,0.3173,4.226,-18.377,-11.367,8.249,230.03,1
42.247,17.753,2.9472,0.2292,0.1259,-8.9215,19.112,-7.6275,0.8358,217.04,1
43.179,22.738,3.1547,0.2213,0.1285,49.441,34.151,-12.376,15.419,154.49,1
31.785,27.154,2.9791,0.2697,0.1495,14.943,-22.296,-22.785,10.477,221.64,1
32.302,14.813,2.7832,0.4382,0.2595,40.927,23.385,12.326,10.836,131.52,1
71.423,38.236,3.105,0.3243,0.2171,27.563,-34.829,-17.904,7.078,356.71,1
21.414,6.4432,2.1383,0.7564,0.4982,19.569,16.597,-6.3612,81.938,225.73,1
18.809,13.767,2.6248,0.5623,0.293,-9.3016,17.572,-6.1703,55.162,183.9,1
28.733,16.465,2.8014,0.3776,0.1935,19.948,16.908,-11.161,11.896,234.12,1
43.62,21.698,3.1274,0.2528,0.1689,18.545,29.263,10.558,5.9851,186.26,1
31.107,14.701,2.534,0.4474,0.2325,5.0301,-10.451,8.9168,22.259,213.06,1
39.071,26.964,3.2096,0.195,0.1003,17.487,31.103,20.494,41.209,64.73,1
58.845,25.102,3.3036,0.1928,0.1031,-72.572,35.798,-21.106,0.5904,256.99,1
73.375,18.755,2.8612,0.2299,0.1204,29.706,-64.867,-14.506,11.261,109.48,1
14.92,11.684,2.4031,0.668,0.4565,1.9795,5.2565,-9.1396,29.14,217.01,1
34.908,21.943,2.8779,0.2384,0.1225,37.357,27.342,-6.7122,19.179,89.627,1
87.757,39.433,3.9338,0.1399,0.0809,-38.488,69.049,14.021,1.2098,291.82,1
25.675,11.16,2.7084,0.5068,0.2652,22.198,-17.456,-9.8782,19.392,126.14,1
58.812,21.294,3.1422,0.3186,0.205,-31.749,33.41,17.429,1.4238,308.22,1
64.557,12.63,2.658,0.3956,0.2099,41.427,66.473,1.7769,1.1676,191.29,1
26.349,10.229,2.2978,0.5038,0.2746,10.496,21.136,3.9297,43.723,199.47,1
20.496,7.2066,2.1089,0.7315,0.3696,-2.7703,10.558,-5.7447,58.679,137.12,1
73.191,27.945,3.2926,0.3135,0.2149,4.7674,38.675,29.003,0.7768,345.9,1
70.69,20.586,2.8865,0.2896,0.1474,-88.081,37.338,-10.66,1.638,252.56,1
41.313,23.087,2.8913,0.2261,0.115,47.405,17.094,-13.933,2.1898,154.98,1
38.305,9.9404,2.4306,0.538,0.3618,36.157,34.316,6.2768,29.98,137.62,1
131.38,53.11,3.8184,0.0948,0.0491,-122.72,35.932,-29.467,4.2249,299.38,1
48.576,14.658,2.9227,0.2927,0.1655,-1.0564,20.484,10.198,3.4252,225.41,1
25.651,15.297,2.5871,0.3907,0.1979,-21.208,16.488,12.478,64.224,149.84,1
37.963,24.188,2.8354,0.2264,0.1468,37.707,19.804,14.882,1.7101,186.55,1
12.943,11.219,2.0737,0.7426,0.4262,14.678,-7.1385,10.308,89.746,155.37,1
24.833,15.662,2.5949,0.4269,0.2274,5.8766,17.18,9.8723,4.833,165.04,1
38.078,17.471,2.7466,0.3011,0.1532,23.444,30.653,-11.801,20.797,179.29,1
48.631,22.851,3.3797,0.2299,0.1191,48.98,42.138,10.527,6.54,109.08,1
25.644,10.274,2.3551,0.4636,0.2318,32.471,20.28,6.9712,13.658,214.74,1
101.89,59.174,4.2409,0.0884,0.0459,71.749,75.78,-44.795,3.4479,328.33,1
121.72,44.587,4.0204,0.0985,0.0511,-117.11,101.35,19.442,1.542,222.77,1
17.926,10.643,2.2765,0.5979,0.3201,-2.1462,8.1116,6.1012,52.331,170.66,1
21.324,10.357,2.2227,0.5689,0.3204,-4.2531,16.437,8.393,40.395,249.43,1
98.213,28.308,3.3673,0.1842,0.1045,-71.694,65.191,24.174,4.1168,309.27,1
46.939,17.386,3.1515,0.2554,0.1337,20.952,34.841,-4.2699,0.8525,228.67,1
17.955,10.674,2.2122,0.5767,0.3221,0.89,-6.0434,6.0658,6.7579,105.54,1
21.288,10.099,2.179,0.5828,0.3278,5.3474,-16.842,-10.267,8.167,244.58,1
87.86,25.207,2.9337,0.2306,0.1194,-154.18,72.449,15.946,4.4324,302.59,1
38.255,10.893,2.586,0.4021,0.2218,40.973,34.463,-10.354,1.2447,177.76,1
19.551,8.981,2.29,0.6769,0.4641,-1.6922,12.641,-9.3105,9.757,128.36,1
42.679,15.037,2.721,0.2947,0.1606,56.043,-23.93,3.407,1.891,206.13,1
93.929,32.997,3.7322,0.1916,0.1068,-2.8685,52.72,11.443,0.034,338.29,1
93.143,30.22,3.9876,0.1239,0.0626,-70.49,87.663,16.648,0.4777,291.06,1
25.622,16.494,2.8212,0.4166,0.2091,11.094,16.431,10.767,0.632,207.65,1
23.188,14.889,2.4502,0.4362,0.25,-10.488,9.837,13.402,9.004,93.471,1
20.326,10.534,2.2504,0.5955,0.3343,7.1802,-17.382,-10.153,30.898,88.021,1
33.595,21.312,2.6294,0.2746,0.142,-28.088,-12.249,-16.348,29.363,135.21,1
90.678,28.901,3.57,0.1655,0.1003,-32.664,65.308,-22.235,2.94,327.72,1
64.949,24.887,3.4594,0.1958,0.1023,44.573,67.338,-5.5622,0.76,180.87,1
30.403,19.99,2.5635,0.3333,0.1735,10.535,-14.826,11.997,52.828,142.68,1
13.026,10.224,2.2889,0.7866,0.527,12.257,6.89,8.8261,51.847,195.59,1
27.094,19.634,2.9332,0.393,0.2385,-8.1922,-14.697,-10.997,22.48,51.053,1
24.069,16.505,2.5065,0.4611,0.2321,9.2041,22.983,-14.977,33.421,195.52,1
23.451,17.346,2.5218,0.4451,0.2601,23.237,-13.215,6.3376,3.393,130.97,1
85.665,29.214,3.6516,0.1733,0.0945,-17.994,72.369,-21.555,1.8868,321.6,1
86.331,18.566,2.6998,0.3453,0.1747,52.321,85.357,7.453,7.6904,290.64,1
12.502,11.962,2.07,0.6894,0.3617,-16.345,9.7832,-9.1553,23.711,105.82,1
23.287,10.557,2.1987,0.5443,0.288,33.004,-17.312,8.7295,33.307,193.67,1
31.452,11.811,2.4713,0.4088,0.2416,-15.751,-9.0566,-11.393,14.167,153.18,1
61.084,21.846,3.0682,0.206,0.1132,42.066,31.311,-12.471,12.079,225.57,1
15.195,12.062,2.4594,0.6563,0.3767,-1.3331,1.2266,-6.8433,63.395,117.99,1
20.21,16.015,2.5391,0.4335,0.2558,19.521,14.019,-8.0444,66.05,95.413,1
33.126,12.824,2.4836,0.3711,0.1954,20.462,20.455,-11.036,1.3049,156.83,1
15.296,11.997,2.2718,0.6524,0.3824,-1.0415,1.6615,7.1066,54.997,220.13,1
44.509,20.58,2.8951,0.2215,0.1203,33.086,-22.852,11.069,11.329,113.05,1
12.846,11.462,2.2,0.7319,0.3943,-15.168,7.1055,-11.115,60.268,47.705,1
47.018,16.281,3.0941,0.2705,0.1775,38.753,32.246,-8.6135,5.59,197.98,1
78.768,28.262,3.5831,0.1481,0.0866,44.077,72.166,-12.829,2.3175,174.54,1
18.386,10.369,2.3541,0.5752,0.3341,-22.187,-11.028,1.9842,4.135,212.18,1
101.3,21.531,3.1079,0.1825,0.0932,93.753,76.992,-15.873,2.349,243.96,1
20.528,7.2627,2.1021,0.6957,0.3755,0.4696,-5.8225,5.8149,63.637,174.24,1
112.41,22.407,2.9415,0.2551,0.1402,-70.252,39.039,15.235,1.949,315.41,1
31.71,13.3,2.667,0.4306,0.2314,39.179,16.909,-6.5925,6.187,197.3,1
40.099,16.226,2.7846,0.3415,0.2143,22.694,27.223,9.7016,0.805,181.45,1
12.94,11.065,2.1508,0.7279,0.4558,14.138,-7.2703,0.4439,72.53,220.16,1
59.988,13.998,2.772,0.3009,0.1665,62.559,38.974,-4.326,5.453,228.92,1
24.528,16.619,2.5539,0.4749,0.25,23.886,24.452,-4.0409,34.592,196.13,1
23.627,10.428,2.3971,0.5892,0.3788,12.087,20.379,8.4867,62.979,181.7,1
35.127,10.243,2.5296,0.4225,0.2408,46.972,10.703,-4.7189,1.0485,150.9,1
18.666,12.814,2.4023,0.5465,0.3307,14.928,12.661,7.719,71.092,131.82,1
30.303,11.855,2.5781,0.3567,0.181,14.938,-21.933,-6.1281,0.274,201.54,1
29.066,12.547,2.5422,0.4849,0.3458,16.994,24.778,-11.576,8.953,154.32,1
18.142,10.691,2.3324,0.5442,0.286,-0.7682,6.0744,4.7684,42.849,175.7,1
17.781,15.102,2.5629,0.5718,0.3297,-7.63,15.65,11.849,30.474,101.09,1
55.791,20.717,3.1128,0.2221,0.1207,60.73,31.254,14.223,2.106,197.87,1
45.464,28.662,2.9724,0.2962,0.1625,55.95,26.407,24.077,4.5248,266.22,1
20.164,12.727,2.4448,0.4452,0.2316,-19.157,-6.4733,6.7455,11.655,188.7,1
36.833,11.236,2.5079,0.4348,0.2593,-16.411,-26.933,11.25,8.762,199.2,1
78.397,24.493,3.3175,0.2291,0.1369,-31.049,66.259,13.184,0.2485,299.17,1
112.24,33.406,3.252,0.2771,0.1391,7.8799,-91.484,33.594,0.9466,348.12,1
47.283,29.891,3.226,0.211,0.1132,15.995,45.415,16.482,18.205,256.8,1
24.855,14.28,2.5119,0.4554,0.2815,14.551,16.81,-11.688,19.157,196.39,1
21.166,7.0827,2.1222,0.6792,0.3434,25.43,7.0017,-6.2694,89.703,260.04,1
61.457,18.204,2.9178,0.3082,0.1662,34.274,60.215,-16.775,5.6897,142.85,1
21.175,8.9576,2.29,0.6256,0.3872,-3.2264,14.488,10.434,60.302,192.05,1
64.579,21.374,3.343,0.1621,0.0878,55.999,51.395,-12.416,0.209,205.94,1
40.391,9.2676,2.4048,0.4449,0.2579,17.32,34.017,-9.2817,1.0037,243.84,1
23.775,0,2.055,0.7225,0.3656,0,0,-12.4,38.308,165.55,1
22.757,11.795,2.4158,0.5797,0.405,23.103,16.585,-9.3735,43.303,171.04,1
32.434,14.59,2.6191,0.3846,0.1983,14.453,28.422,5.4962,59.469,200.73,1
25.921,14.045,2.6933,0.5025,0.2948,4.897,20.141,6.2421,9.6072,125.72,1
80.926,38.443,4.0026,0.1097,0.0581,85.308,77.378,29.354,3.9366,234.27,1
29.987,11.464,2.6289,0.4277,0.2667,16.682,24.978,5.2365,2.593,242.32,1
30.709,15.796,2.7336,0.3379,0.1727,4.3435,16.983,-14.176,3.388,214.72,1
50.784,17.019,2.6618,0.2985,0.1558,46.008,39.383,8.6514,4.89,204.05,1
66.053,47.601,3.386,0.0962,0.0504,6.0286,51.205,25.08,19.589,175.87,1
24.246,19.116,2.8392,0.3273,0.1644,2.7627,16.439,-6.85,25.786,91.159,1
54.407,27.49,2.8976,0.2316,0.1196,26.925,58.495,-18.437,65.913,105.01,1
24.712,16.139,2.5988,0.5088,0.3287,27.29,21.323,15.989,33.725,153.4,1
40.666,18.161,2.8007,0.2864,0.1448,12.695,34.653,-12.256,13.278,116.04,1
23.46,14.405,2.574,0.5467,0.3347,5.8943,18.441,-11.276,14.327,95.061,1
24.151,17.306,2.5315,0.5706,0.3603,15.595,20.389,10.528,30.271,108.08,1
18.623,12.669,2.3829,0.5921,0.3375,-14.317,-14.912,-3.1822,85.558,91.078,1
31.793,15.029,2.6772,0.3049,0.1546,-4.5804,23.116,-9.7153,2.765,152.77,1
41.166,12.227,2.766,0.3393,0.1757,-15.798,-25.819,10.636,0.1056,224.03,1
20.638,7.2364,2.1189,0.692,0.3688,0.4506,-5.8171,-5.9033,46.992,151.99,1
54.744,23.68,3.5511,0.2007,0.1098,11.236,54.616,-11.512,0.267,198.47,1
24.142,14.376,2.5328,0.4223,0.2126,38.197,-16.03,12.646,13.846,61.753,1
42.834,11.395,2.2683,0.4313,0.2237,18.807,28.836,6.8468,9.9089,173.18,1
27.072,23.028,2.8231,0.272,0.1375,-9.724,16.309,15.027,17.847,44.028,1
57.427,20.265,3.2958,0.1827,0.0939,64.839,48.488,14.587,9.716,211.04,1
25.141,10.805,2.3865,0.5626,0.3593,4.0279,17.92,10.974,2.4381,171.21,1
94.831,49.8,3.2971,0.283,0.2021,15.806,93.826,47.083,26.054,358.28,1
30.385,18.483,2.7631,0.3279,0.1734,-33.901,-18.143,-7.3238,66.122,87.271,1
21.868,15.384,2.4362,0.4249,0.2546,25.456,13.53,3.9643,17.298,205.66,1
25.337,19.676,2.6117,0.3081,0.1577,-1.3407,20.149,-8.5206,6.733,182.36,1
104.69,21.287,2.4935,0.6067,0.3836,-37.843,-108.75,20.02,10.285,306.4,1
21.709,14.887,2.5145,0.4709,0.237,-24.401,-7.3236,-10.315,3.465,158.37,1
39.909,17.123,2.7243,0.2981,0.1538,27.75,34.837,-8.4203,40.603,70.962,1
26.394,12.821,2.637,0.4406,0.2411,-1.3667,13.926,8.751,14.961,152.9,1
35.804,19.448,2.9516,0.2247,0.1224,15.856,16.577,-10.198,4.8668,195.82,1
27.419,15.315,2.7903,0.3404,0.1726,-8.7636,-16.478,8.2719,4.681,198.65,1
30.914,13.207,2.6902,0.3755,0.2031,43.983,14.663,-7.6709,11.267,149.85,1
43.867,17.484,2.7749,0.3543,0.1805,36.909,51.419,8.7308,39.896,145.37,1
50.041,22,2.9715,0.2072,0.1148,-0.5484,44.827,16.62,30.836,50.628,1
113.56,22.193,2.5283,0.3881,0.2119,-128.2,86.79,13.651,11.697,268.96,1
31.932,19.254,2.7882,0.3518,0.2011,6.4928,27.081,-14.729,3.7064,110.55,1
12.951,11.316,2.1319,0.7454,0.3801,15.013,-3.9388,11.753,13.523,229.31,1
42.467,21.89,2.7789,0.2196,0.1106,-16.539,31.003,-9.7202,4.9852,170.72,1
94.773,28.429,3.6073,0.1808,0.1091,-13.62,79.672,9.2957,2.012,326.81,1
57.511,19.264,2.9741,0.258,0.1385,59.531,52.213,-16,3.837,227.06,1
117.31,24.675,2.9445,0.2886,0.1563,116.22,90.68,-29.085,0.0969,342.71,1
13.453,9.7891,2.2418,0.8252,0.4957,13.003,7.8225,-11.4,11.466,172.05,1
35.354,18.577,2.6069,0.3708,0.2114,-29.818,19.33,6.679,8.458,126.1,1
49.63,29.602,3.2204,0.1511,0.081,5.0277,15.8,14.181,27.672,108.9,1
87.033,28.172,3.1422,0.2818,0.1568,-5.324,75.945,-24.755,1.3845,335.67,1
18.513,9.9386,2.2648,0.6304,0.394,20.055,13.194,-3.825,40.251,93.42,1
12.968,11.263,2.1351,0.7473,0.3993,-14.931,5.6859,11.516,55.549,197.41,1
18.78,12.749,2.4385,0.5683,0.3005,14.613,13.688,-6.362,84.509,40.3,1
103.23,10.223,2.5276,0.457,0.2418,-86.131,69.903,-4.9809,2.4303,335.47,1
33.512,18.7,2.9937,0.2872,0.1456,-36.074,-25.095,4.0595,13.848,205.34,1
53.957,19.904,2.9829,0.2278,0.1295,57.776,-22.019,12.36,7.5737,145.46,1
34.154,17.176,2.7139,0.3034,0.1556,-26.612,-15.812,6.226,2.561,200.02,1
60.459,21.134,2.9117,0.2757,0.1808,48.801,50.998,15.555,9.214,287.47,1
20.8,9.5045,2.2405,0.6264,0.3764,-4.7991,15.681,-10.512,63.597,131.83,1
45.779,16.007,2.9761,0.2779,0.1421,-13.645,-26.445,-9.6365,0.6344,242.53,1
57.053,36.147,3.215,0.3456,0.1911,-1.5925,46.831,19.09,9.093,341.91,1
34.471,22.056,3.2102,0.2478,0.1316,12.128,9.5699,-5.215,14.08,133.51,1
31.478,15.388,2.6243,0.38,0.196,12.163,26.655,-7.7743,0.2487,222.14,1
44.751,21.2,3.1326,0.2027,0.1057,38.135,30.1,16.451,7.475,188.39,1
22.861,12.679,2.5159,0.5122,0.3034,21.061,12.044,-9.4541,8.694,156.34,1
34.618,15.493,2.6031,0.4214,0.2756,34.865,31.853,13.77,22.713,87.466,1
25.282,19.674,2.702,0.4052,0.2195,8.9062,-17.34,15.547,0.683,234.62,1
40.541,24.349,3.0255,0.1895,0.1014,37.764,18.924,-6.4496,1.3003,157.02,1
18.155,10.582,2.2967,0.5758,0.3106,1.1567,-6.8206,5.7736,89.676,76.674,1
13.561,9.9818,2.2135,0.8196,0.4373,14.375,5.3303,-11.788,18.919,224.9,1
13.582,9.9525,2.2317,0.8211,0.4311,-14.532,-4.8815,-11.802,71.581,88.082,1
67.22,33.989,3.3646,0.1352,0.0702,17.867,52.194,-10.902,5.667,243.94,1
29.843,10.624,2.3589,0.5339,0.3348,26.962,25.602,9.6283,75.863,240.56,1
30.284,14.23,2.7292,0.3993,0.2062,11.361,24.845,-7.1478,3.1825,61.009,1
50.916,14.35,2.8205,0.2298,0.1172,40.194,24.662,8.1326,1.603,236.84,1
46.457,13.586,3.0759,0.3417,0.1759,-4.1577,37.202,-8.9399,6.509,234.11,1
63.69,31.538,3.3268,0.2417,0.1468,-22.843,46.362,20.723,14.844,305.95,1
29.738,12.074,2.5821,0.4058,0.2212,-34.608,-25.076,10.351,14.908,184.87,1
81.264,10.659,2.4942,0.3878,0.1939,86.168,48.271,9.9464,1.28,194.19,1
48.268,26.838,2.7059,0.2441,0.123,13.835,-36.664,-20.275,35.118,97.574,1
29.7,14.132,2.5099,0.4513,0.2581,10.206,23.692,-7.8984,43.462,193.31,1
59.489,14.529,2.841,0.3071,0.1637,11.995,54.241,-2.8687,1.534,228.38,1
70.245,19.476,2.9562,0.2721,0.1499,77.452,-35.901,-9.1656,5.353,259.38,1
21.68,6.7937,2.1629,0.7079,0.4089,23.243,12.47,6.5229,65.679,111.96,1
71.566,13.85,2.9085,0.2864,0.1747,-49.937,59.117,-8.5215,5.9543,281.52,1
28.251,17.084,2.5447,0.3566,0.1812,-24.56,-22.346,9.1621,1.282,160.57,1
41.106,17.066,2.8633,0.3548,0.1842,7.2919,23.463,13.828,0.4014,217.19,1
94.609,27.512,3.26,0.1259,0.0651,-82.889,71.844,21.339,2.314,277.22,1
20.503,7.2654,2.0626,0.7013,0.3766,-0.7719,6.8528,5.7918,66.693,190.71,1
62.14,18.876,3.0364,0.3384,0.2,-31.987,44.595,11.812,8.203,328.44,1
31.176,19.371,2.8338,0.3152,0.1957,21.741,-6.6024,16.949,12.969,200.78,1
62.888,26.251,3.2584,0.1572,0.0907,59.201,42.536,12.841,14.193,149.35,1
44.226,19.319,2.7513,0.2996,0.1516,38.403,19.072,6.3077,4.217,205.96,1
12.473,12,2.0588,0.69,0.3537,15.977,-8.438,-10.667,19.115,120.72,1
24.14,15.162,2.596,0.4537,0.2573,11.727,15.009,-2.9487,7.8407,168.78,1
40.097,21.505,2.9941,0.2524,0.1343,42.961,34.346,-11.414,0.183,147.84,1
34.614,18.745,2.792,0.2825,0.1461,-2.6052,21.919,-2.9381,13.193,203.7,1
30.461,19.595,2.679,0.3288,0.2188,9.1986,24.433,-14.321,6.7859,67.047,1
91.158,28.276,3.505,0.1622,0.0842,22.977,81.406,18.604,0.5,309.17,1
25.377,9.1271,2.3988,0.5469,0.3493,12.506,-10.153,4.4152,9.172,208.38,1
18.3,12.505,2.4676,0.6576,0.3663,8.8926,-15.848,2.1252,73.658,189.6,1
47.814,39.37,3.2659,0.2245,0.1141,46.292,34.27,-23.227,12.069,152.65,1
20.39,9.174,2.4298,0.6245,0.3587,-23.569,-11.168,-2.6202,7.6029,238.21,1
39.214,19.604,3.0575,0.2348,0.1301,44.975,-6.7978,-15.633,2.53,153.23,1
46.207,14.526,2.752,0.4566,0.2381,26.491,48.97,-12.909,53.676,75.349,1
45.375,23.986,3.1012,0.2131,0.1248,18.936,29.98,-15.023,1.1294,126.67,1
72.981,24.834,3.1974,0.1853,0.0936,32.66,67.66,16.271,2.203,239.3,1
33.782,26.339,2.9717,0.2124,0.1062,7.4761,-25.074,19.465,2.0557,171.82,1
42.118,15.666,2.8716,0.293,0.1673,-8.2759,-31.972,-11.556,4.9345,159.29,1
75.675,21.509,3.159,0.2982,0.1772,-57.889,40.895,-15.633,6.69,339.36,1
13.655,9.7647,2.3064,0.8296,0.4321,-14.589,-4.8081,-11.764,35.794,145.98,1
107.51,41.832,3.6121,0.117,0.0653,87.865,88.203,-36.017,4.5595,254.7,1
20.529,10.179,2.2672,0.6,0.3649,-4.3996,15.818,-8.6331,34.677,130.88,1
81.088,22.418,3.1912,0.2434,0.1265,59.44,88.151,-13.103,3.357,275.78,1
101.58,27.699,2.9921,0.2138,0.1074,61.203,107.88,-17.373,22.201,215.88,1
97.034,32.985,3.9343,0.1198,0.0603,34.088,89.932,-18.984,0.4882,290.22,1
27.597,14.505,2.7627,0.3938,0.2012,-4.693,-18.194,-5.3399,10.469,156.26,1
30.259,13.988,2.601,0.3559,0.1892,21.905,21.087,9.6346,8.936,126.81,1
28.778,15.095,2.4683,0.4116,0.216,9.8831,-17.471,-10.049,30.035,97.793,1
34.018,21.545,2.98,0.2649,0.1555,11.486,-22.934,13.132,2.68,178.21,1
93.408,25.707,2.9841,0.2448,0.1302,-7.9169,58.862,22.649,1.7356,321.95,1
19.984,11.283,2.3962,0.5984,0.3072,12.269,18.484,-7.9177,26.112,148.31,1
19.2,12.811,2.3531,0.541,0.286,-12.046,-13.913,8.4257,8.542,172.94,1
29.171,15.675,2.8519,0.3755,0.2356,5.0717,12.015,-7.9798,1.9602,243.33,1
37.589,20.694,2.851,0.2805,0.1459,21.125,32.363,-7.7212,16.405,213.39,1
22.837,16.67,2.5569,0.3634,0.1983,6.6143,8.2835,-14.778,66.247,94.912,1
81.22,28.646,3.6016,0.2255,0.1518,-20.316,62.624,-14.49,5.123,309.6,1
47.867,18.77,3.073,0.2342,0.1213,30.575,31.939,10.45,0.94,188.27,1
112.7,75.603,4.3784,0.0668,0.034,71.743,72.196,40.15,6.2016,310.39,1
33.117,14.935,2.4807,0.3901,0.2099,-20.319,-19.673,13.081,5.7762,196.86,1
66.415,22.961,3.5732,0.2434,0.1236,21.864,64.511,7.9777,1.147,231.36,1
81.466,30.423,3.2921,0.2174,0.1406,-44.115,-43.242,-7.2463,4.047,297.31,1
30.304,10.751,2.5205,0.4284,0.273,-0.3839,-12.696,-4.3567,66.074,131.15,1
21.479,13.61,2.6042,0.4627,0.25,1.588,-11.4,2.9769,25.464,166.19,1
27.616,18.087,2.6309,0.3275,0.186,-11.888,-13.022,6.0149,85.521,72.356,1
114.43,23.5,2.9892,0.2829,0.1492,-112.67,69.235,5.8864,13.064,292.24,1
47.811,20.548,3.0445,0.1913,0.1015,57.698,-19.869,7.6107,8.4572,196.4,1
47.043,14.701,2.4133,0.4015,0.2143,-63.236,31.099,5.7917,24.114,154.35,1
29.891,20.064,2.7105,0.3525,0.1801,28.062,-12.498,-21.029,45.781,187.61,1
75.505,23.002,3.2234,0.2045,0.1055,-82.446,57.015,17.736,2.359,279.1,1
39.302,21.677,3.033,0.2234,0.1145,50.922,27.513,14.801,1.1935,209.7,1
19.157,10.029,2.2577,0.558,0.3232,23.541,10.173,3.0261,4.0951,205.98,1
28.943,6.5579,2.2967,0.596,0.3308,8.6798,17.96,3.8644,6.62,223.89,1
20.704,7.1448,2.0774,0.728,0.3724,23.553,11.069,5.9148,9.9488,180.94,1
89.036,25.232,3.2725,0.2904,0.1455,-85.693,-27.183,16.097,3.585,346.68,1
26.008,7.2405,2.2405,0.6264,0.3247,-12.996,-4.6882,3.1342,22.151,217.2,1
94.169,29.233,3.9195,0.1425,0.0746,53.495,83.071,-13.765,2.8085,270.09,1
69.501,26.135,3.1902,0.1936,0.0971,55.815,54.276,-20.41,7.564,266.43,1
38.224,28.328,2.8648,0.2594,0.1536,11.831,-21.622,16.187,10.512,149.79,1
87.739,35.333,4.0381,0.1302,0.0735,-25.889,73.847,21.117,1.3186,303.32,1
80.447,40.729,3.6723,0.2235,0.1222,-15.877,-38.102,-15.232,1.385,363.68,1
30.051,18.189,2.8859,0.3381,0.171,6.5484,24.021,10.227,1.293,114.61,1
64.327,25.988,3.7035,0.1524,0.0769,28.683,28.593,-8.1504,0.216,216.03,1
20.943,14.775,2.5065,0.5202,0.3474,18.922,17.923,-8.4022,23.477,210.48,1
25.797,15.054,2.608,0.4069,0.2109,-18.201,13.429,9.2773,58.624,38.535,1
38.715,16.281,2.6744,0.3259,0.1788,-31.031,-31.331,4.5476,22.301,183.41,1
13.182,10.44,2.1446,0.7885,0.4839,13.257,5.6969,10.769,24.901,92.359,1
22.256,10.187,2.2553,0.5833,0.325,-22.848,-18.71,10.994,13.602,172.62,1
19.817,7.3893,2.0473,0.7265,0.417,1.0826,-6.9975,-5.1063,81.215,158.56,1
13.236,10.752,2.1414,0.7798,0.4152,-14.622,-2.1701,11.797,85.465,124.19,1
33.61,24.412,2.8466,0.2235,0.1146,23.885,30.414,4.9547,51.734,158.33,1
28.822,17.291,2.8007,0.3623,0.1859,10.334,24.65,7.692,3.879,140.62,1
17.092,10.64,2.2878,0.634,0.4098,0.497,-3.7506,7.8839,28.07,234.95,1
19.67,13.518,2.574,0.5467,0.3133,2.1252,-9.3456,5.6636,75.209,173.98,1
28.094,7.6208,2.2529,0.5754,0.3101,-9.715,9.1899,4.5138,15.249,201.22,1
44.462,19.673,2.73,0.298,0.1629,-27.179,22.83,-19.146,40.212,84.838,1
96.455,33.856,4.0044,0.1104,0.0553,71.217,78.543,21.869,1.7133,281.19,1
35.841,16.505,2.5132,0.4969,0.2623,17.012,37.124,-8.7592,9.1922,194.15,1
38.517,10.166,2.5605,0.3961,0.2022,-16.401,23.976,6.2005,7.331,193.49,1
117.16,21.591,3.0204,0.3015,0.1665,-117.49,-73.377,-14.386,0.181,324.71,1
35.688,18.012,2.6794,0.3075,0.1872,-33.185,-25.667,13.775,7.742,149.64,1
31.289,15.222,2.5244,0.3856,0.2138,29.988,12.663,-9.2623,4.9939,132.36,1
59.478,13.557,2.4141,0.3198,0.1638,67.732,-35.11,-5.2625,3.525,235.19,1
26.911,15.433,2.6498,0.5084,0.2609,11.742,-14.706,11.105,25.609,124.22,1
23.583,19.116,2.6776,0.3529,0.1922,35.495,10.325,7.6602,9.3069,94.44,1
35.343,20.362,3.0548,0.2803,0.1653,16.988,33.894,-11.498,4.405,96.484,1
80.277,42.318,3.9704,0.1066,0.0571,58.195,88.308,34.066,5.913,178.57,1
73.975,21.008,3.0048,0.2779,0.1538,-116.76,43.881,18.841,2.006,303.87,1
86.164,27.882,2.8179,0.3224,0.165,-58.791,-32.067,8.4158,3.0817,272.06,1
88.406,27.088,3.4214,0.1917,0.0998,-112.68,63.357,-18.634,3.617,308.51,1
25.989,0,2.3274,0.7576,0.4212,-27.459,-14.225,-0.0001,15.89,189.79,1
64.129,22.332,3.1268,0.1845,0.0952,73.149,45.364,17.693,3.778,268.46,1
22.236,12.701,2.5527,0.4678,0.2535,-9.572,8.4235,8.2337,52.262,160.33,1
69.814,23.196,3.3432,0.245,0.1304,81.679,51.942,15.612,9.604,237.32,1
55.74,24.038,3.1351,0.167,0.0861,-44.197,-42.202,-13.135,18.03,200.4,1
63.613,16.752,2.7653,0.2884,0.1554,39.517,59.609,12.234,1.1868,247.4,1
18.557,16.429,2.3793,0.4927,0.2818,5.6607,-17.031,8.3854,47.746,111.77,1
19.047,7.3919,2.1255,0.779,0.4532,3.2134,-8.8712,3.604,37.938,223.94,1
95.103,34.078,4.0022,0.1101,0.0551,95.189,90.402,26.214,0.851,253.54,1
13.105,10.576,2.2266,0.7774,0.4837,-13.3,-4.3241,-10.183,10.381,183.96,1
26.056,12.022,2.4969,0.4777,0.285,-6.0085,-21.217,11.014,2.8978,83.999,1
41.617,27.522,3.3406,0.2131,0.1134,1.9107,42.088,-13.334,25.23,135.35,1
52.77,22.759,3.301,0.221,0.1213,-10.062,-38.666,-11.535,0.249,246.17,1
26.986,16.813,2.5717,0.3834,0.2587,9.5514,19.838,-16.386,19.469,121.15,1
44.216,19.886,3.1252,0.2759,0.1548,36.291,39.232,-5.6117,9.565,144.71,1
13.432,10.277,2.2082,0.805,0.4365,-14.296,-5.126,11.786,67.16,49.555,1
107.22,43.898,3.1741,0.1333,0.0693,-173.91,67.392,-30.026,4.3625,226.22,1
38.164,17.859,2.9206,0.2605,0.1483,-11.264,-16.476,5.0214,22.441,205.12,1
12.964,11.295,2.0952,0.747,0.3735,15,0.4805,-11.786,5.011,75.287,1
49.651,24.728,3.0939,0.2199,0.1116,39.517,41.635,-15.346,0.839,264.9,1
55.421,22.912,3.3071,0.319,0.2157,-34.888,46.811,-16.803,2.0902,295.37,1
36.993,11.459,2.6513,0.4353,0.2355,30.074,19.807,-11.624,4.1823,196.18,1
18.901,10.197,2.2695,0.5538,0.3145,-23.607,-9.8477,-2.8327,0.3038,80.317,1
23.621,18.012,2.7782,0.3767,0.1925,15.094,19.993,10.508,6.675,94.941,1
25.335,22.082,2.7616,0.3377,0.1844,-36.751,10.467,7.9494,41.911,52.465,1
20.291,7.3155,2.2753,0.7003,0.3899,-0.3168,4.9596,-5.6098,68.446,139.11,1
88.205,30.145,3.9097,0.1175,0.0588,71.469,86.577,-18.817,4.1285,237.94,1
21.395,7.0055,2.055,0.6784,0.348,-25.549,-6.5731,6.4017,24.731,201.24,1
47.319,19.465,3.0704,0.2483,0.1365,31.764,22.496,-10.353,5.2636,182.4,1
56.278,16.794,2.8048,0.2351,0.1183,12.356,11.656,-12.881,4.439,169.97,1
17.966,14.431,2.4464,0.576,0.3488,-7.2638,15.769,10.461,80.712,59.841,1
78.596,25.286,3.1675,0.1476,0.0792,40.042,67.182,5.6572,2.858,236.77,1
22.308,0,2.1055,0.7529,0.4431,1.8826,-10.393,-0.0001,25.035,184.19,1
37.017,22.104,2.7197,0.244,0.1287,23.741,31.345,17.016,64.563,104.11,1
30.384,8.9051,2.2753,0.504,0.2626,9.7225,21.284,9.3032,52.542,226.71,1
52.886,28.419,3.4486,0.1951,0.1141,22.465,55.354,13.343,12.295,143.6,1
46.907,29.09,3.2857,0.2212,0.1339,44.02,42.164,15.764,4.1101,95.313,1
26.458,11.123,2.4624,0.4724,0.2466,35.695,10.917,4.2376,3.3458,172.89,1
12.698,11.704,2.1746,0.7157,0.3712,-15.397,6.8835,-11.289,2.019,211.22,1
52.46,17.892,3.2099,0.2288,0.123,-16.884,10.809,5.4112,8.145,222.93,1
60.929,15.707,2.8995,0.2268,0.1216,73.487,32.557,7.1581,1.0066,253.3,1
12.589,11.851,2.0626,0.7013,0.368,15.876,-8.6777,-10.466,50.573,244.47,1
76.118,35.978,3.9144,0.1207,0.0611,27.588,77.244,-22.77,1.8785,165.03,1
27.626,8.297,2.1903,0.5935,0.3581,-13.875,-20.01,-5.2247,46.468,87.637,1
38.851,20.102,3.1089,0.2669,0.1436,10.835,-28.269,3.7886,2.1568,168.89,1
27.047,7.7368,2.2201,0.6205,0.3163,11.854,-14.486,-5.4268,12.261,161.14,1
59.975,26.466,3.2067,0.2628,0.1687,-54.284,49.681,-13.434,13.157,287.1,1
49.411,10.717,2.5933,0.523,0.2768,45.357,45.35,-9.1185,16.584,183.25,1
72.95,30.938,3.3908,0.1273,0.0657,-90.358,56.452,-10.969,0.0857,239.89,1
29.826,18.371,2.6186,0.4116,0.2106,20.986,24.77,-11.829,14.038,171.75,1
64.587,28.563,3.4475,0.2241,0.1208,67.094,50.701,-22.107,1.926,307.24,1
34.986,23.14,2.8392,0.2969,0.1571,18.105,-20.476,-11.737,20.059,137.56,1
52.677,11.926,2.6325,0.6154,0.3112,48.831,44.596,-6.3226,2.992,265.24,1
41.356,20.48,2.995,0.3055,0.1775,29.037,33.334,-15.728,5.5299,157.2,1
13.272,10.369,2.2867,0.7959,0.4729,-13.488,-5.982,-11.26,29.068,176.78,1
33.095,16.409,2.7462,0.3085,0.157,-38.104,-24.941,10.488,5.86,179.13,1
51.536,14.139,2.8072,0.3507,0.2159,-52.312,42.307,-9.3238,11.399,277.01,1
27.641,16.453,2.8448,0.4532,0.2437,13.675,20.535,11.677,8.536,172.53,1
81.798,35.647,3.7048,0.12,0.0707,-93.677,53.73,-27.91,2.985,246.5,1
55.342,14.36,2.8296,0.3242,0.1858,-53.926,42.106,14.119,6.1169,275.46,1
23.148,11.334,2.4306,0.5492,0.3061,-11.882,-20.284,-5.4684,2.393,154.08,1
18.662,9.9741,2.2405,0.6322,0.3707,21.073,12.418,-4.8895,45.717,145.13,1
128.7,29.782,2.7853,0.2967,0.1533,-11.57,-165.33,21.012,45.03,185.72,1
43.196,18.284,2.8899,0.2616,0.1347,-24.541,37.148,15.109,0.075,162.8,1
113.79,19.75,2.7616,0.2511,0.1342,127.13,82.457,-15.1,2.3023,282.74,1
22.675,10.13,2.4793,0.5605,0.34,-14.484,13.131,-5.259,4.8629,167.7,1
17.386,11.142,2.2625,0.5519,0.2814,-0.4324,4.6222,2.8941,8.311,104.6,1
20.587,12.555,2.3212,0.463,0.2458,-2.1316,11.382,10.135,31.298,175.52,1
37.179,20.408,2.5447,0.3252,0.184,-35.747,-26.911,-12.399,11.669,149.37,1
51.645,16.686,2.9991,0.2214,0.1187,8.19,-8.0448,10.486,1.7337,163.42,1
66.749,22.944,3.334,0.2025,0.118,12.598,59.188,-13.872,3.241,250.98,1
40.989,14.648,2.5384,0.3444,0.1722,26.092,22.853,9.4005,0.5826,192.89,1
28.193,16.971,2.7376,0.3202,0.1711,5.2327,-19.028,-12.464,10.515,241.15,1
26.264,19.644,2.6395,0.3601,0.2099,7.0801,10.409,-14.986,26.944,93.348,1
24.921,14.546,2.525,0.5104,0.3328,11.674,-15.143,5.7523,21.498,140.44,1
24.705,16.388,2.5079,0.4193,0.2127,18.845,15.103,8.7936,18.579,131.59,1
95.008,24.802,3.6641,0.1448,0.0788,-51.169,81.412,13.72,0.051,278.4,1
23.536,16.501,2.6112,0.3721,0.1946,5.7906,13.833,-14.712,24.91,80.755,1
53.47,24.675,3.0276,0.3125,0.16,3.834,-50.242,12.522,2.8916,264.31,1
40.789,21.025,2.736,0.3416,0.1717,-29.85,-32.069,-15.215,5.9571,227.62,1
24.803,12.362,2.5888,0.5103,0.2719,-15.348,-19.683,-4.8639,7.5907,123.2,1
13.198,10.351,2.2467,0.7932,0.4901,-13.107,-6.2493,10.791,32.221,177.33,1
23.803,10.164,2.2625,0.5628,0.3087,32.196,-16.303,-9.6851,20.392,108.58,1
35.927,14.805,2.8189,0.3824,0.2314,-17.729,-20.4,-11.137,5.938,193.03,1
37.012,17.933,3.1992,0.3129,0.1956,23.06,-19.463,12.211,5.207,181.77,1
31.906,16.915,2.638,0.3475,0.1807,-17.161,17.927,14.494,22.645,146.29,1
21.69,11.022,2.4362,0.5568,0.3059,-14.804,-18.521,6.7585,35.37,146.36,1
33.603,23.245,2.7308,0.2342,0.118,-33.42,6.4897,-16.489,1.3108,97.28,1
18.864,15.278,2.4091,0.5458,0.3021,6.0171,-16.438,12.056,0.5504,114.19,1
45.553,16.016,2.4601,0.3605,0.1924,5.6282,18.502,-6.7072,25.26,143.47,1
95.021,35.385,3.7665,0.1801,0.0905,13.911,51.502,-22.672,5.438,352.96,1
85.293,38.361,3.805,0.1791,0.0972,-5.1982,72.759,23.621,3.104,354.79,1
81.361,22.821,3.4472,0.1643,0.083,44.865,69.357,-17.382,1.9326,252.61,1
43.362,12.223,2.6004,0.3764,0.197,54.794,-21.195,11.496,0.5462,162.81,1
33.792,24.544,2.6964,0.2616,0.1338,54.699,-23.683,13.48,1.6003,133.76,1
56.229,29.097,3.5475,0.1607,0.0855,58.966,39.574,-20.709,7.4349,166.96,1
20.484,10.938,2.2405,0.5977,0.3075,-6.962,17.828,-7.6208,45.65,110.86,1
29.514,16.624,2.7267,0.3377,0.2242,4.9525,-8.3571,6.7852,16.581,187.47,1
33.769,21.314,2.9696,0.2971,0.1764,-24.157,-25.107,11.385,18.9,130.03,1
25.215,10.826,2.4822,0.4942,0.2652,7.5599,19.81,6.1681,48.887,45.072,1
76.052,21.175,2.7131,0.3175,0.1694,66.681,60.273,-6.4932,0.792,254.05,1
29.772,14.726,2.4456,0.491,0.2885,31.798,22.991,4.1907,6.6615,81.913,1
93.415,35.872,3.9292,0.1263,0.0662,-42.716,65.14,-29.474,4.106,287.05,1
29.958,14.469,2.7275,0.4251,0.2388,7.2988,22.429,-7.4131,7.8241,138.46,1
24.909,17.432,2.632,0.3944,0.2229,7.1171,-2.3838,-8.6055,37.114,204.79,1
28.196,26.272,2.747,0.3151,0.162,-10.133,20.826,-26.269,37.353,93.498,1
16.605,11.42,2.3324,0.586,0.3326,-2.1515,6.5884,5.9531,8.113,103.27,1
61.731,27.924,2.9943,0.232,0.1535,-94.305,48.388,-18.068,3.735,235.89,1
28.936,10.823,2.3738,0.4905,0.2643,22.91,-18.13,-6.6185,50.266,165.21,1
28.87,19.118,2.889,0.2995,0.1724,0.3448,9.7913,10.056,4.207,182.46,1
26.309,15.029,2.6048,0.4099,0.2149,-16.986,13.678,-11.216,2.521,120.58,1
16.388,11.029,2.3139,0.6311,0.4248,-0.486,2.765,-8.3023,39.716,237.84,1
104.69,40.594,4.0928,0.1007,0.0529,-27.218,74.103,-18.006,2.162,312.68,1
72.029,10.148,2.7408,0.3015,0.1571,85.188,-39.201,-3.5795,6.707,163.47,1
34.16,18.311,2.8293,0.3481,0.2141,41.328,20.224,14.41,0.035,171.3,1
62.932,15.239,3.1313,0.2683,0.1415,56.443,62.072,4.3248,0.542,214.81,1
83.777,30.013,3.2508,0.2621,0.1328,4.5313,-34.015,15.698,3.2282,335.27,1
44.086,18.885,3.0137,0.2578,0.1352,26.546,-28.558,12.11,0.7342,213.54,1
25.013,20.522,2.5533,0.4,0.2056,31.368,15.945,-13.299,80.231,59.594,1
13.095,9.7869,2.2317,0.8152,0.5484,-11.688,-8.6473,-10.111,65.282,212.61,1
36.132,13.753,2.5658,0.4946,0.3274,10.639,35.368,-8.5781,4.167,220.93,1
27.273,12.613,2.7288,0.3978,0.2512,-10.468,-17.555,-9.9008,3.789,185.43,1
91.853,36.983,4.0567,0.1024,0.056,27.717,86.39,19.219,2.1094,224.33,1
42.879,17.04,2.9266,0.2664,0.1356,5.0808,-25.252,-8.5206,6.738,202.8,1
60.008,21.26,3.0156,0.2634,0.1336,70.517,53.051,9.2952,16.397,260.37,1
53.835,16.116,2.5641,0.3765,0.1951,36.884,54.821,9.7183,8.451,165.17,1
38.025,16.247,2.5045,0.3631,0.1925,25.061,23.24,-7.8137,10.748,188.72,1
40.949,13.974,2.7059,0.376,0.2451,11.379,30.252,10.511,8.5585,164.84,1
36.018,15.011,2.6898,0.3289,0.1788,49.505,22.022,7.3974,3.1073,157.07,1
82.179,21.051,3.3779,0.1818,0.0945,59.261,79.006,-9.2112,3.333,241.22,1
36.803,19.897,3.0206,0.2794,0.1588,35.538,16.404,13.405,9.87,202.83,1
28.91,25.59,3.3228,0.3039,0.1557,9.2788,-24.683,-9.8216,19.177,41.311,1
25.683,15.284,2.596,0.3954,0.2269,-22.755,18.351,-6.5384,56.894,148.95,1
41.116,14.658,2.7088,0.3421,0.1945,31.391,31.596,9.1693,7.629,220.47,1
17.039,7.4145,2.2109,0.8,0.5692,-0.9865,-3.8802,-4.9249,66.085,203.71,1
22.955,15.307,2.6294,0.4366,0.2265,13.932,11.265,-11.914,3.6056,65.733,1
40.121,15.56,2.85,0.3136,0.166,40.077,30.093,9.7267,9.8871,197.39,1
58.655,24.364,3.4442,0.1553,0.0789,57.985,48.638,-12.249,1.0525,254.67,1
23.625,12.651,2.5478,0.4873,0.2564,20.123,9.9205,-9.3216,9.529,175.91,1
28.936,11.316,2.4871,0.4072,0.2199,9.6687,20.571,10.457,77.975,226.38,1
19.564,12.89,2.4661,0.4923,0.2718,15.881,11.068,-5.2896,1.7384,195.07,1
74.387,23.93,2.9445,0.1989,0.1085,55.72,74.624,-12.535,3.3108,282.05,1
22.329,6.4846,2.1861,0.7492,0.4267,-23.351,-12.838,-6.7527,39.957,176.34,1
17.557,16.516,2.1644,0.5959,0.3527,-1.2329,-15.952,-0.9431,41.478,78.445,1
22.011,18.597,2.8048,0.3824,0.2045,12.729,14.499,-10.667,35.946,51.98,1
85.274,26.704,3.4605,0.2518,0.139,-15.387,43.982,14.352,2.176,324.14,1
38.62,20.563,2.977,0.2478,0.127,-13.823,-31.398,-13.134,5.8671,192.47,1
23.831,8.5612,2.4014,0.6548,0.3988,-26.489,-10.684,9.6172,9.3104,213.81,1
94.569,26.026,3.6254,0.1374,0.0693,-68.178,80.691,5.0962,3.863,293.3,1
26.194,11.862,2.5922,0.4859,0.2442,-22.381,-9.8535,6.817,27.6,141.61,1
24.638,12.649,2.6385,0.4966,0.2655,20.404,23.174,-5.9333,76.461,39.241,1
94.288,45.517,4.2157,0.0769,0.0396,82.923,84.686,11.835,1.4735,292.38,1
32.923,7.0209,2.4125,0.5493,0.3424,-4.1946,11.935,6.1877,29.936,268.83,1
28.104,17.422,2.608,0.3206,0.1665,27.098,-10.965,13.383,13.183,207.12,1
32.466,21.556,2.8681,0.3062,0.1999,18.224,26.411,-12.345,14.407,199.07,1
12.366,12.123,2.1189,0.6768,0.346,16.751,-10.172,-8.829,14.316,199.41,1
42.906,16.12,2.5905,0.3492,0.1861,55.681,9.1125,11.662,7.357,273.57,1
21.435,15.627,2.4786,0.3987,0.211,27.544,6.9507,-7.6974,19.691,177.38,1
33.353,15.193,2.499,0.3803,0.1949,-1.7736,16.19,11.225,23.749,205.32,1
62.833,18.558,2.8092,0.3243,0.1652,75.117,46.145,-14.713,6.4855,234.33,1
34.228,12.282,2.499,0.5864,0.3376,30.826,20.631,10.996,7.7895,214.32,1
49.863,23.45,3.0026,0.165,0.085,25.138,-36.703,-12.37,9.5687,204.41,1
23.416,13.151,2.3274,0.4941,0.3176,-23.685,-15.67,8.3053,78.726,91.994,1
272.06,20.124,2.5563,0.4556,0.2319,-349.76,203.86,-13.878,62.35,184.06,1
40.746,19.478,3.0754,0.3338,0.1988,41.4,44.845,-9.7902,16.855,169.88,1
13.118,10.449,2.1351,0.7839,0.4945,-13.032,-5.5794,-10.172,10.313,184.21,1
52.185,16.768,2.6415,0.2694,0.1427,15.208,25.179,7.8606,9.544,201.89,1
28.867,6.6822,2.2878,0.5567,0.3067,-11.455,-13.009,3.764,10.806,117.88,1
37.894,11.47,2.5922,0.3708,0.2315,-35.734,18.699,-10.002,34.636,149.71,1
33.958,15.683,2.734,0.3764,0.2205,-11.225,22.719,-6.709,4.042,168.67,1
17.49,7.1962,2.2753,0.8435,0.5279,-5.02,5.0717,5.32,45.254,60.518,1
22.086,12.895,2.4257,0.4916,0.2683,15.566,11.732,-6.2404,7.9672,180.01,1
30.864,25.784,3.1402,0.2853,0.164,-0.228,25.429,21.048,16.521,62.088,1
18.647,7.456,2.1599,0.7751,0.481,-2.1422,6.9274,2.5324,63.366,122.92,1
61.983,17.87,3.0316,0.2585,0.1353,4.4278,-41.869,-14.697,2.076,238.89,1
119.16,39.761,3.7452,0.1568,0.0918,-54.907,-88.761,-20.765,3.634,344.55,1
49.446,20.216,3.1235,0.2265,0.1283,-25.534,-10.586,17.01,6.4861,172.21,1
29.367,12.43,2.5821,0.4581,0.2369,35.115,-18.201,8.283,3.0025,154.39,1
48.834,11.226,2.7462,0.3964,0.2233,43.7,38.403,7.4139,3.631,162.93,1
20.326,7.2678,2.1287,0.7286,0.3829,2.2156,-9.5734,5.606,16.506,220.91,1
30.581,12.448,2.301,0.605,0.3175,32.273,22.067,-4.8017,55.522,101.4,1
40.438,38.442,3.7658,0.19,0.0954,-10.223,34.451,19.591,12.989,96.492,1
19.926,14.538,2.3664,0.5204,0.2602,7.5638,-17.98,4.6488,49.846,33.898,1
21.882,10.829,2.3522,0.5511,0.2911,15.626,17.942,-7.092,32.589,106.84,1
32.188,26.373,3.0918,0.2509,0.1437,-1.2859,27.885,-16.113,13.53,79.089,1
19.723,16.08,2.4191,0.4648,0.2571,-4.5556,17.284,8.4284,72.463,106.23,1
20.443,7.2685,2.0394,0.7123,0.379,-1.3583,8.2242,-5.7322,11.756,130.99,1
27.154,16.841,2.5533,0.3888,0.1972,26.483,20.546,11.545,1.692,173.94,1
22.625,15.261,2.7415,0.4062,0.2294,-4.89,-11.392,-7.7689,15.109,133.84,1
81.506,23.541,3.1749,0.2627,0.1581,-93.594,54.366,-12.159,8.5332,248.42,1
19.92,17.363,2.6817,0.4475,0.2404,15.065,9.6528,-10.605,64.999,73.531,1
28.929,8.3747,2.372,0.569,0.3121,19.327,-17.293,-9.3341,20.673,174.31,1
22.648,19.518,2.6826,0.4216,0.2523,-16.985,-10.63,11.604,82.445,130.11,1
63.338,28.103,3.4176,0.169,0.0904,-7.5021,55.08,5.6854,5.324,189.07,1
30.887,14.595,2.7885,0.3938,0.24,-9.2235,16.341,6.2712,9.0144,120.91,1
19.198,7.4598,2.0881,0.7429,0.4531,-0.9994,6.1041,4.226,11.249,131.13,1
37.315,24.247,2.7497,0.2989,0.1521,-38.759,-36.478,5.8525,53.599,116.12,1
31.535,12.183,2.7206,0.4681,0.2445,40.412,22.615,-9.3787,5.6246,178.22,1
24.981,10.255,2.3064,0.5086,0.3086,-5.4731,-19.691,8.0873,36.639,108.54,1
36.655,20.389,2.7899,0.2968,0.1614,-24.078,-33.032,-8.6825,59.046,59.116,1
65.114,25.569,2.9956,0.3121,0.2035,-64.111,-40.638,17.228,13.145,275.72,1
13.034,11.161,2.081,0.7552,0.3942,14.911,-4.3689,11.74,86.326,84.304,1
33.528,21.363,3.0671,0.2554,0.129,-25.195,16.021,-10.224,2.3111,171.23,1
68.931,27.332,3.1948,0.1762,0.0891,74.342,70.276,-10.948,1.9026,241.43,1
57.083,23.363,3.1016,0.1899,0.0962,48.604,45.544,-4.0477,6.6582,150.17,1
102.24,60.617,4.3462,0.0712,0.036,65.834,78.858,-32.614,1.554,322.23,1
50.776,18.751,2.8212,0.3426,0.1879,47.304,47.02,-17.424,4.502,184.98,1
82.365,24.718,3.3093,0.2276,0.1391,-19.094,70.297,13.377,4.035,322.49,1
50.075,23.058,3.0772,0.2285,0.1201,22.242,55.446,15.723,5.647,237.61,1
81.227,26.173,2.7384,0.2612,0.1361,102.08,31.895,-21.168,3.906,281.93,1
23.503,13.096,2.3936,0.5131,0.2848,-25.968,-9.0376,9.7139,46.72,106.63,1
22.608,13.715,2.5484,0.6082,0.3154,19.034,20.345,-4.7438,7.936,146.85,1
29.092,18.628,2.8222,0.2831,0.1438,35.049,23.838,-8.2355,16.05,178.56,1
27.201,18.339,2.7255,0.3104,0.1627,-18.971,17.5,-5.0829,22.43,134.28,1
57.025,19.815,2.7222,0.345,0.1924,-56.691,-20.715,6.5186,1.367,283.06,1
64.32,35.164,3.2496,0.2798,0.1849,-32.024,-40.847,23.942,0.217,308.94,1
35.062,11.032,2.6365,0.455,0.2344,-43.358,-22.743,-7.8301,6.546,154.19,1
36.541,17.807,2.9297,0.261,0.1452,12.361,22.019,11.16,21.303,135.6,1
15.653,11.923,2.2253,0.6369,0.3542,-0.3542,2.5225,-6.014,27.221,263.04,1
61.06,28.759,3.4491,0.1372,0.0834,52.892,39.702,-10.635,16.686,181.66,1
21.047,11.033,2.2625,0.541,0.2705,11.912,18.744,-9.6092,5.1507,189.43,1
16.926,10.977,2.3541,0.6283,0.3783,-2.2159,6.4767,7.515,37.753,98.66,1
46.395,20.735,2.9941,0.2291,0.1151,-5.4724,-22.458,-11.918,9.8102,204.41,1
88.579,32.778,3.7263,0.1536,0.0799,-85.115,73.607,-21.882,4.6221,314.25,1
20.458,10.509,2.2227,0.5988,0.3443,-5.6371,16.724,-8.521,46.285,142.19,1
75.989,47.636,3.6409,0.1749,0.0977,-16.751,57.101,30.527,4.972,314.55,1
12.73,11.646,2.0737,0.7173,0.384,15.492,-8.0477,10.732,1.9575,182.31,1
12.778,11.578,2.0434,0.724,0.3846,-15.327,7.2991,-11.123,80.049,174.69,1
82.171,29.09,3.6005,0.1989,0.1178,-47.264,63.592,-23.716,0.1989,293.88,1
33.385,21.659,2.8062,0.3063,0.1727,-30.673,-31.613,-8.5806,22.353,243.84,1
81.024,31.048,3.5175,0.2889,0.1554,-1.271,54.155,-19.479,5.0286,361.27,1
35.804,15.535,2.7173,0.3854,0.2176,-4.4131,-29.993,12.872,29.837,87.584,1
61.957,18.108,2.7147,0.2777,0.1688,81.697,45.353,-14.279,3.3863,212.81,1
22.009,6.6671,2.1599,0.7266,0.4118,-23.553,-12.239,-6.6602,60.289,114.67,1
81.303,25.371,3.418,0.1406,0.0739,-7.8621,68.702,20.731,1.121,208.42,1
48.454,20.799,3.3611,0.1933,0.0999,44.038,-30.54,-11.117,4.765,202.41,1
22.787,10.983,2.5315,0.5441,0.275,13.602,19.092,9.1667,2.559,131.61,1
25.865,15.096,2.3314,0.4476,0.2354,-9.3934,-14.36,-12.082,10.489,92.477,1
24.365,15.462,2.5575,0.4321,0.2452,-15.93,-13.424,-12.017,29.046,149.82,1
78.328,22.326,2.9245,0.4021,0.2255,16.298,-49.905,-17.932,0.691,356.98,1
38.555,11.282,2.4749,0.3417,0.1893,46.223,11.488,-4.1864,17.979,206.47,1
21.241,11.205,2.2095,0.5741,0.3241,14.024,18.924,5.9074,25.446,192.86,1
63.668,23.885,2.8451,0.37,0.2064,-83.403,-20.759,14.816,11.415,343.11,1
78.158,33.458,2.9393,0.2197,0.1351,-93.137,48.216,28.892,7.323,267.65,1
42.84,19.485,2.8777,0.2691,0.1372,43.996,-15.596,14.533,8.4993,99.634,1
45.35,18.338,2.8182,0.2781,0.174,30.509,40.241,9.6225,14.546,237.88,1
21.756,10.672,2.2122,0.5521,0.2791,-4.9407,17.453,-7.8711,18.356,86.931,1
19.681,9.5937,2.2455,0.5909,0.3608,22.586,11.917,1.7411,0.018,126.51,1
38.015,17.882,2.7435,0.2744,0.1399,5.6726,27.826,16.684,9.2636,174.73,1
72.929,19.68,3.0032,0.2184,0.1176,52.213,68.898,-13.94,2.2766,239.1,1
21.088,6.971,2.0512,0.7289,0.4044,22.703,12.69,6.1804,42.201,177.7,1
45.182,17.664,2.9457,0.2867,0.1671,20.781,33.809,-10.015,5.545,257.26,1
32.686,18.617,2.6165,0.341,0.1802,23.334,16.07,12.852,12.576,156.25,1
19.607,9.6188,2.2577,0.5912,0.3564,-22.686,-11.711,-3.7514,34.136,130.38,1
20.348,7.2308,2.081,0.7386,0.3776,-2.9636,10.617,5.6011,63.632,121.18,1
84.873,24.343,3.0382,0.2802,0.1442,-13.039,-55.852,-10.283,1.92,365.62,1
19.216,14.28,2.4541,0.5272,0.3322,-5.2763,16.264,4.2851,20.77,153.87,1
37.022,17.953,2.9327,0.3012,0.1827,34.956,26.674,7.4234,17.861,142.68,1
24.886,11.364,2.659,0.5197,0.3081,-7.4299,-12.018,10.327,12.957,144.05,1
52.283,22.75,3.1402,0.2085,0.109,25.966,42.953,-18.8,6.254,263.37,1
84.14,29.724,3.6687,0.2056,0.1249,-23.472,63.812,20.611,4.124,304.57,1
58.838,21.535,2.9574,0.289,0.1462,-83.403,41.579,-9.3359,2.1164,246.05,1
26.997,17.316,2.6933,0.3303,0.1712,-6.7212,15.776,-10.553,38.664,149.36,1
34.349,18.407,3.0247,0.3354,0.1743,-3.7101,5.2732,-10.263,8.3993,207.85,1
27.005,6.6249,2.3201,0.6746,0.4187,13.182,15.498,-5.7038,29.751,175.04,1
12.709,11.668,2.0774,0.7113,0.3891,-15.639,8.9437,-9.6439,46.283,106.83,1
34.63,27.772,3.2738,0.2486,0.1472,13.236,18.884,17.564,72.444,15.503,1
18.967,7.483,2.3107,0.7384,0.467,-0.3009,3.8817,-3.8068,25.134,86.051,1
97.93,45.176,3.7287,0.1141,0.0668,-105.16,71.59,41.891,2.6233,254.45,1
68.409,25.05,3.5108,0.2205,0.1146,69.782,61.918,-19.391,5.9606,229.22,1
16.219,7.2375,2.2753,0.8382,0.6074,-2.244,-7.0165,5.8658,24.17,175.55,1
39.146,15.919,2.5635,0.3497,0.2008,5.2531,-19.936,11.137,2.6191,201.99,1
32.888,13.384,2.659,0.4035,0.2533,-1.0943,-22.07,-7.3832,8.0922,196.13,1
19.541,12.762,2.4108,0.4854,0.2699,-0.6092,7.6292,9.1879,11.478,60.584,1
27.256,18.772,2.6133,0.3289,0.1766,12.428,14.893,14.982,1.7427,221.25,1
13.369,10.493,2.273,0.7947,0.408,14.807,3.0611,11.89,78.021,128.06,1
56.111,14.018,2.683,0.2759,0.1483,30.63,38.285,5.4708,6.051,257.46,1
44.951,13.319,2.3375,0.4506,0.2322,-53.707,24.883,-7.8562,34.735,255.9,1
91.721,47.545,3.9939,0.1362,0.0687,-52.131,-54.475,34.114,0.982,387.44,1
37.832,21.697,3.0336,0.3665,0.1967,27.779,32.863,-18.604,7.033,273.32,1
12.8,11.556,2.0774,0.728,0.3724,-15.137,5.1334,11.598,12.23,45.799,1
19.376,6.5595,2.2844,0.8416,0.5169,17.18,16.075,4.0257,12.686,184.34,1
95.086,33.275,3.417,0.1746,0.0986,-84.149,78.749,-17.052,3.485,337.87,1
20.574,7.1154,2.1688,0.7458,0.3898,22.699,12.143,-5.7766,36.086,182.06,1
22.913,14.516,2.6299,0.4431,0.2685,-5.6634,-13.596,-7.7375,18.519,72.412,1
28.91,15.21,2.2889,0.4576,0.2442,4.2429,20.288,-10.664,21.912,175.71,1
37.745,22.723,2.7193,0.2519,0.1326,10.541,-15.999,-16.766,18.879,212,1
26.197,14.147,2.3829,0.5797,0.3251,29.958,20.444,16.041,28.821,166.87,1
24.817,14.351,2.6684,0.4206,0.25,-12.186,4.357,-13.136,3.542,170.34,1
59.963,15.01,2.9146,0.3007,0.1686,-72.893,47.334,11.076,2.592,257.82,1
125.25,17.67,2.6138,0.4063,0.2348,-40.376,-147.92,-8.0421,83.729,138.96,1
65.065,15.056,2.8932,0.3325,0.1861,31.324,72.984,-11.522,8.5788,219.1,1
18.774,10.56,2.3927,0.6397,0.3947,-7.6647,16.105,9.3097,32.593,99.181,1
103.26,30.734,2.9358,0.2122,0.1188,-2.5325,71.155,20.406,7.91,56.304,1
21.01,12.745,2.3314,0.4289,0.2261,15.765,9.423,8.9805,2.0958,165.64,1
30.868,12.499,2.3918,0.4706,0.2576,36.39,20.542,8.7873,28.222,89.913,1
28.544,9.8997,2.3901,0.5132,0.2668,5.0713,23.61,7.3634,11.386,185.77,1
24.311,11.157,2.4125,0.5377,0.3462,-9.3879,-22.334,5.4535,5.4233,99.165,1
43.606,24.04,2.9358,0.233,0.1316,-40.418,23.332,10.555,6.886,168.45,1
46.243,24.738,3.1988,0.1784,0.0902,14.467,-8.5865,6.0027,8.99,172.39,1
44.148,16.169,2.3729,0.3814,0.197,29.101,11.039,-9.6475,26.329,193.91,1
25.836,18.807,2.659,0.3816,0.1941,3.8979,19.269,-10.797,4.6269,248.95,1
78.182,38.007,3.6764,0.2142,0.1128,-54.817,-43.299,13.511,0.796,378.61,1
61.122,30.637,2.9928,0.1891,0.0961,5.9256,43.355,23.83,14.314,208.59,1
28.147,9.0446,2.3988,0.5549,0.3373,-33.589,-13.585,4.2566,86.353,35.599,1
19.482,18.199,2.233,0.5614,0.2895,-27.048,11.973,-17.555,36.406,89.662,1
30.925,10.34,2.4928,0.4405,0.2235,-30.23,18.95,-4.2359,6.255,77.099,1
54.84,16.855,2.9802,0.2491,0.1313,-72.692,37.784,10.186,0.7037,257.72,1
24.616,15.913,2.7443,0.4757,0.2676,7.9465,-18.487,13.734,15.114,190.98,1
19.847,19.382,2.3936,0.5172,0.2606,22.982,17.179,-18.72,55.952,144.96,1
29.249,11.135,2.3608,0.4619,0.2505,-23.224,19.949,-3.5003,36.61,113.49,1
18.658,17.912,2.433,0.4317,0.2638,-10.6,5.9707,13.574,19.426,71.725,1
35.907,11.937,2.4624,0.4517,0.2569,10.266,-23.756,-10.283,4.122,192.92,1
47.932,17.743,3.0488,0.2574,0.1542,22.047,37.817,13.262,4.874,160,1
35.032,20.784,2.688,0.3221,0.161,11.583,-27.423,17.972,22.751,224.36,1
54.424,27.168,3.4295,0.2053,0.1188,34.453,39.235,11.555,6.918,218.34,1
112.43,68.519,3.8612,0.1056,0.0555,78.21,110.8,101.39,6.138,182.1,1
25.392,14.714,2.5459,0.3898,0.2205,-17.057,10.225,-4.8681,7.8399,166.54,1
22.721,17.357,2.6314,0.4322,0.2161,27.741,18.999,-12.372,18.365,131.33,1
23.619,12.889,2.2068,0.5839,0.3137,-26.725,-14.164,-3.6675,2.442,110.01,1
25.169,14.566,2.5871,0.401,0.2316,-15.815,7.6412,9.6603,21.27,168.69,1
48.109,10.053,2.4713,0.4054,0.2078,-9.7819,-30.044,-1.8495,4.7215,127.07,1
45.102,20.097,3.1647,0.193,0.0975,34.549,31.435,-8.0756,1.2698,171.53,1
45.605,20.173,2.5397,0.381,0.2237,57.659,29.662,-20.171,30.557,258.67,1
18.724,9.7293,2.2405,0.6494,0.4052,19.875,13.594,-4.5899,8.6873,178.45,1
28.927,10.49,2.5132,0.454,0.2316,-3.5824,11.797,4.3108,63.548,231.2,1
90.408,29.51,3.8065,0.1169,0.0611,51.88,77.125,-14.428,5.4802,233.73,1
29.994,12.987,2.5905,0.3954,0.2349,28.459,9.5767,-5.7266,5.366,131.9,1
31.968,26.369,3.0512,0.2764,0.156,5.2054,21.953,12.797,18.32,224.43,1
20.659,14.661,2.5717,0.5442,0.3445,21.344,17.063,-7.6434,18.318,246.4,1
12.929,11.346,2.3493,0.7427,0.387,-15.029,5.2195,-11.643,28.111,147.62,1
33.624,19.51,2.5871,0.3001,0.1539,16.494,24.229,6.9459,21.903,127.38,1
21.846,11.058,2.1732,0.557,0.3188,-15.076,-18.694,-5.4957,56.508,105.46,1
85.643,24.271,3.5073,0.1269,0.0648,68.376,77.444,-14.179,6.784,205,1
34.61,24.98,2.8913,0.2235,0.1137,-5.8604,22.189,6.4483,13.962,127.75,1
71.887,31.596,2.9694,0.2167,0.11,-79.978,40.702,24.533,3.211,255.28,1
32.287,16.212,2.6385,0.4161,0.2356,13.109,24.631,-12.06,5.8259,195.81,1
22.35,14.565,2.7701,0.4431,0.2368,23.108,11.831,-7.2555,15.335,244.84,1
29.023,15.082,2.6749,0.463,0.2928,2.4375,1.2191,-11.507,46.187,174.82,1
28.02,11.298,2.5038,0.4263,0.2147,13.16,-13.012,6.3103,7.994,171.57,1
90.868,24.756,3.1543,0.2986,0.1728,68.042,63.943,11.406,3.5131,302.55,1
43.873,19.074,2.8817,0.323,0.1832,-56.064,13.109,-14.896,6.3685,272.11,1
68.399,14.906,2.889,0.377,0.2072,-86.966,64.793,-8.5827,1.651,254.1,1
35.558,24.4,2.8119,0.2591,0.1303,6.2848,-21.943,17.793,3.314,280.75,1
38.969,17.65,2.636,0.3607,0.2046,44.317,36.563,-11.934,15.335,263.9,1
39.255,35.719,3.539,0.1862,0.0938,2.341,-28.088,24.629,86.293,65.629,1
36.526,13.424,2.5289,0.3047,0.1642,33.835,-15.906,7.4525,7.4831,114.11,1
62.786,31.292,3.0069,0.2057,0.1147,52.603,46.338,18.627,10.226,263.5,1
32.181,14.515,2.6415,0.3858,0.2386,21.264,9.3273,-8.6302,5.0736,152.21,1
81.347,35.519,3.6737,0.1609,0.0949,-42.14,75.404,-8.727,0.582,318.19,1
59.518,11.395,2.5545,0.3961,0.2385,-44.662,40.882,8.1006,1.121,296.18,1
88.271,30.308,3.2541,0.1788,0.1061,-31.138,83.88,-19.206,2.21,329.02,1
48.892,23.002,2.7835,0.2173,0.1243,70.161,-8.2962,12.488,2.0888,121.64,1
13.1,10.336,2.2109,0.7877,0.5077,12.716,6.3277,9.8957,39.62,160.73,1
30.196,12.584,2.2504,0.5843,0.3455,-17.258,-20.165,-8.0088,79.825,42.327,1
39.167,16.04,2.8398,0.2936,0.167,0.0642,29.8,-8.7091,2.027,216.3,1
23.311,21.007,2.6085,0.335,0.1835,36.343,-7.6076,-6.2807,67.164,225.35,1
23.49,15.693,2.5465,0.4972,0.3509,5.4844,18.067,-10.495,0.7529,231.9,1
101.12,31.876,3.6532,0.0982,0.0508,-141.1,83.886,19.517,3.415,245.02,1
22.62,16.422,2.42,0.4259,0.2529,12.713,8.7507,12.012,36.448,166.49,1
32.348,22.051,2.9009,0.2663,0.1614,8.5913,27.889,-3.6209,5.851,187.65,1
13.163,10.498,2.1658,0.785,0.4812,-13.325,-5.2619,-10.69,40.316,184.88,1
46.688,18.143,2.6826,0.3032,0.161,31.107,38.423,10.841,27.125,177,1
85.167,32.397,3.527,0.167,0.108,-66.24,63.076,25.535,3.743,292.56,1
13.368,9.7193,2.357,0.8264,0.5165,12.491,8.3847,-11.158,33.806,119.79,1
86.383,40.123,4.0581,0.0987,0.0503,36.283,79.691,-29.4,2.5861,214.33,1
51.985,13.977,2.8876,0.2979,0.1665,39.952,48.861,-4.4912,3.241,222.74,1
18.87,17.387,2.5971,0.4273,0.2617,-2.3098,10.583,-8.5241,50.078,155.05,1
40.688,11.153,2.7235,0.3781,0.1994,-16.012,21.573,-6.7787,6.2944,171.58,1
50.819,25.569,2.7084,0.2603,0.136,-26.866,-40.888,19.323,1.6694,155.95,1
47.107,20.76,3.1159,0.2098,0.1068,13.587,32.299,6.1038,12.885,178.1,1
102.34,44.001,4.2258,0.0666,0.0372,2.7012,89.966,-12.466,3.2,229.55,1
46.164,20.183,3.0037,0.2519,0.1433,62.569,33.607,-12.514,8.801,230.4,1
46.139,24.27,3.2414,0.2334,0.1334,42.966,40.216,-13.227,3.1433,120.08,1
26.914,13.577,2.5557,0.4451,0.2267,-3.0716,-20.773,4.6107,86.032,63.645,1
87.548,30.495,3.8519,0.151,0.0798,53.295,79.976,-8.7483,3.789,249.39,1
23.777,20.266,2.7638,0.3824,0.1921,13.661,7.4345,5.6913,43.362,247.12,1
21.739,6.8516,2.1446,0.7025,0.3763,-24.736,-9.5968,6.5652,26.948,146.19,1
19.379,18.13,2.6915,0.3784,0.2126,-1.8235,9.3091,6.7662,84.061,181.25,1
74.024,19.538,2.9138,0.2707,0.1591,92.978,52.532,-2.5938,4.1846,230.93,1
20.27,7.3207,2.1021,0.6957,0.3913,-0.0001,-0.4035,-5.5909,18.073,163.97,1
79.775,31.531,3.6508,0.1461,0.0756,-68.007,70.113,-21.574,1.379,261.26,1
20.048,10.028,2.2856,0.6373,0.3705,-6.8301,16.537,-10.611,9.098,151.31,1
34.186,14.164,2.3655,0.4138,0.2306,26.531,-21.134,-6.5031,8.894,163.35,1
22.478,15.875,2.3847,0.5526,0.3031,-9.2116,-17.703,-13.304,11.153,146.46,1
70.145,19.919,2.8335,0.4872,0.2854,-85.873,35.405,17.351,5.0238,276.31,1
35.996,11.353,2.4843,0.4951,0.323,2.5284,23.92,7.9662,24.996,64.141,1
77.899,27.51,3.4919,0.1881,0.1013,-62.002,60.388,-25.314,2.701,279.48,1
26.285,10.927,2.4322,0.4991,0.268,12.293,11.134,-11.794,0.3841,162.23,1
53.56,26.016,3.3832,0.2164,0.1107,39.873,40.525,10.445,4.9638,197.43,1
39.587,23.232,2.8395,0.2634,0.1339,-40.423,-33.25,-10.671,16.85,251.82,1
38.428,13.166,2.658,0.378,0.1945,-6.189,18.637,8.3616,11.208,161.27,1
25.455,17.48,2.639,0.3881,0.2101,37.882,-9.9466,-13.539,19.019,224.99,1
87.306,32.008,3.7907,0.1569,0.0833,60.18,79.242,-13.917,1.3293,294.47,1
20.11,11.328,2.5152,0.6351,0.3832,-4.7249,13.368,7.0606,22.163,154.45,1
26.15,7.2096,2.3032,0.6169,0.3308,9.8144,12.674,-1.3537,29.344,200.8,1
12.973,10.889,2.2822,0.7415,0.4726,13.698,-6.1525,-5.7418,12.198,172.19,1
64.355,22.534,3.1313,0.1988,0.1238,63.661,53.011,-10.794,6.0676,195.5,1
47.201,11.97,2.4541,0.3831,0.1951,48.346,33.662,8.7735,18.897,258.91,1
24.721,14.784,2.3664,0.4774,0.2387,-12.696,-15.737,10.976,42.763,84.582,1
63.603,21.918,2.9358,0.24,0.1246,-49.372,-43.291,-17.278,22.426,136.31,1
53.759,42.154,3.1971,0.1575,0.0822,-48.893,-32.12,34.484,84.393,123.94,1
90.575,27.061,3.8492,0.1609,0.0823,64.854,84.091,16.39,0.012,291.33,1
21.185,7.0653,2.266,0.6883,0.355,-24.922,-8.7187,6.2775,60.588,165.16,1
16.631,11.196,2.2122,0.6074,0.3834,-1.1644,4.8137,7.5399,56.921,144.82,1
23.824,18.62,2.4265,0.4195,0.2341,-15.176,-11.638,-10.661,12.249,95.041,1
55.527,12.652,2.433,0.4354,0.2528,42.159,36.752,-7.959,13.331,166.41,1
72.438,23.447,2.9355,0.2981,0.1827,-96.631,25.05,17.912,5.378,283.58,1
18.345,10.924,2.3766,0.7143,0.3676,14.658,16.931,-7.9411,10.16,120,1
47.45,24.804,3.3788,0.1605,0.0842,17.25,19.664,13.746,3.357,172.23,1
28.129,19.641,2.6547,0.3477,0.1872,-18.218,10.627,18.232,24.223,226.96,1
24.378,14.592,2.6058,0.3866,0.2069,11.09,10.048,2.2291,2.248,118.02,1
28.175,18.296,2.4464,0.3971,0.2236,-5.5426,11.122,7.5284,47.407,95.452,1
26.929,16.471,2.7597,0.3791,0.213,8.8077,-19.616,8.8907,13.461,218.72,1
30.272,17.007,2.5982,0.3354,0.1803,-1.8758,-6.787,-12.697,0.4079,156.86,1
29.484,13.883,2.6405,0.3684,0.2323,-21.739,-16.358,-5.4809,17.995,143.48,1
95.256,27.99,3.1992,0.2851,0.1489,-66.819,-71.222,-24.336,3.681,376.22,1
21.919,0,2.1629,0.7973,0.4433,0,0,13.66,51.161,82.854,1
33.053,16.455,2.9125,0.3193,0.1645,8.6542,18.348,7.3028,9.549,190.47,1
30.185,14.08,2.7543,0.4437,0.2262,2.9558,29.699,-7.1235,53.893,112.37,1
79.55,57.474,3.9179,0.1796,0.0962,-39.385,-54.769,-44.1,8.6814,392.79,1
41.917,14.859,2.6821,0.316,0.1944,15.355,33.348,10.883,9.541,172.53,1
38.149,16.348,2.7574,0.3112,0.1774,-5.0131,-25.14,-8.2306,7.9897,205.12,1
24.906,10.242,2.4338,0.4825,0.2597,-14.034,16.826,-1.7063,44.322,136.28,1
39.006,22.851,3.0739,0.2218,0.1194,-11.259,22.693,13.963,9.087,127.27,1
67.213,21.733,2.5179,0.5736,0.3536,-62.478,-35.897,-20.348,7.432,269.89,1
96.872,27.554,3.1256,0.1947,0.1127,21.107,96.471,-23.401,6.0195,260.2,1
113.42,32.48,3.5739,0.1752,0.1058,-62.05,68.121,21.933,0.837,268.43,1
91.677,32.712,3.6197,0.2403,0.136,7.8062,61.085,20.33,3.4717,369.27,1
74.713,24.602,2.964,0.3781,0.2395,-37.718,-31.413,-23.275,8.5098,321.46,1
74.717,27.714,2.9001,0.3612,0.1907,-32.487,47.556,29.923,10.598,291.77,1
81.405,25.162,3.5143,0.1989,0.1014,-51.249,70.702,-16.594,2.384,288.83,1
36.839,13.685,2.6571,0.3634,0.2015,19.779,26.094,2.2219,32.964,140.34,1
23.43,21.43,2.7712,0.3387,0.1719,20.595,13.065,-16.478,1.6094,207.9,1
56.546,19.547,3.1081,0.2308,0.1314,2.0494,-33.956,-15.953,1.1326,236.28,1
40.141,23.68,3.0779,0.219,0.1132,2.9817,25.199,16.734,17.364,137.3,1
17.657,10.408,2.3598,0.6419,0.3734,19.98,12.086,4.9973,19.94,185.55,1
33.247,27.865,3.279,0.2488,0.1244,12.928,-18.406,-20.293,87.375,41.604,1
64.303,16.447,2.9383,0.2605,0.1516,-38.308,16.677,-3.3641,7.8144,226.81,1
99.49,45.321,4.1312,0.0973,0.0533,-29.352,84.616,-21.249,2.297,308.08,1
30.145,20.749,3.0537,0.3093,0.1639,-3.3422,25.059,-7.3933,11.983,192.07,1
31.94,17.416,2.7054,0.2936,0.1567,-47.705,-17.486,13.894,29.895,112.63,1
21.297,6.9323,2.1089,0.716,0.4008,23.101,12.335,6.3195,74.355,97.467,1
21.593,12.454,2.3512,0.49,0.3096,0.1172,-4.3583,2.5525,58.329,52.077,1
71.457,13.43,2.6848,0.3678,0.2345,-66.499,54.872,10.549,6.0914,295.25,1
24.536,10.289,2.4541,0.4569,0.2302,-19.241,18.748,-5.465,21.592,139.08,1
24.075,16.458,2.6112,0.4798,0.2925,-2.9543,4.8933,-8.1687,0.893,127.05,1
21.673,10.347,2.1761,0.56,0.2967,-5.6489,17.515,10.171,39.441,129.98,1
105.54,43.805,3.2549,0.1774,0.092,-56.299,81.1,34.851,24.157,314.34,1
26.676,10.178,2.3414,0.4237,0.2118,41.827,-18.208,-5.724,13.928,118.23,1
38.044,18.843,2.6551,0.2677,0.1361,-59.529,18.248,14.842,12.735,200.46,1
25.433,16.492,2.5605,0.4512,0.2462,34.862,-9.8857,-10.063,2.276,124.75,1
41.086,22.681,3.1757,0.2469,0.1258,-9.0496,10.897,12.598,8.0235,145.53,1
30.139,12.697,2.673,0.3524,0.1837,-6.118,9.4996,3.971,24.192,129.9,1
101.04,35.14,3.0869,0.2399,0.1257,-151.84,-47.907,33.254,11.885,292.68,1
38.287,16.452,2.3775,0.5577,0.3669,27.104,21.994,-9.7515,46.625,133.15,1
41.452,12.251,2.6707,0.3287,0.174,-16.708,-25.38,8.5856,32.803,38.521,1
36.423,15.343,2.9159,0.3119,0.1693,-9.3078,-14.484,-9.5128,2.4,178.19,1
22.91,15.762,2.6217,0.4851,0.3047,0.9667,20.459,-11.241,25.715,212.13,1
30.431,21.272,2.9701,0.3192,0.1644,-1.8203,-13.407,-15.461,0.5273,194.83,1
53,21.382,3.0147,0.1808,0.0952,-46.891,-30.29,-16.574,1.103,198.09,1
29.552,15.622,2.7486,0.3818,0.1971,-9.2178,-20.555,3.9239,6.6996,140.96,1
29.179,12.846,2.643,0.4369,0.2969,13.906,25.413,-5.0481,21.534,219.26,1
24.104,15.899,2.3729,0.4788,0.2521,12.839,20.254,-2.877,37.563,170.95,1
47.045,24.861,2.8597,0.2555,0.154,43.874,30.917,23.557,0.277,173.94,1
54.114,12.3,2.6314,0.3622,0.1951,35.477,50.218,-8.8637,2.9862,262.32,1
87.198,27.02,3.5433,0.1772,0.0937,-105.02,71.933,8.7419,0.883,256.08,1
21.848,12.785,2.3757,0.4589,0.2421,-28.559,-9.35,8.8048,28.132,85.251,1
18.168,10.602,2.2122,0.5706,0.3037,-1.2177,6.9935,-5.5534,34.936,156.28,1
19.885,10.963,2.3729,0.6737,0.4004,14.826,18.601,8.8835,24.939,126.04,1
30.145,16.171,2.7578,0.3266,0.1686,-45.77,-15.241,4.8417,31.555,261.49,1
16.547,11.298,2.2041,0.5938,0.3781,-0.7853,4.1978,-7.3818,55.85,92.895,1
33.446,20.912,2.7727,0.2447,0.1308,-15.776,12.758,-13.904,27.029,76.614,1
16.743,15.187,2.3096,0.6569,0.4289,-1.6276,-14.876,11.379,68.673,58.837,1
35.931,22.143,2.8136,0.2704,0.1406,-6.3018,29.157,-17.475,15.575,144.56,1
31.059,16.907,2.5999,0.3668,0.2123,13.709,21.735,15.435,11.764,210.62,1
28.979,12.437,2.4362,0.4469,0.2473,14.803,14.295,-6.4183,21.611,167.6,1
106.01,20.33,2.5384,0.3936,0.2012,-131.4,82.977,-12.051,6.8644,196.76,1
66.258,18.739,2.7197,0.2498,0.1268,61.165,59.643,-11.05,17.172,140.18,1
26.456,18.034,2.7749,0.3442,0.1755,7.6496,11.092,12.225,27.768,83.869,1
26.605,17.751,2.8998,0.3526,0.1883,17.139,19.606,-11.349,11.462,150.24,1
26.689,10.811,2.5999,0.5176,0.3128,-7.8042,12.107,-7.5764,5.8253,217.2,1
18.842,16.707,2.3493,0.5011,0.2707,-19.595,-19.117,-7.8235,79.698,236.34,1
12.785,11.569,2.2188,0.7251,0.3837,15.299,-7.0807,11.214,86.446,205.55,1
20.768,7.203,2.1629,0.6873,0.3608,-0.406,5.7016,-6.0033,26.499,145.13,1
49.744,26.691,3.4442,0.178,0.1027,0.6152,-24.75,12.259,7.3364,187.46,1
19.52,16.525,2.2923,0.5816,0.324,-26.034,12.899,-15.709,81.779,199.4,1
30.427,25.056,2.8503,0.2781,0.1588,-15.076,-7.8397,-10.954,32.497,175.65,1
98.361,25.159,3.4009,0.1538,0.0801,115.75,92.292,13.296,2.9063,282.08,1
62.424,21.108,3.2783,0.1802,0.0972,-10.459,24.11,9.0154,2.979,228.94,1
20.561,12.415,2.3589,0.5164,0.2867,-24.459,-14.527,-10.258,4.7412,112.35,1
31.979,16.253,2.6107,0.3407,0.1801,-25.585,-11.071,10.032,15.306,166.69,1
29.838,12.133,2.3729,0.3814,0.197,42.694,-11.344,-4.3881,1.575,198.6,1
32.738,16.381,2.9337,0.311,0.166,22.346,17.287,-8.9872,15.842,200.29,1
31.546,20.893,2.6613,0.3402,0.2061,15.97,30.809,-19.707,40.323,39.742,1
19.111,12.394,2.5244,0.5172,0.3004,0.3835,8.5182,8.3654,61.988,146.87,1
37.615,14.286,2.5085,0.3876,0.1938,60.122,-28.712,-11.789,13.394,209.77,1
26.536,14.892,2.6955,0.4133,0.2087,-4.2065,18.034,8.4802,15.321,161.39,1
25.822,7.0937,2.29,0.6513,0.4385,-9.6906,-13.626,3.502,31.469,208.96,1
46.391,26.081,3.3427,0.203,0.1292,23.316,-28.059,19.955,1.818,180.96,1
48.639,9.0466,2.5849,0.4343,0.2432,6.8177,45.479,-7.6617,0.204,188.96,1
26.183,22.097,2.3757,0.7621,0.4021,29.627,-8.1313,-23.482,14.607,425.27,1
94.064,18.974,3.1281,0.2264,0.1255,38.598,81.569,13.396,4.9933,272.64,1
31.908,8.7097,2.3775,0.478,0.2411,13.777,18.618,-8.7877,5.9537,200.25,1
45.016,20.784,2.9297,0.2434,0.1311,36.902,-15.54,10.235,10.558,158.99,1
70.227,46.207,3.6767,0.1196,0.0633,81.952,46.763,57.314,9.1982,248.59,1
51.303,25.694,3.2916,0.1395,0.0743,58.597,-17.616,-14.961,9.668,188.04,1
88.566,45.188,3.8493,0.156,0.0789,-22.683,-33.271,-28.609,5.1478,378.33,1
17.574,10.955,2.2765,0.5608,0.2831,2.4225,-8.4245,-4.1089,23.896,145.02,1
24.603,10.724,2.3971,0.477,0.2505,15.406,18.535,-4.2462,8.667,124.9,1
172.98,18.547,2.695,0.337,0.1705,-149.44,80.837,10.99,0.329,292.71,1
30.371,20.159,2.5711,0.2926,0.1597,1.1567,-13.103,17.463,60.779,263.98,1
12.555,11.89,2.0588,0.69,0.3712,16.297,-10.073,-6.9955,77.047,141.35,1
24.977,15.726,2.5635,0.5219,0.3538,20.72,25.425,14.323,2.298,124.45,1
68.393,23.161,2.8109,0.3725,0.1924,-54.154,-22.656,18.56,7.9012,309.05,1
59.513,31.048,3.2827,0.1731,0.1051,58.471,61.367,10.245,1.5087,86.784,1
21.418,6.6608,2.1123,0.7413,0.4595,20.96,15.148,-6.3638,38.695,121.46,1
54.69,13.381,2.6498,0.3225,0.1691,9.216,41.783,8.7147,22.307,84.517,1
19.171,16.226,2.3149,0.5278,0.2736,16.237,16.659,-13.854,84.45,60.444,1
35.467,18.439,3.1173,0.2962,0.1576,6.5021,25.381,-14.529,1.048,203.03,1
28.192,20.898,2.8251,0.2797,0.1563,-3.7079,13.019,-13.557,80.255,103.14,1
47.998,27.255,3.4081,0.2141,0.126,-10.97,-40.248,18.544,3.0708,198.48,1
34.771,17.814,2.7835,0.3523,0.1918,23.746,30.309,7.6813,0.831,161.23,1
12.605,11.82,2.1746,0.6957,0.3779,-16.096,9.8325,-7.7148,6.0163,139.72,1
20.462,7.274,2.0394,0.7032,0.379,0.8144,-6.9468,5.7574,78.887,146.76,1
31.385,13.21,2.6561,0.4238,0.2219,25.583,11.688,-3.6973,55.967,43.964,1
36.217,17.448,2.8041,0.3454,0.1939,20.31,24.724,9.5885,3.713,202.86,1
30.878,17.259,2.7589,0.3693,0.1925,31.039,19.253,5.6373,13.739,186.99,1
46.193,11.66,2.7608,0.3625,0.2212,41.05,25.719,-8.0745,2.76,237.45,1
35.086,17.755,2.9217,0.3174,0.1707,5.7032,22.909,10.132,19.88,169.28,1
22.895,12.899,2.1987,0.557,0.2943,14.976,9.3203,-7.9253,52.36,118.84,1
28.596,23.46,2.9865,0.3032,0.1521,37.214,22.661,18.268,5.359,144.83,1
29.331,18.066,2.4706,0.3824,0.1946,30.637,17.426,17.476,10.742,165.41,1
107.6,46.463,4.0313,0.0911,0.0474,-82.301,72.13,-29.043,3.503,302.3,1
46.535,16.805,2.9978,0.2663,0.1573,17.07,30.323,-11.765,8.698,167.1,1
72.522,21.638,3.2048,0.1941,0.097,70.632,65.572,-13.313,0.386,207.99,1
24.583,17.86,2.5955,0.4137,0.217,8.9796,-7.8221,-7.0297,13.758,91.887,1
41.793,20.999,2.9621,0.2368,0.126,48.458,11.905,-12.14,13.636,99.448,1
91.457,45.523,4.2044,0.0686,0.0345,103.12,76.02,-25.648,1.22,210.78,1
39.533,10.789,2.3646,0.4838,0.2743,50.546,-18.8,-3.4992,9.0374,181.5,1
39.695,16.618,2.8837,0.3242,0.2059,2.875,-13.491,-11.051,6.11,200.42,1
42.308,17.467,3.063,0.2448,0.125,-1.6417,-18.416,-7.3354,1.0036,178.34,1
40.376,23.515,2.7774,0.2387,0.1194,50.577,38.355,16.34,6.978,130.92,1
65.608,21.907,3.4512,0.2052,0.1056,43.03,67.889,11.479,10.689,224.17,1
13.013,10.52,2.2188,0.7674,0.5045,12.852,4.3884,7.8762,31.914,147.73,1
36.723,23.104,2.9906,0.2657,0.1559,19.385,-22.976,20.773,9.5163,177.32,1
46.679,17.6,3.1381,0.307,0.167,12.364,49.05,-3.9128,0.461,194.6,1
54.183,21.959,3.0792,0.2658,0.1437,-84.935,27.394,12.275,1.5703,255.37,1
95.585,9.9083,2.6902,0.3531,0.1929,23.752,87.634,-7.2335,0.7801,250.24,1
23.107,9.5338,2.4141,0.5665,0.3873,13.117,-6.6128,4.5553,11.204,208.74,1
62.792,25.729,3.3498,0.2029,0.1187,41.282,57.416,-21.318,2.477,223.41,1
45.296,24.56,3.0441,0.3749,0.2163,49.259,37.647,18.729,8.201,283.62,1
142.56,13.447,2.7447,0.4572,0.2691,-131.05,71.198,-8.0486,0.8956,302.93,1
81.214,27.823,3.9569,0.132,0.0685,45.984,71.455,13.974,0.2799,262.25,1
96.597,37.065,3.2999,0.2175,0.111,-45.634,-82.564,14.312,4.591,295.13,1
28.001,8.888,2.3608,0.5534,0.2941,-35.492,-12.289,-4.3699,16.315,174.21,1
19.425,13.45,2.5447,0.5678,0.3609,-3.2619,15.152,10.075,68.132,234.56,1
53.957,15.777,2.938,0.331,0.1713,14.063,-22.737,-10.911,0.2989,223.83,1
26.92,17.529,2.6684,0.3562,0.1878,-5.5426,18.995,-10.439,7.9478,145.85,1
90.612,36.475,3.6258,0.1906,0.1031,-58.446,-26.768,18.067,4.6584,396.92,1
58.335,20.862,3.2316,0.2417,0.1493,51.459,51.071,13.493,3.9671,207.6,1
20.859,16.113,2.4997,0.4652,0.2358,10.198,10.804,-9.4188,36.551,105.4,1
45.467,14.811,2.6906,0.2834,0.1621,25.483,24.419,10.447,15.569,190.72,1
54.323,21.363,3.3105,0.1722,0.0873,-93.258,20.964,-6.5174,6.759,270.21,1
71.359,34.976,3.5158,0.1845,0.102,19.241,70.827,23.549,1.576,289.21,1
80.393,24.709,3.1874,0.317,0.1738,0.9793,43.437,-14.423,0.3113,341.94,1
60.865,14.493,2.8689,0.307,0.1684,-48.789,23.801,10.528,4.081,184.96,1
36.393,14.918,2.9292,0.3308,0.176,46.163,29.845,-11.615,2.6313,177.11,1
19.97,12.063,2.2989,0.6533,0.3693,8.9327,20.503,7.2398,2.681,96.935,1
23.992,22.419,2.6069,0.2818,0.1545,-14.613,16.137,-13.09,44.853,151.05,1
59.45,18.251,2.6493,0.3991,0.2119,22.609,62.4,9.105,0.1321,177.61,1
48.391,18.48,2.9408,0.2659,0.145,20.411,29.584,9.544,2.6896,157.83,1
28.156,14.906,2.549,0.3757,0.1907,12.958,12.433,7.1315,25.48,89.302,1
38.369,15.752,2.9501,0.3298,0.1789,9.5988,31.096,7.6056,3.764,158.3,1
21.331,12.77,2.3334,0.4919,0.2575,-27.315,-10.873,-7.5809,15.849,64.689,1
23.22,12.547,2.4306,0.5195,0.3061,25.96,11.309,8.5799,2.3661,207.89,1
13.017,11.019,2.1351,0.7546,0.4432,-14.268,6.0922,10.362,2.5667,144.36,1
25.225,19.11,2.5237,0.3413,0.1901,-17.622,-13.887,13.079,2.558,238.89,1
43.384,29.436,3.3516,0.1878,0.0977,34.136,33.509,-22.179,6.0236,154.75,1
26.928,11.884,2.2636,0.485,0.248,9.3925,11.49,-10.125,40.449,80.549,1
17.042,11.057,2.2227,0.6108,0.3503,2.5232,-7.3054,-6.8686,11.416,186.82,1
21.443,9.4953,2.2742,0.633,0.359,0.937,-13.183,8.7253,29.712,162.04,1
18.671,16.029,2.7608,0.4579,0.3131,0.69,-5.2808,6.7573,9.397,150.07,1
18.889,12.25,2.4691,0.6248,0.4024,-14.102,-17.01,-8.0801,5.448,167.44,1
17.091,10.553,2.3909,0.6748,0.4004,-3.3729,7.3418,7.9732,14.894,129.86,1
15.944,11.294,2.4014,0.6548,0.4147,-3.2111,4.3181,-8.4619,46.642,199.28,1
27.463,15.926,2.5933,0.3342,0.1773,15.366,11.73,-11.462,4.914,151.57,1
51.594,20.674,3.0149,0.2638,0.1338,-7.4779,45.377,-12.895,10.02,226.16,1
22.068,10.668,2.3747,0.557,0.2975,-17.029,-17.382,-5.2847,35.542,130.18,1
38.951,10.774,2.6665,0.3944,0.2252,-21.076,-28.21,11.889,2.2136,189.06,1
66.232,28.083,3.4596,0.1374,0.0692,81.87,48.589,14.401,8.1299,186.72,1
57.982,28.832,2.9969,0.2064,0.1334,-72.418,-32.904,22.121,9.023,270.84,1
57.434,12.179,2.5478,0.3428,0.1969,-93.466,44.058,-10.963,11.365,249.23,1
74.791,22.949,2.9836,0.2264,0.1137,-45.528,69.227,-12.562,11.45,295.34,1
54.268,23.667,3.1062,0.2028,0.1155,69.796,43.435,11.856,2.103,228.69,1
21.293,7.0199,2.1055,0.6902,0.3647,-24.635,-9.5293,-6.3384,23.036,172.23,1
39.493,13.068,2.6866,0.428,0.2562,10.185,22.559,-10.384,10.878,225.03,1
75.188,18.642,2.9571,0.2241,0.1209,5.3992,63.83,-10.536,1.253,250.86,1
16.418,11.336,2.3324,0.614,0.3744,-2.3333,5.9175,7.4085,65.558,197.51,1
41.606,25.646,2.9717,0.1996,0.1083,29.139,-7.0886,10.294,20.334,86.092,1
22.821,11.485,2.3988,0.5709,0.3214,11.917,20.585,-6.2059,8.907,150.85,1
12.745,11.621,2.0881,0.7184,0.3878,-15.469,8.1816,-10.573,4.555,143.01,1
24,16.392,2.5263,0.4613,0.2336,16.105,-19.05,-13.788,6.9421,154.08,1
71.912,18.135,3.3059,0.178,0.0986,65.349,66.755,8.4497,0.738,195.84,1
50.942,21.571,3.2002,0.2315,0.1328,-16.363,-44.734,2.456,2.8444,229.15,1
12.913,11.378,2.0986,0.741,0.3785,-15.038,4.2909,11.718,84.632,111.69,1
37.273,20.291,2.3909,0.3943,0.2215,-40.982,-25.856,13.411,17.796,215.42,1
66.941,22.672,3.0594,0.266,0.133,51.719,76.803,-9.8085,5.633,154.98,1
21.283,6.4967,2.1717,0.7609,0.4949,19.55,16.467,-6.2893,10.167,97.896,1
52.993,17.957,2.8579,0.3689,0.2004,-36.834,40.555,-16.224,4.885,294.54,1
60.409,15.267,2.9175,0.2382,0.1276,67.291,40.2,6.3825,2.6457,232.76,1
100.01,44.79,4.1322,0.0884,0.0453,43.295,89.106,-26.975,3.081,252.78,1
38.934,20.551,3.1133,0.2519,0.1498,2.8118,-11.628,-15.565,5.5697,170.24,1
50.736,13.877,2.4886,0.3279,0.1867,22.963,32.073,-10.627,25.98,165.05,1
35.285,18.863,2.8817,0.264,0.1372,8.238,23.031,-9.2055,16.104,187.59,1
24.856,10.923,2.4306,0.5046,0.269,-8.4249,-19.488,-5.3051,22.988,146.81,1
26.339,10.959,2.3918,0.5274,0.2982,-6.3139,-14.916,10.82,11.873,114.86,1
43.301,17.484,2.6812,0.2521,0.1302,-13.75,-21.997,15.514,3.1075,193.81,1
58.032,22.314,2.8834,0.3205,0.1838,3.3338,-64.585,13.625,30.337,109.98,1
28.695,10.452,2.3149,0.5182,0.2688,3.0328,23.02,-7.4159,19.258,141.67,1
45.418,24.453,3.237,0.2358,0.1191,21.083,23.22,19.245,4.526,260.52,1
52.672,25.368,3.2845,0.227,0.1197,14.14,38.027,-11.922,7.2741,116.69,1
24.221,13.58,2.3683,0.5525,0.3019,-24.403,-12.432,-10.57,0.075,209.66,1
12.96,11.211,2.1569,0.7456,0.4216,-14.711,6.7743,10.739,28.278,223.59,1
21.536,9.9292,2.2672,0.627,0.3378,22.048,18.454,-11.198,24.077,181.77,1
47.867,18.533,2.9542,0.1967,0.0983,56.982,36.167,10.384,1.5342,164.41,1
98.719,26.925,3.2377,0.2233,0.1143,-68.361,40.007,21.453,0.8402,350.41,1
25.179,19.363,2.8283,0.3846,0.2146,11.141,-17.804,-7.4451,48.499,37.751,1
59.3,26.444,3.1974,0.1422,0.0752,-5.7776,43.554,-6.9806,11.448,212.56,1
32.882,20.096,2.5563,0.3361,0.1681,37.824,-29.168,9.2132,8.007,117.05,1
77.256,17.032,3.0332,0.3085,0.1811,-102.5,56.856,-20.358,1.922,319.09,1
72.646,23.224,3.1902,0.1426,0.0771,-60.268,41.39,13.611,5.284,229.02,1
36.976,25.509,3.0833,0.2187,0.1143,35.107,22.591,13.997,3.906,232.35,1
88.38,23.735,3.2642,0.1905,0.1053,-1.3763,76.9,12.173,0.949,339.39,1
21.307,10.763,2.2625,0.6011,0.3251,16.604,17.757,4.9065,4.267,73.873,1
24.51,16.232,2.6048,0.3925,0.2,-10.86,-14.373,-9.1651,66.635,122.29,1
20.513,15.744,2.4314,0.4704,0.2389,-29.056,11.271,-3.7516,21.605,237.16,1
24.047,14.086,2.667,0.4521,0.268,27.151,19.57,-9.3572,31.04,102.39,1
40.912,31.212,3.6204,0.1943,0.1101,18.794,22.831,-10.22,14.608,201.92,1
91.573,37.313,3.3333,0.1875,0.101,-56.79,-80.606,-17.871,7.388,271.11,1
92.719,21.953,2.792,0.2421,0.1396,65.164,90.659,-16.279,49.689,41.689,1
26.928,16.46,2.5944,0.3919,0.2252,16.583,15.373,9.7668,3.3499,256.85,1
20.484,12.596,2.4556,0.4518,0.2469,0.549,-2.548,-9.8238,63.247,188.01,1
56.608,24.902,3.568,0.1952,0.105,58.715,51.748,14.167,2.4729,189.11,1
19.677,12.35,2.317,0.5012,0.306,0.4466,6.0898,-10.375,53.718,172.75,1
39.558,18.467,2.7566,0.3012,0.2093,-0.2109,-33.186,-12.515,3.443,196.86,1
34.917,10.886,2.4713,0.4358,0.228,41.794,27.471,9.0442,11.566,92.967,1
88.57,29.898,3.7112,0.1217,0.0612,-90.699,79.504,-20.809,3.266,250.8,1
100.29,20.906,3.0392,0.2211,0.1211,117.45,-46.446,11.103,4.664,247.55,1
46.28,16.314,2.8979,0.2745,0.1575,-25.663,-23.667,8.8249,50.944,61.96,1
55.864,22.378,2.6556,0.3558,0.2199,-81.191,38.681,14.22,2.6299,248.26,1
16.846,11.165,2.4683,0.6088,0.3214,3.9076,-8.6159,6.0436,31.505,190.22,1
56.961,26.215,2.8205,0.3386,0.2396,8.7576,69.386,-13.104,39.579,252.47,1
20.384,6.9632,2.1508,0.7774,0.4346,20.809,14.09,5.5322,78.236,166.47,1
12.847,11.396,2.0986,0.7251,0.4183,-15.014,8.3864,8.8695,67.814,122.77,1
58.726,19.948,2.8293,0.2444,0.1267,-77.822,28.24,-8.4376,3.973,263.89,1
27.205,14.347,2.635,0.4195,0.2329,-0.5521,21.902,-8.3026,1.8909,215.62,1
39.196,15.129,2.5051,0.3125,0.1641,10.125,13.526,-5.4373,14.662,228.97,1
49.988,18.348,2.9983,0.2018,0.1019,-6.3434,28.876,11.764,4.2187,187.79,1
35.472,17.892,2.7551,0.2988,0.1573,7.156,-24.032,-10.389,20.14,167.22,1
24.834,20.05,2.6117,0.4034,0.2115,3.552,16.857,-15.221,83.62,60.929,1
22.457,12.708,2.1987,0.5886,0.3386,15.196,13.002,9.2513,46.918,47.019,1
38.839,15.908,2.9258,0.3915,0.2212,39.581,26.92,-10.359,16.524,190.81,1
37.55,26.082,2.9987,0.2457,0.1239,-6.2596,26.39,-17.817,26.688,100.97,1
75.469,21.327,3.1438,0.2205,0.1189,-67.803,64.517,-20.259,3.0461,262.86,1
78.069,27.809,3.3742,0.1834,0.097,-37.928,63.179,26.397,0.916,291.28,1
52.797,18.233,2.9564,0.2045,0.1111,90.072,20.984,11.914,2.973,221.13,1
31.21,12.009,2.4786,0.392,0.201,24.997,19.973,-11.152,5.3152,129.72,1
62.431,20.742,3.0569,0.2456,0.1303,21.528,35.185,6.8249,1.784,259.62,1
38.949,13.062,2.7868,0.3121,0.1724,-18.994,15.902,-6.9179,4.379,215.58,1
77.891,20.97,3.0695,0.1525,0.078,12.696,66.583,-16.606,2.1148,268.77,1
30.735,12.605,2.5058,0.4743,0.3105,8.5614,-12.421,-9.9938,2.8735,188.8,1
28.765,8.2457,2.2553,0.6056,0.3472,30.686,22.044,-6.6302,11.054,135.4,1
22.04,16.262,2.5575,0.5097,0.3144,8.6338,18.196,14.521,31.06,230.92,1
27.052,14.214,2.4281,0.4104,0.222,24.278,-19.481,-5.2155,39.776,182.2,1
88.71,22.256,2.8195,0.2348,0.1189,-155.94,75.771,8.9403,0.485,204.63,1
12.896,11.348,2.1538,0.7368,0.4105,-14.966,7.3404,-10.682,22.118,46.765,1
23.56,17.88,2.6243,0.3492,0.1841,2.1093,18.977,5.9243,25.417,90.719,1
22.361,12.382,2.3253,0.5154,0.2719,-1.331,9.8102,5.5702,23.99,186.33,1
21.936,11.206,2.2405,0.5977,0.3649,-14.953,-19.521,-6.3874,57.458,25.498,1
26.24,11.981,2.4764,0.5743,0.3723,9.7825,16.965,12.989,9.256,113.41,1
38.135,17.461,2.7853,0.2689,0.1484,18.515,-19.402,18.519,11.418,200.44,1
18.506,10.158,2.2967,0.6061,0.3611,21.26,12.087,-3.725,0.3676,177.14,1
89.898,22.915,3.1324,0.3597,0.2127,16.753,-46.18,-14.355,6.8413,346.75,1
34.649,14.927,2.5434,0.4006,0.2246,19.019,16.908,13.612,34.959,242.35,1
37.097,15.443,2.7612,0.3553,0.2002,-27.303,21.465,-8.5269,8.163,268.68,1
36.081,14.61,2.4586,0.3652,0.2035,25.618,21.267,-9.4823,4.7156,155.87,1
29.479,17.643,2.6981,0.3587,0.1994,-39.198,-23.252,-14.054,2.1841,195.2,1
86.9,23.887,3.4157,0.3409,0.1887,-22.802,-59.639,9.4467,1.2007,358.28,1
17.438,14.7,2.3284,0.6761,0.4108,-2.9509,-14.162,12.008,17.627,163.86,1
56.806,18.148,2.9829,0.2309,0.1191,22.455,56.098,7.8091,11.195,189.49,1
42.423,15.996,2.7097,0.279,0.161,4.7791,21.371,7.6462,6.304,210.96,1
21.386,17.668,2.5545,0.4128,0.2385,11.554,10.908,-11.614,33.326,39.594,1
19.32,7.2007,2.2636,0.8011,0.4169,-5.615,11.64,3.7875,24.103,214.35,1
35.611,18.169,2.9151,0.3733,0.2061,22.172,36.917,-11.158,26.547,150.17,1
21.093,6.9149,2.1055,0.7373,0.4196,22.112,13.458,-6.1738,15.343,159.76,1
57.68,22.152,3.1581,0.2717,0.1637,36.674,54.001,17.066,10.262,243.66,1
20.475,10.396,2.2718,0.6043,0.3342,-7.0831,17.355,10.412,19.044,191.43,1
75.05,21.834,3.1326,0.2955,0.1566,-46.691,53.025,-16.836,1.2422,283.65,1
32.685,15.355,2.8017,0.3631,0.1918,-13.13,-24.828,-11.5,12.386,200.26,1
56.896,16.603,2.9786,0.2437,0.1234,-13.439,50.812,12.242,1.38,248.06,1
20.883,16.872,2.5611,0.5687,0.3585,-5.7111,16.179,-11.006,17.999,249.17,1
13.182,10.6,2.2799,0.7822,0.4646,13.692,4.3486,11.036,13.194,196.47,1
26.566,11.903,2.3936,0.4848,0.2848,-9.5216,-14.715,9.8316,57.637,17.834,1
93.676,32.309,3.5178,0.2085,0.1085,0.8677,55.21,16.719,0.026,362.53,1
28.362,15.928,2.5237,0.3353,0.1931,8.0848,-10.284,8.4111,27.451,145.16,1
21.803,9.7761,2.2672,0.5946,0.3162,5.1895,-16.899,-10.672,23.281,110.33,1
28.021,19.51,2.7431,0.3957,0.2014,14.019,22.376,-15.266,85.372,121.69,1
27.499,6.9559,2.2279,0.568,0.3343,-10.464,-14.306,-3.8066,43.912,183.67,1
18.12,10.629,2.3766,0.7101,0.4055,8.1281,-15.617,-3.5703,37.822,189.65,1
35.237,9.4788,2.4265,0.4082,0.2228,32.465,-24.612,3.9519,11.053,214.47,1
90.584,25.593,3.3384,0.2785,0.1961,-14.783,81.644,25.504,0.443,346.4,1
21.132,10.837,2.3181,0.5625,0.2909,-6.3786,17.951,8.6957,72.539,123.26,1
45.424,15.379,2.9159,0.2536,0.128,-29.463,-10.2,11.169,7.295,176.71,1
58.426,24.052,2.9692,0.351,0.241,-48.205,-40.597,12.953,4.377,311.43,1
20.467,12.824,2.3971,0.5451,0.2826,-11.197,-5.9458,7.7056,26.07,194.08,1
32.411,12.907,2.4646,0.4906,0.2556,12.195,22.202,-7.5632,13.097,151.69,1
49.073,27.388,2.9183,0.2426,0.1394,10.932,-25.821,16.412,5.1931,276.68,1
86.929,23.861,3.0147,0.1769,0.0962,-115.49,67.869,-9.7501,2.3402,245.9,1
41.401,24.759,2.9425,0.21,0.109,20.194,24.031,23.564,21.963,129.02,1
23.041,18.298,2.4175,0.4933,0.262,32.189,-15.222,15.32,58.554,75.013,1
12.672,11.728,2.0846,0.7078,0.3827,-15.758,9.0043,9.8003,8.7191,122.26,1
18.185,12.899,2.4836,0.5616,0.2906,-2.9115,11.142,7.4341,54.983,168.84,1
74.667,18.379,2.8987,0.2197,0.1181,23.594,63.441,11.723,7.3061,221.95,1
77.083,25.423,3.4002,0.2006,0.1041,-53.266,69.239,-20.86,5.0251,275.48,1
35.173,28.825,2.8724,0.2871,0.1791,22.105,21.892,-21.961,28.899,122.02,1
46.92,22.852,2.9428,0.243,0.1443,-21.754,-36.272,8.0652,4.2278,175.44,1
54.08,29.215,3.0927,0.1995,0.1022,45.37,51.858,-26.39,9.9658,167.65,1
105.5,9.907,2.8543,0.442,0.2636,-51.904,-42.359,-11.252,0.951,309.66,1
57.27,17.37,3.1754,0.195,0.1032,-100.41,-25.524,12.169,7.052,241.25,1
21.581,9.9303,2.179,0.5828,0.3344,2.944,-15.312,9.1891,20.293,138.35,1
37.346,18.319,2.8754,0.2958,0.1512,25.768,10.435,16.734,8.741,236.09,1
40.228,14.251,2.8136,0.3487,0.1774,-27.939,-19.377,-12.745,2.969,181.59,1
35.855,15.767,2.3493,0.4653,0.2438,35.142,19.845,-12.372,34.383,232.91,1
32.462,22.305,2.8768,0.3015,0.1733,-7.9589,-25.549,-19.592,38.508,128.81,1
22.309,0.0028,2.1089,0.7626,0.4397,-2.5678,11.549,-0.0001,19.732,76.95,1
32.647,19.03,2.5792,0.2661,0.1357,49.912,13.205,-11.725,13.131,142.52,1
12.684,11.696,2.3233,0.6983,0.3919,-15.793,9.6501,-5.1802,78.178,154.37,1
69.033,24.645,3.514,0.2238,0.1309,-62.474,-51.18,-13.679,4.914,279.63,1
91.739,31.084,3.6453,0.217,0.1108,33.84,-50.094,-15.703,0.0881,374.93,1
19.821,7.3561,2.1658,0.744,0.413,-2.2636,8.9972,-5.0596,20.523,217.09,1
24.383,10.056,2.3233,0.5131,0.2874,14.539,-15.136,-5.1963,35.913,58.932,1
21.152,6.9475,2.1021,0.7273,0.4071,22.672,12.798,-6.2222,24.731,142.05,1
50.777,15.705,2.5353,0.3644,0.191,34.135,36.893,-12.707,3.9303,171.38,1
22.374,11.788,2.5752,0.5479,0.3976,7.5774,15.764,10.197,8.363,186.18,1
67.341,23.683,3.016,0.2342,0.1441,96.943,42.99,-11.918,0.256,263.83,1
22.288,0,2.2889,0.8072,0.4036,6.3241,-15.855,0.0001,42.589,191.96,1
13.179,10.831,2.2082,0.774,0.4241,14.477,-2.7238,-11.63,27.106,197.26,1
24.463,13.43,2.4273,0.5421,0.3009,25.561,14.766,-4.7076,5.044,105.34,1
40.554,21.419,3.3201,0.2206,0.1112,4.3986,26.101,-11.813,0.1593,186.85,1
23.819,15.589,2.4654,0.4795,0.2551,15.967,-19.019,9.5695,24.162,195.01,1
25.336,12.01,2.5434,0.5007,0.2818,4.4722,16.756,-10.953,56.2,99.145,1
17.349,10.702,2.3118,0.6439,0.3293,21.339,10.365,6.4011,63.765,116.62,1
96.816,31.238,3.555,0.2889,0.1573,-82.434,-52.794,-22.24,0.192,398.81,1
19.155,10.01,2.3927,0.5547,0.33,-23.246,-10.581,1.7216,0.055,184.6,1
18.173,16.556,2.567,0.4688,0.2859,8.3885,-10.12,9.6012,29.666,42.59,1
22.613,10.688,2.1931,0.5385,0.2981,23.251,18.979,-10.325,10.715,174.58,1
24.95,15.796,2.3434,0.4943,0.2834,14.997,-13.749,-15.501,19.429,176.25,1
39.627,23.017,2.6762,0.2887,0.1612,19.121,37.185,-20.329,22.349,199.27,1
48.841,20.034,3.2675,0.269,0.1402,53.657,30.11,-6.3227,3.1548,191.11,1
79.159,26.406,3.7561,0.1594,0.092,-81.299,63.622,-9.7485,1.975,260.01,1
27.979,11.476,2.5353,0.4169,0.2085,39.415,6.6349,5.2675,13.894,194.72,1
28.971,7.5578,2.2923,0.5816,0.3291,12.371,-7.6712,-5.4745,41.669,110.65,1
30.382,13.415,2.5676,0.3897,0.2233,-7.5413,23.82,11.371,11.942,179.69,1
32.285,20.749,2.9472,0.3027,0.1666,5.2304,27.524,9.8785,30.388,79.378,1
41.91,14.522,2.6201,0.3597,0.217,9.2515,36.272,10.271,15.355,88.817,1
39.814,16.125,2.7593,0.2889,0.1749,-28.46,-26.55,7.1605,54.262,37.988,1
52.033,14.571,2.6585,0.3425,0.1767,34.582,38.368,-11.39,0.8496,171.98,1
87.425,29.401,3.3715,0.2049,0.1048,-28.298,65.179,13.644,1.909,302.01,1
32.903,20.165,3.2621,0.3183,0.1687,10.806,21.914,-8.4777,12.284,88.133,1
27.081,20.854,2.738,0.3327,0.1782,-0.3479,-19.915,-10.591,30.11,161.72,1
30.175,17.111,2.7723,0.3091,0.1748,12.883,24.314,1.7449,1.76,150.33,1
24.563,14.468,2.3191,0.4892,0.2758,10.859,14.2,-12.637,27.221,174,1
28.694,8.5113,2.4749,0.5796,0.33,33.894,16.324,4.938,10.347,240.52,1
31.967,14.347,2.6642,0.4052,0.2286,-34.574,24.254,-14.744,9.152,226.92,1
23.391,16.465,2.5729,0.4706,0.2714,-20.35,-14.142,-8.0312,19.703,110.65,1
67.026,27.717,3.4689,0.1617,0.0848,57.371,59.128,-11.969,5.1684,206.88,1
81.706,28.561,3.4166,0.1713,0.0918,70.173,62.872,-19.117,3.953,225.51,1
17.776,7.3984,2.3149,0.8087,0.5254,-2.8991,5.0062,-4.2669,66.152,160.95,1
98.904,20.703,2.8756,0.2517,0.1378,-102.37,89.134,-13.396,14.558,231.66,1
34.663,14.732,2.6604,0.3628,0.224,35.122,25.806,-10.938,6.1287,143.96,1
56.428,22.316,2.938,0.2445,0.1228,58.975,29.554,16.435,30.919,226.99,1
24.763,19.421,2.7934,0.362,0.1939,11.369,10.72,16.828,30.808,74.221,1
25.486,12.613,2.6712,0.4733,0.2377,-20.277,-23.859,-6.8231,55.929,188.16,1
37.737,23.046,2.8639,0.2886,0.1662,42.058,24.346,-10.993,20.583,221.5,1
20.276,12.939,2.4175,0.4665,0.2352,-16.52,-4.3311,6.4784,78.23,175.39,1
40.065,21.38,2.9811,0.2851,0.1655,18.943,26.516,16.563,18.05,213.5,1
43.48,17.451,2.6758,0.2827,0.1466,57.145,-29.753,15.03,2.912,244.24,1
61.269,23.206,3.3153,0.2153,0.1149,-10.05,59.09,16.366,12.18,286.97,1
37.71,19.299,2.7368,0.253,0.1311,54.86,-29.601,2.5925,4.2358,237.3,1
83.917,20.296,2.836,0.2918,0.1597,80.654,62.735,20.63,2.3494,230.46,1
23.064,12.565,2.6085,0.4384,0.2328,-9.881,-12.93,-6.6867,24.204,116.23,1
22.709,0.0043,2.2028,0.7586,0.4169,-3.0091,12.546,-0.0001,37.387,128.36,1
38.531,21.312,2.798,0.258,0.1377,7.3695,24.429,-12.486,23.436,151.18,1
19.628,10.546,2.3345,0.6343,0.3403,8.7448,-17.444,-10.766,14.4,203.95,1
25.161,14.897,2.5231,0.4138,0.2324,5.0132,16.928,-11.748,28.351,95.133,1
12.659,11.758,2.0512,0.7111,0.3689,-15.493,7.2461,11.179,67.149,234.24,1
19.755,14.585,2.6345,0.5336,0.3028,-20.372,-15.006,8.1704,58.335,101.03,1
26.424,16.419,2.5484,0.396,0.2023,-25.306,20.775,11.1,53.061,186.5,1
81.371,19.56,3.1581,0.2599,0.147,-64.812,56.038,10.225,0.6543,320.44,1
21.791,10.996,2.2601,0.5495,0.2995,14.757,18.481,7.2367,23.245,201.82,1
31.082,14.104,2.4526,0.3774,0.2028,-33.056,-14.691,7.294,14.461,275.57,1
31.841,10.584,2.3775,0.5199,0.283,32.718,20.898,-9.3392,14.307,86.91,1
28.218,17.45,2.6207,0.297,0.1545,-36.796,-19.523,-6.8412,59.775,25.762,1
20.768,8.9999,2.3243,0.6398,0.3341,25.242,7.7059,1.5777,74.342,93.678,1
25.977,12.076,2.5024,0.456,0.2311,35.199,10.704,-6.7547,16.071,168.54,1
29.424,16.425,2.7871,0.3298,0.182,-13.951,23.419,-9.0011,52.698,57.839,1
99.936,55.923,4.1876,0.0984,0.0495,-20.855,69.205,-29.366,2.423,341.02,1
50.718,16.248,2.7853,0.3738,0.2336,40.215,46.092,15.855,7.6056,224.01,1
20.319,17.784,2.525,0.4299,0.2373,4.5947,3.884,5.5003,48.037,48.028,1
26.031,19.036,2.5843,0.3542,0.194,3.3956,-21.051,7.1944,4.437,162.59,1
30.95,17.47,2.6646,0.3874,0.2045,33.505,13.665,-14.564,20.873,218.27,1
24.363,16.362,2.6613,0.4885,0.2694,-4.253,-23.145,13.012,40.672,110.12,1
43.547,23.776,3.1857,0.2113,0.1281,35.088,28.273,-16.498,8.662,144.33,1
26.281,11.437,2.5126,0.51,0.3303,-6.922,-18.256,-10.138,22.598,173.14,1
13.135,10.379,2.1861,0.7883,0.4984,-12.93,-6.0924,-10.295,88.522,60.253,1
76.199,27.793,3.5964,0.1375,0.0728,39.044,69.355,15.624,0.6204,167.36,1
23.332,14.544,2.4639,0.433,0.2423,-10.661,-16.034,11.925,37.377,200.61,1
85.049,28.595,3.4957,0.1977,0.1196,-44.35,75.508,14.655,4.5512,316.52,1
43.218,22.325,3.0828,0.2884,0.1715,-59.419,-26.864,-16.614,4.1112,279.85,1
37.084,18.295,2.8907,0.2662,0.137,-23.533,-11.903,-8.6334,16.483,215.68,1
23.12,13.059,2.3847,0.466,0.2577,24.735,14.592,2.8713,42.462,77.576,1
43.54,12.57,2.525,0.4896,0.2463,-45.303,14.966,11.266,9.6758,243.08,1
17.74,17.052,2.4807,0.5223,0.2661,-4.952,-11.579,10.223,3.4241,145.27,1
50.013,21.181,3.1661,0.2306,0.1231,64.963,41.182,19.303,0.591,231.88,1
97.854,30.699,3.9531,0.1298,0.0657,55.569,79.774,-17.748,2.4052,290.11,1
44.353,17.302,2.8228,0.2421,0.1286,-53.742,13.113,-9.5446,6.9645,220.4,1
25.133,9.7512,2.2776,0.5066,0.3034,-12.974,14.117,3.4455,52.016,203.11,1
23.9,10.115,2.3936,0.5414,0.3131,5.8226,17.68,7.6736,1.9963,112.95,1
84.079,27.291,3.3748,0.1641,0.1031,52.378,77.677,-8.011,5.219,267.89,1
42.715,17.412,3.0026,0.2853,0.1764,-1.7152,-31.91,9.7821,1.044,208.32,1
31.449,12.591,2.5152,0.3969,0.2,1.9766,-9.897,9.2871,21.501,136.8,1
67.364,25.116,3.6963,0.1467,0.0756,33.163,52.31,-15.277,3.1608,220.84,1
41.836,20.252,2.8698,0.2537,0.137,-14.092,32.932,-13.673,20.879,180.15,1
47.703,20.733,2.9385,0.3053,0.1768,43.635,44.216,-8.7478,7.4038,224.58,1
118.86,27.385,3.5161,0.17,0.0873,-76.532,46.792,-9.6862,1.5122,308.96,1
19.522,6.9971,2.2799,0.8136,0.4331,20.083,13.578,-4.099,64.323,134.83,1
21.871,6.6133,2.1658,0.7304,0.4403,22.212,14.11,-6.5902,37.434,122.63,1
19.769,19.454,2.5359,0.4017,0.2169,-18.299,-13.912,10.317,65.285,237.61,1
80.324,51.638,3.7883,0.0939,0.0473,79.799,62.053,21.794,4.63,96.228,1
66.218,21.548,2.6862,0.3337,0.1905,72.77,56.513,16.642,17.7,231.76,1
46.561,17.046,2.8231,0.2735,0.1405,14.027,-22.531,-11.11,81.589,48.823,1
69.21,35.875,3.7178,0.1572,0.0801,24.026,67.623,-17.128,3.301,283.86,1
54.144,17.363,2.6439,0.3087,0.1691,-86.498,26.305,-11.628,16.251,278.83,1
38.842,15.734,2.8024,0.3105,0.1647,4.6413,28.286,9.3752,0.4595,191.74,1
28.807,13.886,2.6248,0.3796,0.2147,16.439,-12.439,5.6214,0.2906,203.79,1
32.943,12.833,2.4433,0.3496,0.2036,44.115,21.961,-7.8081,4.0575,147.74,1
22.482,10.742,2.3284,0.5352,0.2887,23.272,18.878,10.125,82.667,33.781,1
34.543,10.631,2.6985,0.4004,0.2272,48.834,7.9539,5.2069,12.016,151.21,1
36.733,19.101,2.941,0.3562,0.1919,21.23,6.8988,9.9665,21.591,177.98,1
22.857,10.076,2.3139,0.5728,0.3131,-30.361,14.514,7.0374,16.59,150.47,1
19.08,9.9114,2.4116,0.6008,0.3004,-1.667,8.4566,5.4923,67.771,62.811,1
19.119,7.2913,2.1746,0.796,0.4381,-4.6941,10.419,3.4148,40.691,91.227,1
28.82,11.287,2.3493,0.4832,0.2886,-25.631,-24.302,-8.2233,25.421,117.65,1
12.8,11.549,2.1383,0.7273,0.3818,-15.242,6.6145,-11.367,63.887,164.21,1
21.638,15.323,2.4346,0.4338,0.2592,24.667,13.347,-6.7626,1.591,206.87,1
90.913,25.453,3.1958,0.1886,0.1067,-104.25,61.264,15.796,1.116,316.56,1
65.17,17.389,2.8837,0.4301,0.3026,-2.3466,-26.159,4.0094,2.2087,327.95,1
73.051,31.685,3.3732,0.3358,0.2136,16.182,35.501,-11.24,1.687,346.58,1
107.97,30.79,2.8096,0.3023,0.1868,-21.703,-138.31,-18.566,69.079,194.44,1
23.791,14.092,2.4409,0.5036,0.3388,10.807,18.58,10.299,0.137,62.058,1
19.46,12.487,2.4401,0.5299,0.2668,18.462,11.972,-6.0887,23.336,203.77,1
16.929,11.356,2.4249,0.5752,0.3101,-0.4147,4.146,-4.793,49.223,198.69,1
18.808,10.051,2.3579,0.6842,0.4364,-5.1721,14.662,6.8224,6.865,46.032,1
92.573,31.954,3.0533,0.2468,0.1659,-33.225,70.017,28.355,11.127,332.85,1
13.002,10.93,2.1319,0.7528,0.4613,-13.919,6.0316,-9.1771,62.424,204.59,1
22.399,12.469,2.6238,0.4661,0.2366,-31.05,10.997,-10.223,11.655,227.14,1
29.201,16.281,2.8932,0.3581,0.2104,-4.4772,14.992,-12.494,9.7527,194.29,1
25.843,12.104,2.5172,0.462,0.2325,6.5765,8.5877,3.6327,5.484,214.4,1
36.271,16.615,2.7649,0.2835,0.1658,6.4359,-22.718,7.5526,9.621,126.98,1
20.908,6.7751,2.3043,0.7643,0.4591,20.443,15.122,-6.0243,22.904,109.94,1
18.15,10.609,2.4014,0.7222,0.3948,8.496,-15.753,6.5633,74.818,56.117,1
20.549,7.2176,2.081,0.722,0.3693,2.2141,-9.8341,-5.8056,75.374,99.536,1
27.904,18.425,2.6716,0.3429,0.1821,36.632,18.827,-12.188,15.777,111.78,1
12.993,10.881,2.2799,0.7507,0.4698,13.737,-5.8894,-8.2227,13.003,180.11,1
43.66,13.039,2.9135,0.288,0.1544,-0.9597,-28.924,-7.8648,0.759,181.51,1
30.862,11.693,2.6575,0.5215,0.3069,15.348,27.933,8.8122,3.253,222.56,1
24.72,17.658,2.5763,0.313,0.1578,11.024,15.411,11.877,12.937,58.67,1
23.942,0,2.1688,0.6915,0.3627,0.6102,-7.9387,0,59.798,150.31,1
77.004,54.558,3.3366,0.1336,0.0721,47.016,65.782,-35.822,0.3649,292.29,1
17.49,11.088,2.2355,0.5465,0.2762,0.457,-4.7921,-2.3262,40.779,206.5,1
45.19,10.479,2.3444,0.3891,0.1968,12.464,27.373,-7.2256,3.79,222.94,1
19.672,15.183,2.4409,0.4674,0.2844,1.9267,-10.225,7.5065,8.625,161.3,1
92.536,17.743,3.3242,0.1934,0.1064,82.007,88.521,12.464,1.4849,269.45,1
21.017,12.731,2.4057,0.4244,0.2181,-15.664,-8.5062,-9.2123,56.616,51.165,1
59.481,28.244,3.5801,0.2151,0.1235,45.443,52.714,-20.56,5.7777,262.05,1
27.172,11.816,2.3043,0.4764,0.2457,-21.751,12.437,-10.381,75.932,191.76,1
20.382,8.9355,2.3324,0.6419,0.4023,21.759,13.536,-2.8666,25.814,138.9,1
29.203,14.492,2.5165,0.4049,0.2237,10.239,17.163,4.855,49.126,38.413,1
95.178,31.573,3.939,0.1402,0.0712,57.294,81.958,-9.4992,1.796,296.65,1
92.315,29.338,3.6418,0.1777,0.0989,0.6611,65.247,10.427,1.3333,330.9,1
64.784,20.869,3.1297,0.2619,0.1539,53.465,57.195,-18.156,2.313,236.11,1
22.703,6.1491,2.2393,0.7839,0.464,22.312,14.711,6.7914,13.913,238.62,1
13.292,10.401,2.2393,0.7954,0.464,-13.682,-5.6968,11.402,61.001,49.643,1
20.8,12.412,2.3107,0.489,0.2567,-27.143,-10.35,-9.8585,60.834,159.6,1
16.235,11.661,2.2601,0.6044,0.3049,1.8728,-6.0473,2.518,87.568,44.956,1
29.615,15.325,2.721,0.3479,0.1797,36.031,20.528,3.5068,18.362,84.186,1
66.793,29.376,3.022,0.1854,0.0993,-124.26,60.485,-19.801,15.777,258.26,1
74.853,24.321,3.3863,0.198,0.1009,55.664,63.205,11.285,5.866,265.46,1
46.936,18.523,3.0099,0.2405,0.1217,-2.7164,31.699,11.225,1.4485,127.87,1
21.161,6.9873,2.0626,0.7186,0.3939,-23.216,-12.034,-6.2376,52.391,45.292,1
28.718,17.797,2.5838,0.4329,0.2595,42.595,-21.617,-5.5786,8.54,179.45,1
29.141,9.9948,2.4074,0.5793,0.3072,25.713,22.834,-5.4342,13.171,210.19,1
69.097,27.221,3.5674,0.1725,0.0946,49.898,67.39,-19.386,1.7409,276.5,1
12.983,10.342,2.2565,0.7701,0.5235,12.374,6.0277,-6.4156,23.45,101.02,1
196.05,26.777,2.7505,0.2824,0.1696,60.078,215.89,17.496,40.541,79.581,1
21.127,12.892,2.3107,0.4401,0.2225,14.044,5.7136,8.0066,74.343,205.18,1
12.918,11.366,2.2822,0.7415,0.3838,15.043,-5.0095,-11.668,62.413,149.06,1
32.3,20.479,2.9939,0.2972,0.1567,-4.941,21.24,-11.404,6.4181,103.2,1
58.704,32.791,3.8254,0.1366,0.0745,29.016,49.966,-21.335,4.8245,159.71,1
72.027,27.667,3.0535,0.2016,0.1065,-74.91,55.356,22.272,9.423,277.92,1
29.158,10.051,2.3551,0.4945,0.2494,-10.862,-12.429,-3.0595,5.7711,147.65,1
31.576,20.573,2.7597,0.3374,0.1817,14.846,22.882,-9.4414,0.549,145.62,1
109.12,43.261,4.0441,0.1021,0.0591,-146.33,78.722,-32.473,1.164,287.19,1
47.442,15.801,2.7054,0.266,0.1507,18.968,12.332,-7.6985,9.974,194.52,1
19.307,12.729,2.5112,0.4838,0.2604,-7.7881,-9.2868,5.2202,55.33,187.65,1
31.053,21.044,2.6968,0.3437,0.1719,39.275,21.263,9.7659,15.591,148.63,1
17.381,10.74,2.3032,0.607,0.3756,-0.4625,4.1739,-7.2982,66.181,62.496,1
25.749,13.254,2.4742,0.4899,0.3138,-22.77,-24.19,-8.052,24.031,118.69,1
25.652,11.585,2.4533,0.4225,0.2447,11.196,4.6733,-6.7265,35.088,151.85,1
52.824,12.013,2.4735,0.5513,0.3109,-65.754,-16.824,10.172,6.278,319.45,1
82.841,25.396,3.3101,0.1763,0.0899,59.671,76.159,-13.685,7.551,254.59,1
26.691,18.608,2.7868,0.3611,0.1855,-15.124,19.281,-8.4267,0.533,92.982,1
89.746,26.389,3.0676,0.2037,0.1125,-21.469,57.608,-16.987,2.036,305.04,1
28.684,12.232,2.4698,0.4203,0.2153,33.513,23.869,9.5612,40.805,60.828,1
86.46,18.712,2.8913,0.3109,0.2023,-95.567,54.806,17.604,3.633,325.68,1
27.088,14.754,2.5231,0.3868,0.2174,22.763,-18.324,7.7193,7.116,238.05,1
78.759,29.113,3.0772,0.2101,0.1151,-54.655,56.832,-23.718,0.432,306.94,1
92.691,37.302,4.0311,0.1055,0.0573,-70.356,70.441,-23.006,0.019,259.99,1
76.466,20.074,3.231,0.215,0.1178,-75.383,71.744,-14.837,4.4052,255.36,1
19.808,16.578,2.6503,0.4318,0.2383,-8.5739,-11.657,9.0275,38.723,192.47,1
31.095,18.802,2.9435,0.287,0.1475,14.518,-8.9717,-9.3954,72.456,48.543,1
30.596,17.036,2.7604,0.4323,0.27,-3.513,22.578,-8.4838,11.817,133.47,1
20.264,16.57,2.3646,0.4708,0.27,13.707,18.372,-12.59,12.486,204.25,1
33.589,7.5491,2.5179,0.4917,0.2504,-2.6279,18.916,-4.3283,22.805,101.17,1
39.501,15.263,2.6656,0.3585,0.1998,15.133,-11.712,-15.342,2.265,197.52,1
35.923,17.758,2.6395,0.328,0.2167,-26.156,-28.762,-5.3126,0.7528,155.51,1
25.647,22.587,2.7493,0.285,0.1683,-12.632,-16.328,11.901,3.2549,146.34,1
12.863,11.419,2.0434,0.733,0.4027,15.1,-7.4255,10.812,17.031,223.37,1
77.405,34.762,3.5437,0.2002,0.1185,-30.777,58.206,10.505,4.6324,299.49,1
51.999,18.703,2.6508,0.3374,0.2112,-19.96,-46.449,9.6407,11.322,169.35,1
55.082,30.261,2.9923,0.2036,0.1206,32.239,43.861,-18.237,34.246,158.39,1
18.861,12.478,2.4822,0.5931,0.3806,14.585,15.881,7.9247,17.819,237.28,1
50.044,13.882,2.632,0.3057,0.1692,-3.0992,42.032,-8.9173,15.597,234.21,1
27.537,17.546,2.8633,0.3397,0.1705,-8.4329,22.467,10.053,39.969,111.45,1
48.556,20.976,3.1905,0.2335,0.1235,14.623,-25.555,13.299,4.382,211.93,1
13.416,10.163,2.1889,0.8091,0.4628,-13.731,-6.3306,-11.6,73.294,179.73,1
47.091,17.794,3.2496,0.3248,0.2153,5.0712,42.95,12.498,10.831,213.95,1
27.834,22.651,2.6857,0.334,0.2052,-7.8502,-17.171,14.719,77.952,84.82,1
20.973,9.2866,2.281,0.6283,0.3796,4.2855,-15.328,-10.525,6.917,243.77,1
21.409,9.9958,2.2788,0.5684,0.3342,-4.3365,16.215,9.9467,35.187,101.9,1
28.443,23.964,2.7173,0.28,0.1659,-26.384,-23.142,-6.7517,9.0922,179.12,1
27.284,20.593,2.8805,0.3542,0.1995,-15.813,-18.677,15.469,10.262,139.24,1
23.442,14.92,2.4914,0.471,0.2661,-0.7943,-16.404,-6.6795,23.308,157.41,1
42.928,20.094,2.752,0.2743,0.146,-12.651,-21.199,-15.543,13.034,214.58,1
46.569,25.076,3.143,0.2259,0.1248,9.9641,30.592,-15.864,10.39,90.656,1
44.051,17.976,2.8621,0.2637,0.1367,62.15,17.291,5.0869,3.4161,165.11,1
25.427,18.304,2.6493,0.3901,0.2276,-3.7121,-18.744,-7.636,69.976,219.09,1
19.326,10.023,2.2945,0.5533,0.2767,25.981,0,2.594,61.973,221.16,1
28.445,11.623,2.3793,0.5344,0.2693,27.379,20.298,-9.7914,1.44,194.1,1
42.245,10.887,2.601,0.3484,0.1942,30.026,24.998,-5.844,7.6092,132.88,1
41.59,21.595,3.1198,0.2156,0.1211,29.089,31.066,-6.2653,8.909,166.16,1
17.236,10.707,2.2577,0.6464,0.3785,2.7562,-7.3865,7.5309,29.024,206.34,1
72.356,25.211,3.1028,0.3007,0.1898,1.5853,55.687,18.263,0.114,362.99,1
30.538,17.614,2.8742,0.3086,0.1917,15.319,22.829,-5.3469,13.553,169.45,1
25.8,13.202,2.3936,0.501,0.2848,17.672,14.386,11.99,12.594,171.93,1
51.716,24.101,3.0469,0.184,0.0938,33.958,36.535,11.39,10.839,167,1
29.478,19.768,2.76,0.3076,0.1607,-11.064,14.06,-11.716,16.05,152.97,1
77.481,24.462,3.0124,0.2974,0.1569,-36.995,-30.922,18.61,1.751,324.23,1
21.471,17.448,2.3128,0.4866,0.2506,-9.4964,15.028,5.671,62.351,191.12,1
20.05,7.2266,2.1477,0.7616,0.3879,4.0452,-11.426,5.2307,4.075,186.95,1
74.117,36.349,3.2307,0.1952,0.1102,-100.08,56.799,20.083,11.655,238.37,1
27.489,22.722,2.8062,0.3547,0.1945,-2.372,13.057,-17.77,48.188,62.181,1
36.55,25.316,3.0071,0.2617,0.1372,21.149,17.445,17.566,27.555,213.78,1
63.271,17.379,2.8639,0.2531,0.1512,-2.0375,27.948,-11.059,7.7662,223.98,1
28.476,19.697,2.6857,0.2969,0.1515,-5.6162,11.336,-7.5771,20.123,185.16,1
21.115,10.67,2.2625,0.6011,0.3415,20.683,19.272,-11.117,62.108,196.49,1
18.788,7.3623,2.2,0.795,0.4637,3.8845,-8.9848,-2.3279,1.4971,159.37,1
28.329,10.052,2.404,0.5838,0.357,12.027,17.947,-5.6699,18.23,224.71,1
89.9,28.158,3.6759,0.2183,0.1134,1.7251,-7.2309,20.12,0.128,362.79,1
77.626,22.747,3.1982,0.1761,0.0915,31.275,63.332,17.426,9.526,240.04,1
18.337,10.604,2.1399,0.529,0.2717,24.851,7.2312,2.9184,25.855,171.88,1
66.08,20.496,3.3085,0.1848,0.0961,53.542,55.771,5.2318,3.584,235.04,1
55.906,21.038,3.2402,0.2272,0.1153,46.701,42.795,-15.316,1.324,234.11,1
64.1,25.561,3.8047,0.1565,0.0869,21.454,45.513,12.749,2.876,237.04,1
80.76,23.753,3.2176,0.2072,0.1057,26.294,86.821,12.944,12.349,300.01,1
18.858,10.221,2.1523,0.5563,0.3134,23.603,9.8103,3.1174,34.281,186.16,1
18.947,7.3926,2.2707,0.7828,0.4584,3.2927,-8.7575,3.2949,9.894,163.19,1
32.152,17.285,2.6744,0.3683,0.2127,-25.634,-26.288,-11.823,13.603,229.6,1
40.084,14.551,2.7042,0.3458,0.1947,-16.875,-33.898,7.6887,0.784,220.99,1
47.014,17.482,2.8811,0.2143,0.1151,53.591,26.356,-11.995,14.353,237.03,1
36.007,12.648,2.4983,0.5143,0.3222,-13.397,-31.587,8.8774,3.6931,145.55,1
41.779,10.525,2.7105,0.4615,0.3087,46.055,28.188,6.9861,1.8949,204.74,1
31.068,19.489,2.5514,0.3006,0.1503,32.682,23.015,13.511,32.959,201.13,1
36.044,19.723,2.525,0.3672,0.1955,-4.0308,-15.227,-5.254,16.37,210.31,1
64.779,17.22,2.4669,0.4915,0.343,-68.93,-23.287,10.936,7.4192,218.42,1
13.226,10.355,2.1569,0.7944,0.4843,13.235,6.1887,10.98,84.061,162.19,1
18.708,10.078,2.2672,0.6216,0.3324,22.644,10.802,5.487,37.414,124.43,1
24.458,15.256,2.4609,0.4637,0.2509,-6.4875,-6.6784,7.3932,15.933,131.71,1
43.959,25.127,3.333,0.1728,0.0964,20.349,-10.144,17.932,1.5723,207.31,1
19.269,15.889,2.4661,0.4991,0.2513,12.791,17.682,-11.54,52.97,54.358,1
98.502,16.817,2.8739,0.3275,0.2012,-60.234,56.721,8.1483,3.7729,270.47,1
40.572,11.632,2.692,0.3618,0.1819,65.379,-28.68,-10.401,9.5707,144.03,1
22.236,12.528,2.4814,0.4984,0.2921,-6.3871,-15.605,-5.2796,0.0392,209.62,1
65.938,15.095,2.6898,0.3882,0.2114,-32.299,-50.046,9.1057,15.485,179.33,1
40.991,20.55,3.1227,0.2902,0.1459,37.21,29.525,-11.369,13.498,156.83,1
94.923,25.578,3.4601,0.1491,0.0754,-60.305,89.412,15.544,0.4546,278.74,1
81.484,27.338,3.2641,0.2874,0.1761,10.448,-30.946,-15.733,6.3243,353.05,1
29.226,8.3661,2.2601,0.6154,0.3489,30.72,22.914,6.7396,44.956,163.38,1
19.321,10.019,2.3711,0.5532,0.283,25.649,5.2824,3.0817,62.041,221.15,1
42.98,15.967,2.6253,0.2607,0.1363,9.7417,29.949,6.8072,10.603,185.71,1
21.155,6.9842,2.0512,0.72,0.3956,-23.142,-12.139,-6.2322,48.49,168.43,1
33.368,17.497,2.7328,0.2831,0.1434,-33.043,-28.614,7.831,6.1441,177.24,1
84.224,27.356,3.455,0.1708,0.0858,59.659,86.462,-10.993,0.0759,189.85,1
31.523,21.205,2.9039,0.2782,0.1578,21.618,-7.0159,-12.965,1.153,261.67,1
20.757,7.2035,2.1189,0.692,0.3612,-0.6738,6.7455,-5.9934,1.2268,181.35,1
47.334,25.528,3.1714,0.2716,0.1392,33.513,-22.571,-25.335,0.04,183.41,1
88.736,31.093,3.764,0.1579,0.0831,33.462,77.255,23.346,5.822,272.49,1
40.048,18.155,2.7042,0.3162,0.1966,-28.248,-33.211,8.5129,1.596,206.09,1
118.6,44.248,3.5558,0.1769,0.1003,-95.827,14.981,29.381,4.134,286.69,1
38.667,20.127,2.9727,0.2737,0.155,17.827,29.128,-12.205,6.4438,242.51,1
34.746,21.91,3.0687,0.2996,0.1831,22.399,17.374,9.7927,1.7171,189.47,1
56.626,26.505,3.5083,0.1914,0.0973,39.551,43.408,-18.97,5.3505,234.59,1
31.952,17.602,2.5688,0.3914,0.2173,-6.8808,-20.088,7.9241,18.609,225.82,1
13.025,10.975,2.1508,0.7562,0.4488,-14.151,5.8998,10.219,81.124,179.62,1
39.425,25.65,3.2435,0.1792,0.0922,-30.145,-19.279,-16.656,11.171,159.57,1
35.714,13.307,2.6274,0.4009,0.2229,33.859,29.111,-4.9483,0.7669,141.21,1
80.271,27.89,3.1882,0.2425,0.1592,-43.343,61.064,20.566,2.956,286.61,1
101.08,22.134,3.1546,0.2053,0.1145,81.18,96.609,-18.416,0.0685,260.87,1
24.002,19.484,2.6222,0.4248,0.2422,1.0555,13.906,-11.868,52.118,161.72,1
37.745,21.061,2.955,0.2429,0.1392,26.265,-21.021,12.147,5.248,156.18,1
20.536,12.13,2.4289,0.5177,0.2812,-2.2525,9.8922,-10.956,18.331,238.5,1
85.338,17.722,2.6355,0.3287,0.1725,-103.05,62.953,9.2347,4.915,235.91,1
24.747,9.3657,2.3918,0.5314,0.3387,-14.799,11.272,4.5162,11.218,231.86,1
70.965,20.565,3.337,0.1694,0.0904,-92.03,55.531,18.032,1.534,269.25,1
70.841,31.359,3.5667,0.1765,0.0902,41.526,71.504,-11.006,4.763,118.55,1
35.934,18.543,2.7054,0.4,0.2138,38.875,23.671,15.731,4.915,197.12,1
19.169,9.9321,2.3874,0.5902,0.3094,-24.188,-9.1218,-5.0464,21.649,114.27,1
20.398,10.629,2.3032,0.6169,0.3358,5.7936,-16.892,6.796,32.319,160.27,1
45.985,26.292,3.1091,0.3407,0.2034,24.269,34.853,8.323,1.926,258.7,1
21.038,12.358,2.4646,0.4974,0.2762,25.663,13.643,-10.493,16.155,185.55,1
73.613,25.178,3.5681,0.1795,0.1015,27.817,76.265,-20.52,1.141,254.3,1
52.107,21.589,3.1124,0.1999,0.1038,53.371,26.746,11.218,3.056,240.99,1
54.814,22.468,2.9892,0.3147,0.2107,-74.417,35.001,-13.633,3.8937,254.67,1
38.004,11.037,2.2492,0.4169,0.2113,-30.313,24.953,6.879,14.781,243.18,1
29.824,17.758,2.8497,0.3576,0.2085,17.092,21.845,10.646,28.577,102.24,1
82.771,25.18,3.2694,0.2189,0.1358,47.194,83.634,16.308,7.9764,213.97,1
67.012,24.727,3.4648,0.1495,0.0763,59.917,48.447,10.659,2.123,226.71,1
52.254,17.675,3.0894,0.1986,0.1184,29.04,32.03,9.0218,4.2321,255.51,1
82.626,17.239,2.8862,0.3288,0.1995,-78.5,54.973,-10.556,9.3363,263.24,1
32.479,20.688,2.9112,0.3387,0.1945,-1.4313,-16.813,7.79,5.956,176.95,1
22.102,6.5949,2.1629,0.7354,0.4227,23.217,12.87,6.687,79.998,155.7,1
83.21,31.588,3.5227,0.1558,0.0875,24.504,84.523,27.474,15.7,182.67,1
72.851,33.868,3.3503,0.2736,0.1524,14.126,36.115,-25.681,5.5282,346.18,1
26.559,7.5306,2.2625,0.6339,0.3634,-11.28,9.7917,-4.739,16.044,199.6,1
41.273,21.908,3.221,0.2369,0.1211,26.925,29.987,15.227,6.769,158.46,1
33.847,13.036,2.4065,0.4353,0.2294,21.13,20.74,7.3487,8.7272,235.85,1
31.316,10.015,2.4464,0.5045,0.2737,-24.005,23.252,8.761,0.534,143.03,1
19.858,17.051,2.4771,0.4467,0.2317,-29.41,11.642,-12.558,15.703,109.53,1
68.083,30.671,3.5616,0.1797,0.1006,43.207,68.792,19.448,3.9174,210.52,1
61.997,14.424,2.541,0.3683,0.2173,42.712,56.295,-9.1364,5.723,150.48,1
19.151,9.4805,2.2648,0.6413,0.4158,19.918,14.081,3.908,3.5371,202.39,1
21.112,15.812,2.5198,0.4411,0.2341,12.27,-8.156,-11.77,75.284,216.21,1
32.628,15.12,2.798,0.4076,0.211,7.762,13.277,9.3391,10.3,67.121,1
22.2,12.835,2.2718,0.6203,0.3556,9.3073,15.597,8.4402,42.731,165.2,1
31.683,27.125,2.7955,0.2978,0.1529,13.607,21.965,20.884,14.907,224.87,1
16.515,11.558,2.2833,0.5938,0.2995,1.2281,-5.6061,-2.4139,48.896,199.29,1
39.859,10.432,2.5218,0.4271,0.2752,45.824,28.008,7.9734,38.922,81.233,1
40.57,19.488,3.1447,0.253,0.1652,14.503,-15.861,4.0103,8.5051,144.38,1
58.608,27.082,3.2598,0.2468,0.1262,25.429,47.413,29.091,0.558,265.44,1
22.828,14.715,2.4579,0.5261,0.3502,6.4309,12.823,7.3278,53.449,155.26,1
19.967,7.1262,2.2109,0.7815,0.4031,21.565,12.725,5.0347,12.325,178.73,1
19.226,16.412,2.4298,0.4647,0.2546,0.6106,-11.935,4.8201,14.45,121.87,1
31.182,25.28,2.6566,0.3484,0.2106,2.0665,25.417,-9.2373,41.428,122.4,1
82.989,21.569,3.5101,0.1947,0.1086,-97.989,74.343,12.489,2.622,263.82,1
25.386,19.355,2.7505,0.3979,0.262,2.1886,-12.81,15.267,0.685,132.66,1
22.998,18.302,2.7033,0.3881,0.2327,25.127,19.885,11.136,41.034,185.91,1
12.489,11.98,2.1889,0.6926,0.3528,15.691,-7.4384,11.025,88.438,97.071,1
66.706,18.031,3.2703,0.1948,0.1033,-14.634,51.957,12.456,3.2846,225.71,1
36.011,20.631,2.8573,0.3361,0.2396,15.721,29.185,18.396,8.56,183.42,1
12.751,11.618,2.0233,0.7204,0.3839,-15.412,7.677,10.953,46.201,147.75,1
57.767,21.543,3.0911,0.1711,0.0888,-127.73,50.815,-3.8995,7.4076,214.87,1
20.139,7.3303,2.0394,0.7215,0.3973,-1.3678,7.9287,5.4482,48.746,113.82,1
26.467,18.201,2.5826,0.4183,0.2105,-0.3083,21.967,13.965,73.035,71.931,1
42.912,35.097,3.6205,0.1917,0.1156,-2.3716,-37.354,19.196,44.927,29.37,1
66.49,20.563,3.2398,0.2378,0.1362,24.743,62.874,14.965,3.6733,212.53,1
33.107,21.159,2.636,0.3052,0.1792,6.7717,-10.637,12.16,10.136,139.71,1
21.61,12.452,2.4257,0.5103,0.3058,1.2677,-9.7323,6.3671,9.9943,80.425,1
50.359,17.957,3.1857,0.1943,0.1079,24.153,40.261,7.824,2.068,128.14,1
60.978,26.631,3.3714,0.2326,0.1248,-38.917,52.454,-10.477,0.3079,291.05,1
32.725,20.859,2.8149,0.3369,0.1968,26.542,26.943,14.37,30.129,74.094,1
37.655,13.483,2.7462,0.2978,0.1605,-10.291,-25.796,-9.3821,49.195,157.77,1
85.091,21.864,3.3523,0.1706,0.1024,-83.003,59.218,-9.9476,0.4645,277.98,1
66.999,31.118,3.5624,0.1359,0.0694,48.937,61.783,10.885,3.1014,198.38,1
138.49,28.311,3.0695,0.2505,0.1291,104.1,92.048,-23.954,3.367,204.74,1
28.468,6.7426,2.248,0.5706,0.2966,-35.437,-14.678,-3.8845,23.221,126.32,1
22.914,17.536,2.5821,0.4686,0.2369,13.427,18.831,-17.077,38.491,138.55,1
112.28,21.17,3.3409,0.1574,0.0823,-142.07,92.634,10.374,3.2837,257.54,1
76.54,24.806,3.1276,0.1446,0.0757,-125.66,47.844,-11.066,2.2453,202.9,1
31.493,17.912,2.7097,0.3122,0.1649,-30.576,19.604,12.833,19.052,206.03,1
29.246,15.493,2.4878,0.3935,0.2358,-8.3689,-22.932,8.6107,4.6888,207.77,1
20.463,11.877,2.4175,0.5277,0.2925,0.0718,-10.411,9.6084,51.793,156.84,1
34.401,23.313,2.6955,0.379,0.1946,-9.6563,30.982,21.079,1.775,121.06,1
61.868,16.346,2.8901,0.3426,0.1784,58.887,51.234,-7.7744,16.96,108.82,1
50.997,28.185,3.3969,0.1688,0.0896,23.669,30.956,10.259,1.139,203.66,1
39.508,20.09,2.8837,0.2405,0.1458,46.428,-19.299,4.1555,1.6435,233.25,1
12.984,11.177,2.1508,0.7491,0.4205,-14.689,6.392,10.972,45.726,199.7,1
34.356,25.678,3.2604,0.2443,0.1359,5.0386,-29.233,-9.7943,58.676,66.47,1
24.578,16.949,2.4691,0.3599,0.1817,-8.3699,-11.953,-14.681,23.805,147.5,1
37.307,23.701,2.6898,0.2288,0.1154,61.601,-13.036,13.881,3.436,113.75,1
39.45,19.686,2.9647,0.2766,0.1524,38.256,9.3382,16.677,6.3884,194.7,1
30.14,21.44,2.9261,0.2727,0.1405,-13.117,-7.2126,-18.155,19.508,205.01,1
21.323,0.0026,2.1538,0.786,0.4877,-2.5263,10.592,0,6.6607,223.99,1
41.978,22.139,2.8748,0.3042,0.1621,31.182,25.391,19.026,20.597,139.3,1
56.614,26.125,3.3259,0.1667,0.0862,0.5887,48.769,-20.36,9.842,203.81,1
20.752,11.107,2.2601,0.5989,0.3214,14.372,18.43,5.3336,43.888,230.19,1
21.372,16.078,2.5159,0.4177,0.2149,-13.087,-6.8394,-10.852,18.508,122.29,1
22.769,17.097,2.3953,0.5352,0.2716,-32.38,16.911,-11.195,38.404,114.82,1
29.049,15.923,2.6117,0.3374,0.1748,20.09,-18.768,-7.9116,9.703,230.14,1
44.912,18.805,2.8642,0.2707,0.1401,-33.031,-34.067,13.37,60.903,53.029,1
21.075,6.9523,2.3334,0.7332,0.4107,22.441,13.023,6.1669,8.393,260.88,1
63.521,24.77,3.2717,0.1385,0.0762,80.445,36.22,15.951,6.168,228.35,1
24.476,11.768,2.4533,0.4401,0.2412,6.2271,12.355,-6.5686,8.8517,124.13,1
22.791,20.535,2.4997,0.4778,0.2832,19.672,16.515,19.08,33.009,129.39,1
85.478,36.465,3.9318,0.1031,0.0531,84.082,81.309,-13.482,1.9366,214.97,1
62.519,24.774,3.0366,0.284,0.1733,-38.167,42.974,-17.597,6.7787,291.26,1
41.702,13.045,2.8119,0.3115,0.1581,65.542,-12.671,7.3867,5.5843,173.65,1
38.862,23.701,3.1057,0.2391,0.1392,16.274,-31.852,18.171,3.906,175.1,1
63.993,27.18,3.2015,0.2427,0.1223,28.076,51.854,-11.572,1.338,265.83,1
43.029,22.966,3.1273,0.2439,0.1317,44.452,41.878,7.8542,21.879,92.743,1
22.689,11.019,2.281,0.6021,0.3377,-16.083,-18.882,-4.3507,11.368,189.22,1
33.833,20.196,2.5302,0.295,0.1549,-10.824,26.474,-18.853,24.994,202.76,1
94.936,33.661,3.746,0.1522,0.0791,-72.524,68.889,-16.848,2.649,349.25,1
73.65,31.483,3.3631,0.2804,0.1645,-7.3913,51.828,20.815,4.5424,351.06,1
56.334,20.665,2.7304,0.3256,0.213,-80.665,22.517,-13.787,2.257,281.09,1
78.379,31.396,3.8644,0.1414,0.0747,52.374,73.766,16.937,0.9648,234.79,1
31.239,16.587,2.6826,0.3489,0.1817,-10.471,21.2,-11.671,9.5808,126.35,1
91.439,28.174,3.58,0.2488,0.1361,-18.202,-43.538,-24.096,1.088,402.72,1
17.145,11.07,2.3692,0.5897,0.297,-3.6438,9.0615,-4.9178,13.853,129.81,1
26.494,10.014,2.3664,0.4473,0.2258,6.0851,19.528,6.9817,1.334,113.78,1
71.369,21.821,3.2536,0.2839,0.1447,-59.845,49.895,10.62,3.048,302.14,1
59.378,18.391,2.7118,0.3165,0.1738,-70.324,-29.914,-13.926,8.789,256.88,1
26.32,9.8805,2.2999,0.4662,0.2331,33.752,19.418,7.1373,13.564,121.66,1
13.376,10.216,2.2368,0.8058,0.4667,13.634,6.3361,11.525,75.648,109.75,1
24.557,9.6981,2.3971,0.5491,0.3226,12.935,-13.802,5.6128,15.65,221.26,1
19.453,12.836,2.3589,0.5252,0.3129,14.767,13.708,-3.085,4.6487,182.37,1
68.788,20.682,2.699,0.324,0.175,-96.758,44.541,17.465,8.7606,242.73,1
40.22,21.796,3.1948,0.2126,0.1242,-4.1605,24.414,12.683,7.1523,192.66,1
59.347,26.215,3.7012,0.1683,0.0926,32.852,45.509,14.858,1.29,220.23,1
33.608,20.929,2.827,0.2904,0.1601,26.493,28.261,18.405,32.615,141.25,1
18.14,10.635,2.3483,0.5695,0.2848,24.008,8.5178,-4.854,53.244,168.42,1
68.066,22.531,3.1543,0.2243,0.1251,76.927,47.619,12.609,10.495,241.12,1
12.644,11.761,2.0626,0.6926,0.3853,-15.971,9.8408,0,7.5002,114.92,1
21.151,7.0203,2.1688,0.7119,0.3831,-23.655,-11.333,6.2385,29.349,237.31,1
74.883,16.524,3.0243,0.2345,0.13,69.349,-33.169,9.4851,3.27,187.85,1
21.489,12.38,2.3345,0.6481,0.3681,-14.232,-12.648,-10.602,59.423,166.28,1
38.362,17.667,2.6561,0.4547,0.2417,32.72,35.34,-9.6262,13.47,135.83,1
52.656,19.295,2.9001,0.2958,0.1756,22.904,54.499,6.5129,9.053,202.27,1
20.513,15.539,2.5539,0.4693,0.2696,26.461,6.9866,8.3232,71.511,172.22,1
31.403,12.35,2.2553,0.5444,0.275,-38.746,10.075,-6.5917,55.708,190.65,1
103.47,53.393,4.2653,0.0807,0.0405,76.461,81.291,-22.71,1.727,286.57,1
20.84,12.362,2.4691,0.5059,0.2733,-15.293,-14.956,-8.7076,13.224,164.17,1
31.991,7.412,2.3856,0.6667,0.4424,32.167,20.389,-3.7756,18.956,198.01,1
26.025,14.282,2.5315,0.4647,0.2515,15.996,14.368,5.3671,1.3587,166.04,1
42.867,20.858,2.954,0.2646,0.1662,21.869,28.117,10.452,6.9302,157.56,1
12.982,10.801,2.1717,0.7407,0.4815,-13.472,5.4531,0.0807,0,194.37,1
42.991,32.113,3.2679,0.2013,0.106,25.923,25.63,-17.853,25.057,98.388,1
23.933,9.9603,2.2504,0.6011,0.323,24.995,18.243,10.831,8.5828,145.83,1
46.539,20.434,3.0197,0.1997,0.1056,-55.642,21.188,-14.245,7.146,179.4,1
19.917,12.748,2.4191,0.4952,0.2571,-10.975,-13.341,-9.3301,11.205,80.56,1
28.045,23.998,2.8624,0.3267,0.208,12.058,-20.751,-14.547,4.9786,132.01,1
27.991,9.4474,2.3454,0.4605,0.2415,-35.558,-18.508,5.9111,67,166.35,1
39.305,18.643,2.8491,0.2746,0.1607,7.141,22.073,-14.015,0.8225,233.13,1
42.019,7.3876,2.3444,0.5882,0.3054,51.077,-14.967,-3.486,13.497,184.77,1
12.724,11.629,2.2418,0.7049,0.3983,15.61,-9.407,6.7722,20.956,152.29,1
36.345,16.472,2.5145,0.4495,0.2523,-41.033,-21.177,12.098,10.885,170.05,1
18.807,12.823,2.437,0.5594,0.3016,14.16,13.504,6.1279,36.136,133.7,1
20.451,12.816,2.2911,0.445,0.2276,-12.919,-9.5121,-8.8085,64.629,187.41,1
117.41,23.631,3.091,0.206,0.1034,-100.08,52.841,1.9932,5.0911,339.61,1
27.307,21.166,2.7451,0.3417,0.188,17.343,25.014,-10.555,61.037,201.23,1
76.27,27.597,3.7549,0.1535,0.0891,47.708,65.185,-18.395,4.054,215.11,1
55.672,18.944,3.125,0.2077,0.1061,-19.278,54.501,5.7906,1.6831,167.45,1
12.938,11.105,2.1287,0.7361,0.4498,14.267,-7.3614,-7.5549,15.001,172.75,1
26.502,9.9703,2.3531,0.4967,0.2639,31.687,21.373,-7.5553,32.927,146.98,1
82.858,23.978,2.9814,0.2296,0.1216,-34.423,66.484,16.136,3.3652,306.28,1
25.161,15.191,2.7139,0.4232,0.2232,10.988,-9.4704,-9.3134,0.624,220.9,1
124.63,59.615,3.4092,0.2191,0.1109,29.701,154.54,-91.348,25.157,53.46,1
20.853,11.555,2.6826,0.5566,0.3271,-25.185,-9.9218,5.9216,33.471,146.91,1
17.932,16.523,2.4005,0.5089,0.2604,-8.4113,16.459,-12.253,15.228,43.912,1
44.213,19.005,3.0088,0.246,0.1494,40.776,25.534,10.503,6.929,172.23,1
29.001,21.222,2.8774,0.3979,0.2407,1.2866,26.228,-14.392,32.224,63.958,1
22.177,12.8,2.5955,0.5,0.316,20.402,14.856,8.3117,20.288,153.27,1
102.9,32.118,3.0801,0.1522,0.0802,-184.32,97.89,19.496,5.0421,194.71,1
20.379,6.807,2.2028,0.79,0.4671,19.654,15.246,5.5324,55.157,195.71,1
19.14,7.3049,2.1538,0.793,0.4386,-4.4963,10.283,-3.535,47.866,121.74,1
29.637,16.169,2.596,0.5475,0.3181,-1.1845,25.766,-17.118,64.45,264.13,1
23.86,14.831,2.4224,0.5104,0.2703,-9.5178,-12.722,12.432,0.557,98.451,1
25.607,11.76,2.4807,0.562,0.3157,18.66,12.575,-11.076,12.145,146.28,1
69.064,30.967,3.6383,0.2017,0.1084,-40.316,70.676,26.133,4.3045,290.34,1
46.965,11.327,2.4232,0.4226,0.2132,30.259,32.568,-8.0923,1.107,166.86,1
30.822,22.25,2.723,0.386,0.211,15.06,18.635,-12.786,29.901,105.59,1
97.302,50.31,4.0832,0.1158,0.0708,-23.919,64.066,-37.236,0.131,315.83,1
31.837,19.645,2.6817,0.3434,0.1759,-17.585,23.856,-13.255,8.419,225.83,1
38.709,23.901,3.0149,0.2599,0.1464,-5.9509,38.986,-15.854,4.65,159.41,1
20.911,9.5,2.2175,0.6242,0.3848,-2.1989,14.047,-9.3651,0.1406,105.88,1
37.287,22.549,2.9782,0.2408,0.1246,37.157,26.159,10.7,4.73,204.76,1
76.714,19.711,2.6551,0.2876,0.1471,-6.9114,38.031,-14.202,7.946,153.3,1
17.848,14.136,2.4338,0.5746,0.3554,7.7816,-15.791,-7.7301,15.518,174.21,1
98.205,27.695,3.4634,0.1748,0.101,60.647,96.423,-8.1593,5.352,269.14,1
88.121,17.622,2.8719,0.2767,0.1471,-1.6843,97.774,-4.3376,4.201,243.22,1
92.125,27.914,3.6499,0.1612,0.0843,-85.603,84.879,-12.056,1.0564,244.84,1
71.416,24.938,3.5075,0.1974,0.1027,-105.41,47.422,26.102,1.4909,256.1,1
28.69,16.714,2.6415,0.4041,0.2568,5.3559,14.063,-9.5772,31.784,200.42,1
23.554,17.503,2.3962,0.4297,0.2149,13.746,19.074,-16.992,49.055,128.29,1
141.24,62.427,4.1179,0.0745,0.0375,-74.492,-52.087,6.9091,3.5362,261.87,1
19.65,9.5579,2.3502,0.5982,0.3192,24.378,9.1392,4.8182,27.173,230.51,1
20.933,6.803,2.1189,0.7605,0.4525,20.707,14.876,-6.0435,83.697,117.18,1
92.121,30.243,3.763,0.1557,0.0893,67.672,84.498,29.228,0.7519,283.96,1
57.732,27.553,3.4248,0.1978,0.1115,12.974,51.358,6.7782,1.333,249.99,1
24.205,14.851,2.6604,0.4393,0.2678,-13.67,-10.099,11.292,49.512,128.38,1
77.983,20.094,3.2053,0.2188,0.1144,30.459,82.524,-7.915,12.316,212.21,1
27.39,25.687,2.9607,0.2868,0.1615,1.8302,-14.722,11.183,73.467,18.578,1
25.181,13.857,2.3086,0.4865,0.2482,16.389,7.8849,-12.347,36.429,159.49,1
34.697,18.859,2.7164,0.4131,0.2277,37.129,22.924,-14.689,10.225,194.63,1
69.962,26.351,3.4098,0.2899,0.1535,-38.047,37.779,13.634,0.9013,347.43,1
28.136,17.348,2.7396,0.3534,0.1794,25.599,24.991,12.791,25.398,55.582,1
25.438,15.515,2.8136,0.4101,0.222,0.3544,10.062,9.219,9.8822,102.65,1
67.324,49.582,3.3536,0.1068,0.0583,46.279,-23.886,-27.491,14.071,190.17,1
39.709,12.535,2.4241,0.4557,0.2429,-60.999,31.132,2.4849,39.132,289.35,1
30.208,7.9626,2.1931,0.5128,0.266,-40.753,14.632,-5.1431,5.508,197.85,1
28.741,17.166,2.7206,0.3254,0.1627,23.198,19.729,13.245,4.6448,154.08,1
82.71,33.036,3.7144,0.1633,0.0846,29.543,61.063,19,1.216,291.14,1
69.796,21.76,3.2262,0.2257,0.1138,81.699,44.834,-13.984,2.152,240.61,1
27.506,16.014,2.7143,0.3436,0.194,27.717,15.181,11.665,3.214,147.74,1
42.991,16.73,2.6304,0.3091,0.1581,5.6248,37.809,-12.155,12.565,179.35,1
48.343,16.919,3.1407,0.2199,0.1132,43.944,32.336,4.1885,0.386,193.94,1
64.709,21.18,3.1518,0.2235,0.1146,51.031,52.07,-11.118,3.8163,199.79,1
21.337,15.52,2.5705,0.4301,0.2245,25.539,11.021,8.6243,29.151,196.1,1
33.227,27.294,3.0658,0.2544,0.1285,4.6903,24.365,15.523,29.984,115.6,1
18.113,16.948,2.3314,0.4988,0.2541,-7.4528,16.502,-12.502,14.901,96.867,1
22.249,0,2.2565,0.8199,0.4349,-22.355,-17.007,-0.0001,28.019,110.61,1
100.18,49.992,4.1525,0.0828,0.0419,-111.05,78.96,-42.667,2.266,287.72,1
28.161,20.281,3.0346,0.3306,0.2119,12.14,18.267,11.18,1.0892,167.86,1
20.489,7.0549,2.2292,0.7611,0.41,-21.826,-13.11,-5.6667,56.874,114.58,1
101.27,35.583,3.3899,0.2873,0.1603,-72.538,-45.601,30.528,1.8268,385.74,1
16.429,11.414,2.3444,0.5792,0.2964,3.8433,-8.2382,-3.472,15.576,57.76,1
31.062,11.627,2.5563,0.4667,0.2403,-41.314,7.6668,-8.4457,22.822,128.8,1
70.766,18.694,2.8842,0.3094,0.1651,89.055,-40.071,16.703,8.261,265.92,1
13.042,10.958,2.1917,0.7588,0.4469,14.165,-5.6023,10.485,80.748,163.04,1
41.421,16.738,2.6037,0.3313,0.1831,-7.6833,-32.564,-15.744,5.076,217.76,1
48.973,19.928,2.9467,0.2826,0.1543,34.789,47.434,12.758,3.7944,261.86,1
39.143,20.924,2.8739,0.2567,0.1504,22.011,36.095,-15.635,14.864,131.86,1
21.602,15.399,2.4639,0.5017,0.2904,22.908,15.725,8.077,8.9044,191.29,1
82.053,26.568,3.2166,0.2636,0.1327,-26.672,72.057,-21.112,2.031,303.23,1
43.159,16.437,2.8038,0.2545,0.128,13.785,34.724,-8.2073,11.521,190.14,1
90.935,28.431,3.4619,0.1412,0.0747,96.851,87.639,-19.636,6.1616,284.01,1
20.944,6.9091,2.1123,0.749,0.4286,21.605,13.899,-6.0589,12.268,130.03,1
35.974,13.951,2.6642,0.4897,0.2676,30.636,33.553,-9.433,9.2464,109.85,1
124.5,30.983,3.0035,0.1954,0.0997,81.841,98.483,-22.611,88.582,97.185,1
49.331,19.41,3.0382,0.2509,0.1314,8.6066,31.797,-18.102,1.5672,195.5,1
28.299,15.91,2.5099,0.4328,0.2674,10.359,20.934,9.0421,1.8931,118.27,1
62.598,17.438,2.9602,0.3003,0.1638,-87.358,57.334,-7.9474,4.397,253.1,1
94.795,30.576,3.2155,0.1802,0.0953,6.2878,-31.109,-17.145,0.4788,335.4,1
50.951,15.997,2.9337,0.3588,0.2242,-49.079,40.148,-4.2133,4.0907,281.9,1
36.328,15.385,2.7118,0.3573,0.1816,-16.916,-15.047,11.495,12.027,116.34,1
32.987,17.061,2.9256,0.3134,0.1869,4.9571,-6.4855,-10.384,7.5903,221.89,1
38.959,22.294,2.798,0.2659,0.1393,-10.762,-22.966,15.807,20.615,182.32,1
34.434,17.724,2.7016,0.334,0.1759,-23.473,-23.414,-7.8193,12.113,140.93,1
19.754,16.432,2.2613,0.4219,0.2219,-6.3288,18.188,-0.5014,86.18,130.19,1
26.289,19.834,2.8238,0.3631,0.1928,-6.9989,-13.355,-4.9754,16.793,114.06,1
38.971,11.71,2.451,0.3681,0.2,-17.256,-17.781,7.3396,14.493,135.38,1
98.614,32.542,3.4926,0.203,0.1076,-28.731,69.058,16.805,0.7895,332.55,1
63.287,15.132,2.7451,0.3453,0.1844,-19.512,-54.798,12.468,10.81,197.13,1
32.482,15.922,2.5004,0.3412,0.1785,-41.945,-27.816,15.933,9.45,220,1
30.682,12.65,2.4654,0.5171,0.3373,22.407,23.383,-8.9681,9.7889,157.38,1
80.724,24.214,2.9297,0.2775,0.1429,-140.14,80.533,16.237,2.7787,302.34,1
60.003,24.157,2.8267,0.3025,0.1513,39.252,59.948,11.977,15.517,230.42,1
64.39,28.236,3.2758,0.212,0.1142,25.08,77.61,-18.24,4.354,182.85,1
19.568,12.845,2.4091,0.4834,0.2476,10.627,10.215,-7.9696,29.159,210.94,1
28.618,18.7,2.9447,0.3532,0.188,6.3629,25.227,-11.33,4.7349,246.17,1
16.193,11.129,2.3502,0.6607,0.4129,-3.2676,5.2042,-8.4055,59.383,222.75,1
35.554,14.605,2.639,0.2893,0.1596,29.914,-14.718,5.4633,13.318,236.51,1
38.454,25.454,2.7792,0.2876,0.1505,-19.244,-24.856,-26.357,14.365,115.69,1
46.856,19.792,3.1976,0.2582,0.1393,42.831,16.457,-5.7254,1.1127,179.84,1
65.513,24.166,3.2583,0.1501,0.0764,-18.981,45.731,-16.856,0.087,242.14,1
37.315,18.657,2.7645,0.2562,0.1522,23.041,-21.909,3.8461,0.952,233.06,1
20.624,12.787,2.4322,0.5176,0.2791,18.077,9.7066,6.5586,4.327,196.9,1
28.195,17.802,2.3692,0.4103,0.2329,13.739,19.456,5.0322,24.601,267.57,1
22.349,19.548,2.6749,0.3784,0.1934,-14.291,-17.443,9.1093,55.895,49.671,1
50.967,21.445,3.3062,0.1917,0.1035,28.212,30.677,-7.8317,1.594,195.29,1
58.633,13.51,2.633,0.2864,0.1502,-99.617,37.773,-5.5925,0.2733,230.84,1
27.719,7.2161,2.3222,0.6095,0.3405,6.7161,13.338,-5.1123,17.488,59.139,1
20.776,10.061,2.2201,0.5964,0.3524,5.4293,-16.46,10.167,0.513,172.44,1
26.583,9.8151,2.3683,0.4368,0.2377,-14.48,17.226,-5.6036,15.387,167.02,1
61.668,21.799,3.3395,0.157,0.0808,8.4025,17.216,-10.318,7.847,190.62,1
13.014,11.204,2.1319,0.7528,0.3875,-14.963,4.0059,11.774,60.461,167.37,1
40.74,14.488,2.7582,0.3054,0.1667,24.965,20.277,7.8186,2.063,183.59,1
74.624,25.265,3.4509,0.1352,0.0724,64.68,60.759,9.3805,15.92,240.05,1
28.704,22.297,3.0396,0.2766,0.1401,-28.218,-14.425,12.206,61.727,148.54,1
16.011,11.585,2.3181,0.6202,0.387,-0.0002,-0.6218,7.5023,6.335,156.84,1
29.36,22.192,2.6753,0.3421,0.1954,7.9672,27.068,-14.251,12.498,107.31,1
27.783,11.871,2.5623,0.411,0.2096,9.8933,21.373,-7.1486,66.669,104.41,1
92.766,29.331,3.3114,0.1816,0.0984,72.151,83.665,20.7,0.1495,288.36,1
105.76,19.959,2.7404,0.3018,0.1591,-122.14,87.716,-21.865,7.614,241.41,1
26.429,16.598,2.7578,0.3825,0.2017,2.5763,-12.436,11.884,1.0346,189.96,1
35.068,12.204,2.3314,0.4942,0.296,1.2236,5.6228,-6.3181,5.9483,157.46,1
53.26,25.7,3.2413,0.1532,0.0783,46.991,22.805,-11.284,0.076,243.53,1
49.884,18.902,2.754,0.2291,0.1189,-95.33,37.243,-15.439,24.677,246.17,1
66.057,23.426,3.0408,0.2394,0.1234,-78.467,37.36,12.031,11.302,281.62,1
32.569,22.527,3.0537,0.2342,0.1224,7.9875,12.545,9.6801,23.94,205.61,1
69.48,26.716,3.5294,0.1584,0.0832,44.544,63.711,21.939,0.9791,225.9,1
45.041,21.745,3.2604,0.2092,0.1156,28.941,18.778,13.448,11.531,206.45,1
88.42,23.205,3.2221,0.3664,0.1838,28.122,-20.262,21.08,0.1076,389.73,1
109.04,22.299,3.1284,0.1964,0.106,94.459,105.8,17.136,0.658,261.22,1
28.732,14.679,2.4683,0.4116,0.2398,29.068,19.166,-11.193,4.0499,137.39,1
47.646,23.638,3.3267,0.2139,0.1105,-9.8961,-33.433,15.091,3.8153,206.85,1
27.918,21.039,2.6269,0.3329,0.1688,9.5282,22.261,15.585,48.484,90.968,1
88.775,24.309,3.4783,0.2005,0.1029,35.667,92.485,-15.61,1.8142,273.91,1
28.016,6.6576,2.3118,0.639,0.3439,15.591,-6.1771,5.1057,21.279,251.67,1
41.232,15.455,2.946,0.2899,0.1727,3.6032,31.379,-8.0229,6.63,183.76,1
78.293,22.537,2.9365,0.2546,0.1372,-39.771,52.622,-16.65,0.925,290.38,1
19.436,9.6894,2.4983,0.5937,0.3635,22.191,12.136,-3.5354,35.801,154.57,1
47.169,13.329,2.6547,0.3588,0.1849,-80.053,37.972,7.3896,18.134,254.5,1
102.58,33.566,3.824,0.1171,0.059,82.089,105.22,20.179,0.1569,201.99,1
83.384,28.556,3.63,0.1876,0.1089,-76.47,62.44,12.609,2.671,323.38,1
96.487,19.297,2.8274,0.3185,0.1719,-149.69,91.923,13.877,10.213,190.59,1
18.207,10.49,2.356,0.5903,0.3194,-1.4055,7.2556,-6.046,49.582,116.74,1
22.416,16.355,2.5763,0.4748,0.2851,-4.1728,8.8698,9.9436,89.916,131.98,1
84.203,28.571,2.9934,0.2508,0.1437,-1.3425,38.149,-12.432,7.734,329.58,1
27.13,16.615,2.5315,0.4412,0.2368,3.3542,21.71,15.99,72.737,97.247,1
19.857,16.77,2.3128,0.4964,0.2701,10.791,19.244,-11.45,75.356,88.757,1
24.719,18.97,2.5933,0.3648,0.2105,14.399,19.625,8.7439,61.888,87.564,1
25.627,12.263,2.4014,0.369,0.1885,18.64,10.631,5.4318,36.69,207.05,1
48.714,22.073,3.0745,0.1988,0.0998,-35.162,29.385,12.871,8.5106,252.01,1
90.699,23.635,3.3862,0.1755,0.0881,52.393,84.533,15.006,7.369,326.83,1
42.778,34.871,3.0302,0.1959,0.1133,-13.7,33.719,13.392,69.097,94.835,1
19.326,18.157,2.2504,0.5506,0.2893,27.773,-14.435,-16.308,53.056,129.32,1
102.81,24.635,2.889,0.3602,0.2163,-118.4,73.454,25.771,3.458,223.15,1
54.505,23.713,3.2514,0.2388,0.1208,28.649,45.004,2.4342,0.5673,254.42,1
90.006,33.874,3.6342,0.1333,0.0686,43.304,78.662,36.192,2.058,180.8,1
32.02,17.3,3.0103,0.3164,0.1704,30.715,18.607,11.198,5.6933,179.79,1
29.739,12.738,2.7193,0.4103,0.2357,0.7643,-16.029,-7.7333,18.274,110.38,1
39.103,14.624,2.9159,0.375,0.1984,8.09,34.585,9.2904,5.148,162.32,1
26.493,10.871,2.3988,0.5309,0.3453,7.8185,17.316,-10.055,44.224,131.45,1
50.816,26.499,3.2934,0.1573,0.0852,17.758,22.993,-14.72,9.767,177.35,1
26.109,11.217,2.3856,0.4609,0.2942,9.517,11.373,2.7544,72.118,31.708,1
66.031,24.176,3.2999,0.2201,0.1105,-98.424,48.162,-13.985,3.082,242.55,1
89.323,31.066,3.2227,0.1473,0.0793,-112.5,-59.036,-24.672,9.3521,220.39,1
69.325,23.072,3.0249,0.2587,0.1572,-70.428,50.122,21.781,5.8399,268.86,1
32.937,18.034,2.6269,0.3424,0.1854,37.224,25.053,14.472,23.549,149.56,1
53.103,19.564,3.089,0.3299,0.1723,46.536,53.477,-11.115,6.083,255.59,1
12.993,10.806,2.1156,0.751,0.4789,13.52,-5.3597,7.3802,32.917,221.66,1
39.462,23.683,2.8552,0.2415,0.1249,-35.033,-18.909,19.868,2.068,174.95,1
71.878,28.508,3.404,0.1523,0.0767,62.949,59.136,23.735,0.2039,250.15,1
33.648,13.834,2.7593,0.3359,0.1749,5.1559,-19.95,-7.6383,8.817,154.21,1
74.237,23.03,2.9535,0.2871,0.1864,-25.948,-17.538,-22.736,11.747,315.66,1
19.52,16.704,2.6826,0.4922,0.325,5.8958,11.429,12.572,29.513,53.597,1
45.594,27.184,2.938,0.2526,0.1286,18.113,52.906,16.9,83.966,128.88,1
22.991,15.245,2.6585,0.4347,0.258,-0.2278,19.262,-8.3812,37.988,242.38,1
40.859,23.764,3.214,0.2187,0.1121,-1.9163,-20.159,-17.563,9.4564,206.97,1
75.43,24.781,3.0013,0.1934,0.1122,-62.168,43.417,22.022,10.217,269.26,1
109.25,35.49,3.7877,0.1661,0.0883,-81.122,62.946,8.1323,0.35,340.03,1
20.004,11.065,2.2788,0.6737,0.45,13.72,19.704,-9.9991,59.473,197.58,1
19.634,14.413,2.5172,0.5015,0.3055,2.343,-10.379,6.0382,32.238,166.18,1
40.683,17.058,2.8024,0.2979,0.1805,25.502,32.844,-11.809,18.706,143.89,1
25.054,18.976,2.6803,0.4154,0.2307,28.532,14.58,-9.722,27.262,195.29,1
36.963,27.191,3.1818,0.25,0.1464,20.142,26.25,19.701,10.722,124.95,1
67.279,21.291,3.232,0.2327,0.1339,-75.373,46.274,15.783,0.8667,265.23,1
75.902,22.406,2.5694,0.3342,0.1685,-87.25,29.213,16.22,4.814,271.56,1
51.132,12.888,2.6739,0.2627,0.1324,-18.147,-22.078,8.782,17.713,89.193,1
91.376,33.891,3.8081,0.165,0.0877,-75.59,68.672,-13.948,3.0507,345.14,1
27.293,8.7939,2.4935,0.5586,0.2969,-16.075,15.113,5.466,3.366,166.11,1
32.721,16.283,2.7832,0.3937,0.2018,3.8106,26.317,7.5338,36.344,200.61,1
48.271,11.737,2.5192,0.5446,0.295,12.029,40.402,1.4286,10.349,218.43,1
35.83,16.099,2.7938,0.3248,0.1857,-17.198,-30.167,3.9149,13.095,239.65,1
30.111,26.131,3.1978,0.2682,0.1576,12.698,23.075,-15.327,11.867,93.135,1
49.291,15.315,2.6556,0.3514,0.2044,42.906,25.283,-5.0194,11.635,172.13,1
24.161,7.3075,2.3444,0.724,0.3914,-12.91,12.968,-6.4874,5.242,154.23,1
16.798,11.327,2.3222,0.5762,0.3262,2.1823,-6.9329,5.8045,19.236,193.75,1
45.87,19.142,2.6508,0.2883,0.1508,46.056,37.98,-9.8389,72.971,77.781,1
18.405,10.411,2.3997,0.5697,0.3127,0.3445,-4.6528,-5.8368,54.28,89.856,1
45.104,16.288,2.9509,0.3102,0.1786,13.985,38.021,9.2857,9.669,197.8,1
102.98,45.667,3.9547,0.1372,0.0774,-50.047,66.217,25.234,3.0301,346.72,1
64.396,14.269,2.8331,0.5037,0.3664,-47.029,-16.988,-12.803,0.9486,283.07,1
28.755,15.829,2.4166,0.41,0.228,-30.071,-21.913,13.564,2.941,202.92,1
29.491,19.027,2.9325,0.2979,0.1723,-0.0923,-2.6917,-10.039,3.249,196.93,1
16.836,11.344,2.3483,0.5785,0.3296,-1.1618,5.6097,-5.8494,39.434,235.71,1
90.363,29.986,3.399,0.1421,0.0732,21.165,82.802,21.396,3.801,259.73,1
27.98,13.511,2.4735,0.521,0.2706,-8.1767,-19.008,-12.624,3.9151,97.841,1
59.717,25.053,3.628,0.1724,0.0934,24.234,49.971,18.98,1.706,220.85,1
19.032,7.4799,2.1569,0.7317,0.4634,-0.0001,-0.4098,-3.9453,58.852,200.92,1
29.245,14.989,2.3454,0.4876,0.2641,27.575,23.903,-10.999,19.747,113.18,1
24.381,12.918,2.3032,0.5473,0.2761,30.925,-11.207,-7.3475,24.873,84.495,1
21.738,11.524,2.4864,0.5644,0.2985,8.8165,19.37,1.7874,14.293,238.29,1
13.444,10.317,2.2055,0.8037,0.4143,14.752,3.6279,-11.875,83.051,99.9,1
64.378,17.825,3.0613,0.2336,0.1238,18.915,53.269,2.7349,16.783,194.76,1
39.484,19.441,2.4914,0.4452,0.2565,-17.763,-41.008,-7.6646,1.4023,189.91,1
29.573,23.582,2.9834,0.3522,0.2301,20.392,22.015,20.532,28.805,179.92,1
22.628,10.849,2.2175,0.5394,0.2818,23.366,18.984,9.8064,56.227,188.48,1
54.511,22.403,3.3076,0.1965,0.1056,10.462,38.648,11.297,3.7247,188.93,1
100.44,29.826,3.3817,0.1744,0.0961,-36.499,89.859,19.84,5.256,302.84,1
12.367,12.122,2.2492,0.6761,0.3465,16.851,-10.409,-8.0128,45.235,113.44,1
102.61,30.63,3.7644,0.1445,0.0827,33.73,90.312,-16.806,1.1606,279.21,1
23.661,15.356,2.5769,0.453,0.2821,-10.535,-12.886,10.839,15.255,197.12,1
59.769,44.608,3.0467,0.2245,0.1361,41.47,52.29,49.942,5.053,88.033,1
82.914,36.096,3.5828,0.2232,0.1277,1.5139,46.623,-28.899,0.42,342.69,1
57.111,21.34,2.7857,0.2654,0.1646,62.839,46.996,-15.866,1.343,171.01,1
27.18,18.015,2.7551,0.3673,0.1872,1.3711,24.318,3.2183,50.664,250.65,1
38.075,16.055,2.7745,0.3496,0.2328,11.116,-14.6,-9.4914,8.0786,227.15,1
24.732,10.483,2.3664,0.529,0.3118,13.709,19.575,6.9912,14.771,192.03,1
35.437,15.123,2.5328,0.346,0.195,30.539,21.927,-12.035,44.692,177.92,1
19.579,9.7452,2.3502,0.5759,0.3326,23.664,10.355,3.5301,9.586,181.93,1
19.1,7.4626,2.1746,0.7492,0.4582,-1.2309,6.4139,4.0277,34.841,123.39,1
73.74,26.23,3.1828,0.2133,0.1329,51.107,60.488,17.268,9.2393,276.6,1
34.17,20.653,2.7716,0.3841,0.1971,17.177,11.177,19.169,10.493,136.53,1
42.575,10.815,2.567,0.2954,0.1477,-8.3266,-22.639,4.3417,11.358,232.06,1
12.803,11.519,2.0588,0.7249,0.3974,-15.287,8.0028,-10.508,26.705,154.64,1
37.001,9.2363,2.4639,0.3814,0.201,-28.238,23.236,-6.2851,3.989,109.41,1
17.725,7.4803,2.1833,0.7738,0.5344,0.4147,-2.2366,3.8835,73.787,180.75,1
19.838,7.3316,2.0737,0.7511,0.4093,2.7955,-9.7102,-5.0491,73.499,117.35,1
37.27,7.4475,2.3493,0.4698,0.2662,-24.234,-19.289,-4.242,16.857,220.08,1
95.793,51.136,4.1743,0.099,0.0511,51.251,70.656,-36.734,0.68,310.93,1
25.377,19.137,2.6355,0.3542,0.1956,9.3381,-15.017,-13.216,26.686,113.79,1
28.587,19.223,2.6679,0.3523,0.1966,20.866,17.858,15.266,25.702,165.6,1
109.47,49.636,4.3524,0.0578,0.0301,-95.608,88.923,15.487,2.951,234.58,1
80.499,30.159,3.5162,0.1307,0.0693,78.885,74.862,-22.078,6.046,259.4,1
77.972,23.548,3.2819,0.2497,0.1387,-42.823,71.684,18.812,1.855,297.57,1
17.416,11.099,2.248,0.548,0.2853,-1.3577,6.7807,-3.6904,5.525,155.32,1
47.795,20.001,3.2281,0.1922,0.0985,-36.6,-30.412,-7.5876,3.1846,197.92,1
21.733,6.8412,2.1021,0.7036,0.3834,24.41,10.368,6.5599,41.132,207.93,1
92.287,39.647,3.724,0.1931,0.1066,-26.745,38.078,-23.853,2.436,393.31,1
28.193,19.843,2.372,0.4544,0.2314,-37.101,-10.1,-14.503,16.099,201.99,1
83.777,15.271,2.7348,0.2597,0.1409,49.568,65.843,9.6042,13.374,219.46,1
13.275,10.641,2.2541,0.7855,0.4262,-14.438,-3.5739,-11.749,16.91,154.26,1
92.329,33.994,3.8473,0.1494,0.0782,-54.567,67.487,18.697,1.5216,329.36,1
66.728,20.832,3.0521,0.1836,0.0971,55.24,63.764,10.778,1.4439,211.15,1
22.382,18.631,2.5557,0.4006,0.2017,-19.883,19.388,-7.1341,36.663,166.65,1
103.01,26.92,2.9117,0.2855,0.1526,3.5157,11.684,-23.287,0.471,333.98,1
94.214,34.102,3.8824,0.1276,0.0775,-64.681,73.555,16.406,1.2801,265.76,1
88.246,15.134,2.7439,0.3986,0.2822,-74.351,-63.645,13.293,0.415,266.62,1
40.131,26.896,3.4173,0.189,0.0989,-5.2013,28.062,11.242,8.8138,114.8,1
89.508,37.841,4.0371,0.1133,0.0567,96.222,74.172,-23.924,1.7565,277.77,1
21.128,10.859,2.1461,0.5786,0.2893,6.0936,-17.846,-7.355,52.67,205.33,1
31.466,17.531,2.9383,0.3643,0.1954,29.57,30.456,11.172,4.625,212.01,1
23.268,0,2.0314,0.7256,0.3953,-1.6744,10.677,0,0.0002,238.32,1
26.814,12.927,2.5004,0.5719,0.3428,13.877,22.023,6.0542,0.708,209.89,1
96.995,32.671,3.6657,0.2233,0.1124,-7.5877,24.333,-20.914,0.9411,320.64,1
30.774,19.039,2.78,0.3203,0.1685,3.0604,9.2963,-13.17,1.824,210.85,1
33.185,11.792,2.4564,0.521,0.299,13.796,29.591,8.4043,4.632,151.76,1
53.186,27.832,3.1593,0.1954,0.0988,10.246,28.483,21.235,14.399,150.01,1
22.514,19.038,2.6871,0.372,0.1922,1.9549,19.025,12.72,41.772,66.751,1
22.587,0,2.2188,0.7674,0.4199,-3.4438,13.031,-0.0001,7.7242,193.31,1
85.948,34.31,3.522,0.1133,0.0624,100.88,68.272,19.352,11.692,230.17,1
85.325,22.433,3.0197,0.279,0.1629,-37.835,42.863,-14.188,6.8408,291.21,1
125.3,22.451,2.4232,0.5623,0.3151,-101.88,-78.889,12.92,1.663,238.88,1
32.996,31.024,3.3646,0.257,0.1609,-12.047,-26.149,-17.981,0.465,17.94,1
13.105,10.737,2.3086,0.7715,0.4644,-13.741,2.7674,10.562,39.533,184.42,1
87.874,39.243,3.8333,0.1196,0.0676,3.5426,72.916,-14.877,0.1348,298.93,1
28.28,12.206,2.5302,0.531,0.3437,-13.49,-17.996,10.561,4.1031,123.27,1
29.312,6.4782,2.3424,0.6091,0.3114,-34.254,-19.635,-2.6515,63.188,134.88,1
33.079,13.591,2.7649,0.3729,0.2088,13.208,27.736,-7.1459,2.2025,172.08,1
95.624,27.872,3.8914,0.1235,0.0667,66.572,85.466,15.003,3.744,253.38,1
23.482,11.825,2.5611,0.4615,0.2404,16.138,-11.336,1.2537,21.2,118.64,1
20.608,7.1359,2.0952,0.739,0.3815,23.068,11.684,-5.8195,41.644,62.894,1
43.253,15.679,2.7135,0.352,0.177,-39.804,25.515,-12.803,5.1857,148.15,1
34.96,19.083,2.9098,0.2388,0.1212,7.9824,22.812,9.3345,13.057,143.81,1
38.044,21.913,2.8624,0.2924,0.1682,14.615,39.373,-18.548,14.454,193.07,1
21.502,11.976,2.4208,0.5199,0.3245,25.647,11.3,-7.9863,32.91,161,1
34.701,18.597,2.7443,0.2901,0.1505,-5.0242,-25.391,11.71,6.713,205.06,1
20.247,12.067,2.5472,0.5475,0.2738,2.9324,-14.163,7.6082,27.111,216.8,1
20.889,17.658,2.4298,0.4312,0.2546,29.337,-11.126,15.25,13.384,185.74,1
33.919,18.214,2.9689,0.3298,0.1864,20.863,29.141,13.099,10.519,168.82,1
28.964,11.014,2.6609,0.4279,0.2172,-19.046,19.552,9.75,5.3282,196.93,1
23.45,16.412,2.357,0.5055,0.2527,10.454,17.472,-12.557,1.9502,169.27,1
59.099,27.352,3.4068,0.1532,0.0809,41.505,45.535,22.376,7.378,201.73,1
48.426,19.972,3.0418,0.2743,0.1512,48.594,35.282,6.4034,10.791,208.49,1
12.566,11.88,2.0314,0.6977,0.3674,16.033,-9.1508,-10.016,55.006,192.95,1
19.167,12.858,2.3901,0.5662,0.3646,11.856,14.03,-8.336,8.459,147.07,1
63.485,34.844,3.7149,0.1461,0.0774,67.111,47.392,-30.834,4.366,253.87,1
24.11,13.97,2.4191,0.499,0.2914,-9.6517,-10.467,-12.559,4.4326,228.77,1
76.174,22.286,2.946,0.2254,0.1319,-107.61,55.925,-15.016,5.2872,231.92,1
36.751,20.918,2.5533,0.358,0.2084,11.944,29.204,-16.717,39.625,176.41,1
48.367,23.2,3.4368,0.1737,0.0872,32.929,11.272,-9.8737,1.99,170.27,1
22.675,11.671,2.3414,0.5057,0.2893,28.011,10.788,11.481,9.329,166.12,1
38.309,12.164,2.7271,0.4349,0.2615,19.819,26.674,7.1173,3.556,198.88,1
27.707,9.7056,2.4023,0.4792,0.2594,-39.067,15.37,-6.6979,32.816,154.34,1
39.175,19.999,2.829,0.2787,0.1401,2.1328,38.183,-12.407,12.887,238.38,1
26.152,16.601,2.5237,0.4401,0.238,11.846,15.135,-12.47,10.531,122.04,1
13.286,10.628,2.1688,0.7864,0.4237,-14.484,-3.5736,11.779,60.729,163.13,1
15.962,11.536,2.3541,0.6195,0.3827,2.8408,-5.2555,-7.639,59.167,146.24,1
21.58,8.8966,2.3284,0.6667,0.3732,0.4564,10.95,9.4223,48.415,147.01,1
22.743,12.908,2.2122,0.5767,0.3221,11.431,13.889,7.722,5.1628,192.13,1
140.38,13.595,2.6263,0.3121,0.169,-154.32,94.321,-8.331,6.363,281.32,1
18.155,9.9203,2.3522,0.6889,0.3667,20.787,11.84,-6.7104,16.092,187.32,1
41.785,17.72,2.6365,0.321,0.1721,-17.163,-37.266,13.647,0.531,197.75,1
28.775,15.264,2.4362,0.4139,0.2179,1.5566,28.303,7.3683,8.6513,228.21,1
30.21,15.386,2.3692,0.3932,0.2158,20.771,27.726,9.4231,32.907,160.72,1
84.866,36.601,2.8238,0.2971,0.1853,-35.361,-74.705,25.122,1.804,345.46,1
16.871,11.021,2.5198,0.6284,0.3157,21.377,9.6349,6.0657,5.8091,203.69,1
31.077,13.481,2.4322,0.3808,0.2237,-20.987,-22.313,3.8404,1.8695,213.43,1
74.189,33.162,3.7835,0.1386,0.0784,45.061,73.536,-10.602,7.5825,176.81,1
31.275,25.139,2.9798,0.2588,0.1378,3.3812,-11.176,14.415,11.808,132.82,1
13.107,10.995,2.1123,0.7645,0.4131,14.671,-4.2694,11.631,50.343,162.59,1
65.659,27.932,3.1543,0.2447,0.1546,-36.262,50.246,-18.245,11.676,293.85,1
75.419,21.029,3.0388,0.299,0.1596,-38.545,-36.834,9.1272,3.0122,289.34,1
27.807,11.041,2.5658,0.462,0.2894,18.369,-15.626,8.0266,9.2,177.62,1
33.541,11.643,2.5378,0.4319,0.2217,11.4,21.07,11.602,9.224,117.89,1
62.63,19.382,3.2934,0.2361,0.1198,26.524,50.217,-11.919,1.4085,236.49,1
24.707,14.573,2.4108,0.501,0.2738,6.03,11.511,12.529,75.425,101.52,1
122.27,50.882,4.3901,0.0568,0.0298,134.13,95.301,33.701,1.3933,242.29,1
89.578,22.433,3.1757,0.1942,0.1051,51.389,61.492,15.455,9.9644,231.88,1
25.137,9.4491,2.3988,0.519,0.3094,15.866,-13.894,5.3045,19.017,96.031,1
19.149,9.6685,2.2695,0.6559,0.4489,3.8906,-14.095,-8.6973,20.534,198.69,1
70.176,26.763,3.8166,0.1599,0.0838,-5.0073,52.403,-16.471,0.695,269.96,1
13.063,10.88,2.0952,0.7631,0.4538,-14.004,4.9914,10.467,22.795,47.569,1
23.66,16.511,2.6425,0.3759,0.2062,-10.931,-12.023,5.2125,24.255,217.09,1
31.977,11.911,2.7723,0.4088,0.2255,-6.8707,19.32,-10.77,6.46,173.85,1
72.044,17.432,2.9432,0.2142,0.1088,-147.15,60.847,-14.257,8.348,275.86,1
28.431,11.487,2.2504,0.5899,0.323,-35.756,-5.0305,-13.518,42.081,309.75,1
81.496,23.172,3.3741,0.2185,0.119,-64.163,50.896,-4.0485,0.386,275.67,1
45.597,18.939,2.8704,0.2655,0.1381,-43.834,38.069,17.032,12.439,167.98,1
30.841,22.855,2.6474,0.3288,0.1723,12.57,30.009,12.974,53.867,78.796,1
20.015,12.426,2.4141,0.4855,0.2871,-1.4892,9.718,-10.519,3.954,194.4,1
39.815,22.702,2.8139,0.3408,0.2157,-61.252,24.432,-17.522,7.0048,270.43,1
51.322,27.509,3.6777,0.1834,0.0927,24.319,49.447,-19.496,5.6174,128.05,1
50.891,15.908,2.4433,0.3315,0.1784,41.977,44.957,10.216,31.069,206.41,1
35.571,11.006,2.3414,0.5194,0.3531,-16.516,-30.749,-9.3334,2.313,139.41,1
29.547,9.166,2.3454,0.5011,0.2551,42.053,-18.154,7.164,8.4488,208.98,1
13.209,10.663,2.1446,0.7814,0.448,14.028,3.6622,11.378,56.222,177.41,1
31.801,14.909,2.5711,0.3275,0.1919,-4.9424,9.4054,-8.179,21.519,75.973,1
20.31,11.565,2.4949,0.5568,0.28,-1.6245,12.898,-4.5498,44.765,136.37,1
34.996,19.399,2.9151,0.2772,0.1429,9.4718,-14.293,9.2871,6.89,203.51,1
20.201,12.814,2.3936,0.497,0.301,14.88,13.966,-5.2142,36.853,206.47,1
48.011,20.38,3.1007,0.2506,0.132,-19.445,-42.694,9.5146,7.784,190.38,1
83.427,26.172,3.0699,0.2665,0.1682,-32.856,56.58,11.247,1.151,308.24,1
25.16,10.434,2.3191,0.4556,0.2278,14.551,-18.14,-4.0287,25.741,118.28,1
94.924,29.609,2.995,0.3328,0.1998,-62.882,58.973,-30.116,1.23,321.89,1
16.577,11.432,2.3181,0.5817,0.3053,2.8674,-7.538,4.3312,20.178,223.7,1
35.626,19.871,3.1647,0.2793,0.1516,28.848,-26.111,12.294,3.866,183.94,1
90.21,19.028,3.022,0.2129,0.1098,81.027,99.39,5.4586,3.042,168.42,1
33.46,12.913,2.3936,0.5535,0.2848,25.359,25.342,11.05,3.66,291.8,1
20.387,7.2941,2.0737,0.7004,0.384,-0.5028,5.8566,5.6952,84.176,235.63,1
200.41,11.222,2.5038,0.4201,0.2241,-131.7,-198.87,-8.8152,43.2,74.309,1
66.862,23.012,3.2444,0.2341,0.1233,51.733,66.696,9.3239,1.496,297.16,1
24.14,15.453,2.4393,0.4182,0.2273,-17.541,-15.926,-12.852,11.711,166.72,1
26.008,15.864,2.5711,0.357,0.1812,-3.5522,-20.695,6.734,20.96,203.39,1
40.925,10.379,2.4362,0.4396,0.2473,44.411,26.901,-8.5593,16.308,94.908,1
47.888,23.563,3.4947,0.1745,0.0885,59.926,25.319,-8.5295,1.272,149.73,1
37.668,27.659,3.4526,0.1813,0.0922,-19.723,28.078,-23.421,22.924,120.77,1
17.306,10.933,2.2672,0.6108,0.3324,-3.0176,8.3053,6.4644,7.894,102.64,1
16.434,11.576,2.233,0.5965,0.3129,-1.5906,5.9172,4.322,45.878,146.35,1
39.577,15.635,2.5065,0.5327,0.2913,18.514,36.221,9.6697,8.6074,127.69,1
29.556,8.534,2.3636,0.5887,0.3139,12.334,21.706,4.9633,39.422,211.91,1
21.69,15.076,2.4548,0.4912,0.2614,14.125,10.875,-10.676,89.719,115.43,1
35.656,15.871,2.5459,0.3898,0.2319,32.26,22.571,-12.6,4.703,266.39,1
46.387,19.759,3.0713,0.2181,0.1235,27.228,-22.362,10.668,3.387,194.54,1
19.298,12.962,2.3988,0.499,0.2695,-12.533,-10.722,6.5988,23.074,231.38,1
26.062,16.698,2.7734,0.3892,0.2704,7.8795,20.419,-8.1507,23.344,217.66,1
18.926,16.562,2.4771,0.5233,0.3017,1.3666,-12.504,11.682,24.086,195.69,1
101.8,53.563,4.181,0.079,0.041,-126.64,67.135,33.005,4.695,305.44,1
19.495,16.503,2.1987,0.5949,0.3386,-25.861,14.277,11.264,27.951,134.71,1
76.572,33.546,3.5914,0.2424,0.1326,25.386,42.446,-15.911,4.4055,352.47,1
31.491,22.398,2.882,0.2861,0.1726,-2.6576,10.717,-12.876,6.8883,206.03,1
13.029,10.605,2.1021,0.7668,0.4941,13.105,2.9585,-8.619,11.929,195.54,1
37.142,13.532,2.8756,0.3702,0.2017,-16.302,-29.797,-10.474,6.2878,191.45,1
23.352,5.8999,2.2683,0.8086,0.4178,25.291,8.6832,6.8545,18.912,191.76,1
18.158,15.94,2.6201,0.5036,0.2818,1.1477,10.607,-9.6395,33.282,56.879,1
24.978,10.414,2.372,0.4713,0.2611,4.7655,19.665,-7.2048,52.363,71.223,1
42.023,25.409,3.0695,0.2488,0.1265,-24.903,24.741,-11,8.047,269.85,1
29.904,22.68,2.9031,0.2562,0.1319,7.8367,-14.902,-15.036,27.191,116.19,1
59.264,14.41,2.6154,0.2982,0.1515,66.536,-12.298,-6.3837,16.946,149.72,1
24.414,17.193,2.3636,0.4502,0.2316,-0.6099,19.073,11.868,18.409,141.82,1
19.132,15.019,2.2683,0.5067,0.2938,-6.6317,17.087,-3.6266,65.249,56.847,1
83.563,25.568,3.313,0.2111,0.133,-54.857,66.67,-11.449,9.311,302.46,1
31.854,15.151,2.5347,0.3679,0.2088,32.133,21.178,6.4599,2.004,242.24,1
47.24,19.819,3.3769,0.2629,0.1426,-9.6875,38.856,12.46,3.032,200.47,1
78.422,26.329,3.2497,0.2555,0.1404,-11.43,59.939,-20.092,1.9214,318.83,1
31.873,12.036,2.6279,0.3863,0.2108,26.35,16.109,7.1191,7.0622,131.4,1
18.816,7.4891,2.1189,0.7452,0.4753,0.4692,-4.3399,3.4444,81.013,159.33,1
70.005,26.493,3.1429,0.2756,0.1594,-37.837,35.024,15.964,7.789,293.65,1
60.445,16.238,2.6542,0.3659,0.2206,48.343,60.125,10.712,2.967,185.58,1
28.25,11.8,2.444,0.4424,0.232,17.4,-15.325,-9.3951,86.427,216.87,1
22.821,0,2.1222,0.7774,0.3962,-4.7544,14.823,0.0001,44.925,183.95,1
24.653,17.875,2.6998,0.3513,0.1766,-15.73,15.144,15.368,0.881,166.74,1
32.121,20.073,2.5927,0.2989,0.1596,35.461,-13.996,-15.085,23.424,185.81,1
50.154,15.745,2.5165,0.3714,0.1933,-67.604,41.003,-8.7869,11.976,191.02,1
41.253,24.136,3.4272,0.2225,0.1225,17.657,35.39,-7.9437,7.521,97.749,1
79.013,33.704,3.4223,0.2783,0.1949,-23.276,61.681,23.98,3.1843,306.82,1
52.249,23.428,2.9325,0.2442,0.1221,26.132,52.755,-20.255,3.926,143.94,1
53.148,17.762,2.5308,0.4065,0.2283,32.344,49.604,-12.267,39.62,109.71,1
47.801,21.392,2.995,0.2428,0.128,-86.941,38.521,-16.331,5.3538,255.33,1
29.173,11.212,2.3865,0.4723,0.2485,23.584,-20.746,5.9364,21.094,185.15,1
24.28,21.793,2.7619,0.2855,0.1427,-6.4294,-12.905,-11.381,48.801,182.71,1
12.909,11.375,2.2889,0.7404,0.3882,15.052,-5.6225,-11.577,33.825,174.15,1
19.416,7.4291,2.0774,0.7448,0.4393,1.5284,-7.3542,4.5502,80.829,205.23,1
75.47,27.014,3.32,0.2958,0.1931,-47.905,-55.353,-14.751,1.099,313.65,1
26.671,10.474,2.5079,0.5311,0.309,17.801,-13.51,10.304,37.168,45.379,1
12.656,11.767,2.1477,0.7117,0.3594,-15.159,4.716,-11.485,45.584,124.17,1
20.477,6.9229,2.3701,0.7761,0.4414,20.655,14.37,-5.6311,29.37,165.73,1
65.159,17.597,3.2588,0.2034,0.1122,66.05,44.75,-14.472,1.345,196.86,1
12.898,11.403,2.1089,0.7393,0.3774,15.048,-4.3601,11.706,20.314,62.777,1
101.01,26.684,3.3079,0.2175,0.1125,6.7121,57.664,-8.3432,2.6208,336.48,1
27.157,14.756,2.4683,0.415,0.2092,25.413,23.427,11.481,69.762,108.02,1
96.489,21.011,3.0228,0.2334,0.1295,-162.32,86.068,16.263,1.765,237.11,1
29.439,16.758,2.6977,0.3069,0.1555,1.2283,21.503,-12.48,17.977,155.35,1
41.135,14.316,2.574,0.296,0.1533,-6.9883,13.597,-10.254,21.5,179.15,1
90.307,25.298,3.2412,0.2123,0.1099,89.236,88.765,14.361,0.85,329.27,1
27.482,15.847,2.5688,0.3779,0.2119,-6.2649,-24.105,-12.896,1.8427,130.83,1
33.217,15.133,2.5729,0.4465,0.234,47.093,-18.402,10.248,13.161,123.63,1
80.481,36.507,3.2006,0.2042,0.1194,52.315,59.118,33.2,1.536,268.73,1
19.472,12.226,2.404,0.5325,0.3097,-1.7994,5.0708,-9.9588,27.594,203.89,1
22.441,16.594,2.4116,0.4612,0.2345,-13.881,-15.905,9.4234,44.78,103.95,1
51.439,33.517,3.7096,0.1819,0.0953,12.222,51.015,-8.8883,8.8927,117,1
12.93,11.295,2.1383,0.7418,0.4109,-14.892,6.8557,-10.964,54.087,203.78,1
19.759,17.776,2.4023,0.5703,0.3347,23.733,10.806,14.169,30.16,127.01,1
27.435,17.381,2.639,0.3559,0.217,-23.49,-18.721,-8.0961,21.061,63.165,1
40.934,14.363,2.5447,0.4223,0.2154,53.305,6.951,9.812,0.394,161.46,1
19.449,12.166,2.3988,0.5389,0.3293,-2.4943,11.775,-10.715,56.6,142.98,1
28.409,23.988,2.9477,0.3125,0.2092,13.167,20.261,19.039,6.9991,150.78,1
66.338,22.401,3.2505,0.2106,0.1076,48.264,62.95,13.627,7.3766,234.66,1
26.581,12.058,2.5289,0.4379,0.2204,23.499,22.503,7.8271,4.9083,231.82,1
60.781,29.743,3.2778,0.1319,0.0767,53.566,35.887,12.222,66.031,86.036,1
129.79,123.26,4.8501,0.0269,0.0139,0.7522,60.565,87.252,58.024,220.98,1
25.203,14.926,2.4764,0.5275,0.3222,6.9867,19.717,15.543,24.927,155.93,1
20.311,7.3063,2.2467,0.7082,0.3881,-0.8455,6.8997,5.623,23.439,140.07,1
27.827,16.898,2.5575,0.3075,0.1537,11.296,-12.732,9.2499,43.696,204.07,1
56.731,16.055,2.4541,0.4042,0.2056,-55.587,30.087,12.351,15.561,161.76,1
82.421,11.516,2.6826,0.4112,0.2544,-64.837,27.682,6.2522,0.0258,276.27,1
22.092,12.539,2.3075,0.6108,0.3818,14.235,15.494,9.9261,54.994,89.443,1
20.89,16.019,2.3444,0.3846,0.1968,-25.499,-9.0974,5.9278,4.268,53.137,1
76.025,23.957,3.3429,0.1476,0.0797,31.928,67.48,11.713,12.898,187.64,1
41.09,13.447,2.6799,0.2989,0.1641,30.989,29.256,-9.0978,5.669,162.43,1
28.588,19.618,2.6803,0.3633,0.2015,-21.349,-14.002,14.992,14.902,149.99,1
92.763,43.689,3.9353,0.1498,0.0797,13.18,55.772,23.785,6.582,354.94,1
49.603,23.275,3.0631,0.1902,0.0999,15.604,-33.62,5.6718,5.467,198.28,1
21.099,15.797,2.5366,0.4709,0.2805,-11.892,-14.258,-10.12,77.795,95.562,1
17.866,10.867,2.2529,0.5307,0.271,1.1828,-6.9055,-3.2113,24.772,144.25,1
34.632,15.245,2.6721,0.4255,0.2351,31.817,26.811,3.9682,1.553,181.64,1
39.589,31.105,3.3386,0.172,0.0892,23.114,-16.19,-16.465,9.1402,152.38,1
21.248,16.064,2.5563,0.4611,0.2819,25.852,9.4638,8.0603,35.602,129.93,1
30.424,12.053,2.49,0.5016,0.3155,-28.688,-15.536,10.65,0.929,167.85,1
12.846,11.395,2.1222,0.7245,0.4189,-15.01,8.4177,8.7189,78.08,164.91,1
43.013,15.287,2.6968,0.3136,0.1578,56.859,25.314,15.315,2.4997,222.93,1
46.409,19.979,3.1266,0.2062,0.1035,47.887,15.703,-13.512,1.1638,234.2,1
41.735,15.542,2.7435,0.3538,0.194,-1.4304,28.689,3.4026,11.411,225.85,1
23.212,15.279,2.6753,0.4794,0.265,-0.1323,-16.793,-5.8932,16.407,137.01,1
36.4,17.965,3.0278,0.3386,0.2087,12.184,18.693,13.464,1.711,162.04,1
37.725,23.865,2.964,0.2618,0.1537,25.934,32.337,20.656,4.0561,157.08,1
81.784,22.831,3.1278,0.3234,0.1643,-102.82,-36.746,-11.912,0.447,282.68,1
83.257,34.054,3.5134,0.28,0.1642,9.4165,58.413,17.845,0.347,371.05,1
25.719,14.057,2.6594,0.414,0.2377,8.2933,17.876,-5.0759,22.037,212.99,1
22.741,10.175,2.4843,0.5639,0.3033,30.84,-15.106,6.8333,12.249,180.25,1
34.231,17.443,2.7352,0.3109,0.1573,51.468,20.077,-12.981,1.3814,111.12,1
69.668,21.436,3.2884,0.2996,0.1954,-4.5328,63.397,16.322,3.8131,334.19,1
38.675,18.621,2.9777,0.3011,0.1616,30.524,29.953,9.4038,4.437,198.08,1
45.407,16.713,2.8344,0.2753,0.1603,-20.273,-38.734,12.859,2.052,254.37,1
40.901,14.836,2.5244,0.3677,0.1868,-69.263,30.897,-12.187,5.741,292.58,1
28.506,10.472,2.5126,0.4977,0.2657,-20.839,-25.516,8.1676,11.59,158.59,1
32.781,11.744,2.4814,0.4422,0.2558,-16.068,-6.0232,-5.3045,12.771,167.35,1
64.891,16.446,3.0797,0.2289,0.1411,33.753,55.064,10.051,4.8939,241.57,1
28.575,11.071,2.372,0.4671,0.2357,-26.751,-22.956,5.7088,16.191,237.16,1
13.057,11.084,2.1287,0.7584,0.4126,14.709,-5.0616,-11.514,58.21,92.824,1
38.296,25.219,3.2179,0.2446,0.1474,11.883,-26.143,-13.751,18.358,209.28,1
19.664,9.738,2.3541,0.5752,0.3119,24.719,8.4885,3.7639,49.435,196.95,1
23.843,20.092,2.4433,0.3459,0.2036,1.3026,-19.65,8.9295,21.192,65.745,1
17.244,7.4261,2.224,0.8,0.5582,-1.334,-3.5163,-4.7237,25.805,145.84,1
37.097,17.328,2.8573,0.3111,0.1576,2.1901,24.074,7.4913,4.145,189.47,1
37.795,18.652,2.9188,0.264,0.1525,19.819,18.907,11.892,20.555,155.08,1
33.274,12.547,2.6314,0.4439,0.2442,-10.747,27.216,-5.0397,11.228,176.5,1
12.746,11.637,2.2135,0.7217,0.37,-15.218,5.7064,-11.51,51.775,241.96,1
51.404,10.515,2.74,0.3167,0.1665,-30.302,30.738,-10.932,4.989,240.09,1
28.389,20.251,2.6772,0.3028,0.1651,1.9901,-5.2832,5.4017,15.299,95.589,1
71.612,12.274,3.0218,0.2882,0.1593,-87.414,59.481,-8.2753,5.3775,253.74,1
26.547,21.813,2.7657,0.3482,0.1913,4.9015,14.348,15.441,14,66.612,1
27.407,9.8829,2.3086,0.4177,0.2088,36.298,18.86,-6.7724,10.353,192.24,1
19.64,17.092,2.5416,0.4483,0.2859,-6.8181,-14.039,-11.142,4.0536,140.55,1
27.631,10.751,2.4464,0.4759,0.2773,-2.3165,-21.886,-4.7659,34.121,134.02,1
21.162,6.9275,2.2799,0.7297,0.4121,22.486,13.054,6.2256,15.588,160.13,1
104.76,46.331,4.0666,0.1006,0.0529,-26.72,58.189,30.051,0.151,334.84,1
63.421,26.957,3.0955,0.2063,0.1152,46.622,57.719,-20.163,0.782,280.3,1
59.614,26.629,2.9312,0.2332,0.1201,-15.552,-38.622,-9.5965,3.846,271.12,1
29.97,5.3825,2.3314,0.8298,0.5897,-24.109,-24.695,5.9855,9.344,306.82,1
17.778,10.535,2.2504,0.6236,0.3567,-1.8714,7.2763,-6.9412,25.285,140.48,1
42.467,8.5241,2.5366,0.4651,0.2776,12.742,31.202,4.2744,6.332,180.65,1
26.47,15.409,2.8642,0.432,0.2344,-12.859,-21.941,-7.4592,6.5818,194.94,1
21.399,14.874,2.2956,0.4608,0.2354,-34.184,17.533,6.3148,17.51,75.169,1
12.952,9.9146,2.1658,0.7986,0.5563,-11.51,-8.223,8.3802,25.323,109.83,1
18.373,17.587,2.5416,0.4713,0.2687,-1.4588,8.1905,16.714,61.28,136.86,1
38.274,17.284,2.7451,0.2608,0.1466,39.128,8.7,14.263,0.4229,188.46,1
18.54,10.195,2.233,0.5848,0.3538,21.575,11.828,0,76.519,92.55,1
21.425,12.286,2.3683,0.4625,0.2377,-30.339,10.871,-9.7251,69.4,98.472,1
97.932,34.907,3.269,0.1389,0.0821,62.926,83.731,20.003,14.18,184.22,1
27.959,12.567,2.617,0.5411,0.3659,-15.822,-26.491,10.017,7.1787,179.55,1
31.741,19.393,2.64,0.3024,0.1592,14.713,25.24,-11.359,10.898,271.18,1
28.355,17.535,2.6415,0.4247,0.2203,3.5396,17.083,-7.6031,39.203,185.5,1
70.365,16.187,2.8435,0.2638,0.1728,50.67,72.995,8.6219,0.6983,170.59,1
58.134,23.167,3.3556,0.2513,0.1351,36.341,62.99,-14.286,4.935,252.65,1
61.199,21.557,3.2414,0.3424,0.2131,-37.325,-41.404,11.642,2.402,291.81,1
39.839,20.552,3.0354,0.2157,0.123,-12.165,20.019,-11.151,19.313,169.24,1
18.921,15.173,2.5428,0.533,0.351,16.166,16.93,4.7729,8.274,95.402,1
29.061,15.961,2.64,0.4261,0.244,-3.8274,22.049,-11.111,73.441,153.58,1
26.094,18.33,2.6345,0.3643,0.1937,7.1925,11.233,11.736,13.429,164.05,1
32.136,16.835,2.7973,0.327,0.1842,-3.7201,13.627,-8.2186,3.028,132.39,1
32.67,20.334,2.5982,0.338,0.1803,23.735,23.389,14.59,38.082,176.08,1
20.59,9.9634,2.3365,0.5991,0.3756,-3.546,15.174,8.6621,0.9856,183.65,1
81.924,24.034,3.1202,0.2767,0.1823,80.645,67.956,-16.838,4.2963,200.02,1
30.867,17.474,2.5296,0.322,0.1669,-41.496,-14.151,-12.496,15.939,180.07,1
53.05,9.439,2.3683,0.4839,0.2719,-48.604,35.438,-7.8443,11.762,192.5,1
82.253,28.104,3.4551,0.1697,0.0882,-4.8321,78.99,25.291,5.1396,280.75,1
19.459,18.166,2.3883,0.5562,0.2965,-24.752,-10.511,17.234,75.427,43.476,1
24.74,17.312,2.5717,0.496,0.2507,34.929,-11.697,10.589,20.602,263.11,1
17.872,17.526,2.3829,0.4679,0.234,19.61,18.239,-8.558,48.694,250.23,1
46.808,15.276,2.5521,0.4404,0.2482,49.197,-21.924,-9.4602,1.4454,156.38,1
78.61,30.995,3.7074,0.1203,0.0646,7.6806,55.239,15.108,3.301,252.61,1
82.462,29.479,3.4104,0.1629,0.0845,35.917,80.717,20.229,4.232,218.76,1
23.372,10.949,2.316,0.6329,0.3406,16.838,18.743,5.3886,7.1894,176.71,1
76.718,30.772,3.2463,0.1685,0.0876,19.126,45.571,-34.822,3.3996,228.21,1
40.336,15.293,2.8482,0.3333,0.1894,-5.667,19.472,-5.0618,12.26,234,1
66.965,20.935,3.49,0.1641,0.0904,48.532,47.805,13.693,5.807,257.82,1
71.446,19.168,3.043,0.2255,0.1164,59.434,63.476,9.6581,6.252,197.93,1
40.557,22.236,2.9706,0.26,0.1482,36.815,29.708,-16.616,38.579,75.493,1
19.003,10.11,2.2672,0.5568,0.2838,0.3036,-4.8158,-5.0607,0.58,182.15,1
26.334,20.707,2.8576,0.2887,0.1534,-14.835,2.55,-14.557,23.314,117.68,1
69.773,24.476,3.1207,0.2719,0.1806,-33.093,35.777,15.209,2.4982,297.45,1
20.162,8.237,2.3979,0.72,0.426,5.9676,-14.994,-10.683,3.886,185.76,1
48.884,14.184,2.8038,0.3441,0.2176,-23.606,-35.172,-12.54,1.783,214.3,1
18.281,10.369,2.29,0.6154,0.3103,23.084,9.8131,-5.8535,17.734,189.3,1
62.926,26.698,3.1224,0.2339,0.1188,24.502,44.164,-17.331,8.6361,261.62,1
28.451,6.2218,2.4378,0.6752,0.4325,-27.369,-23.723,3.7167,9.2887,233.04,1
57.393,21.233,2.8651,0.2688,0.1467,3.5283,59.865,-19.014,4.7613,110.08,1
29.746,16.891,2.912,0.365,0.2284,20.965,22.398,-7.053,19.182,77.932,1
61.335,19.038,2.9836,0.2513,0.1438,-87.377,-29.484,17.846,9.634,277.29,1
25.473,12.36,2.444,0.4173,0.2356,9.1552,13.396,7.0911,13.937,202.69,1
68.372,29.232,3.5635,0.1451,0.0772,-69.782,39.835,15.225,0.0127,270.83,1
68.276,20.585,2.786,0.2979,0.1514,-143.14,71.369,-20.504,53.654,266.35,1
19.855,16.149,2.5441,0.4771,0.2843,17.908,16.478,3.4476,20.711,154.23,1
31.652,11.824,2.3784,0.4142,0.2197,10.175,20.173,11.459,2.6609,160.35,1
30.756,14.082,2.5472,0.4113,0.2511,-0.5984,-15.334,-11.481,25.831,160.81,1
33.517,18.536,2.6196,0.3049,0.1813,40.91,26.295,-15.646,10.48,221.97,1
23.431,16.22,2.5099,0.3895,0.2117,17.834,12.624,-12.164,76.537,70.452,1
35.45,13.898,2.6138,0.3601,0.1934,32.364,-20.199,-8.4313,6.6866,163.68,1
64.081,27.253,3.7736,0.1682,0.0902,60.341,52.39,-12.899,3.2298,210.61,1
17.631,10.849,2.2227,0.5748,0.3323,-0.7018,5.3114,6.2969,12.616,132.3,1
20.051,12.826,2.451,0.4779,0.2566,16.072,11.025,7.2728,25.089,190.64,1
33.702,18.068,3.0328,0.3236,0.1692,12.559,24.092,12.679,4.542,198.21,1
37.304,11.815,2.6871,0.333,0.1799,-30.765,-24.963,5.8364,22.294,176.16,1
92.448,27.545,3.4125,0.1447,0.0733,90.487,84.001,21.706,13.341,255.66,1
26.174,16.044,2.6048,0.4273,0.2273,30.706,16.802,-13.157,2.988,180.85,1
24.389,13.944,2.5092,0.483,0.2709,5.2824,20.126,7.0536,35.974,165.68,1
30.215,22.678,2.9201,0.3101,0.1905,1.0785,26.009,-6.2943,3.919,211.57,1
19.467,11.004,2.3345,0.6157,0.3356,-8.2595,17.509,-8.6581,16.872,143.48,1
22.61,14.785,2.6613,0.4537,0.2475,17.218,13.674,9.3899,3.154,120.97,1
32.334,11.619,2.5688,0.3995,0.2092,-18.23,-20.222,3.8586,8.9595,111.14,1
59.091,8.6399,2.2967,0.5606,0.2955,-70.432,24.543,-4.0434,8.94,169.93,1
22.345,10.255,2.2014,0.5849,0.3428,-22.264,-19.235,-11.125,18.066,139.34,1
122.42,16.096,3.0097,0.2474,0.1443,-193.17,88.456,-16.442,3.236,348.41,1
28.417,16.629,2.4378,0.4161,0.2391,-43.476,21.684,13.63,22.022,220.01,1
17.819,10.89,2.4502,0.5355,0.2819,0.9568,-6.3431,-4.1317,89.822,165.54,1
21.592,11.186,2.1847,0.5686,0.2909,21.483,19.527,-9.7772,36.088,206.34,1
84.494,37.201,3.7652,0.1336,0.0804,-42.472,72.112,26.217,0.188,298.57,1
25.436,22.04,2.8802,0.3294,0.2049,13.801,12.619,16.798,7.2313,269.44,1
27.857,16.367,2.48,0.4901,0.2964,28.946,17.198,-14.701,15.7,144.76,1
23.624,18.323,2.5676,0.387,0.1962,7.7972,-17.926,5.5092,12.453,208.2,1
72.677,29.39,3.3268,0.1282,0.0662,-107.16,60.275,-14.003,1.7119,223.12,1
27.013,21.282,2.7578,0.3721,0.2,2.213,-13.864,7.4605,37.131,155.38,1
36.873,15.09,3.0204,0.3225,0.1703,-7.0212,22.436,10.114,2.0174,200.94,1
29.446,0.0034,2.2405,0.6379,0.4052,-11.896,-18.637,0.0001,69.405,222.04,1
40.676,15.594,2.7447,0.2772,0.1449,19.623,9.0297,7.4157,15.426,193.23,1
21.426,10.876,2.2648,0.5435,0.2745,-6.5049,18.281,-9.0743,39.869,180.99,1
58.755,13.396,2.5359,0.425,0.2722,-79.191,38.562,7.4865,4.992,283.17,1
26.105,9.4291,2.5045,0.6228,0.3427,-15.137,-10.123,5.5135,3.9731,219.59,1
83.851,12.662,2.4362,0.4396,0.2692,-109.12,52.25,8.8363,2.588,221.1,1
98.856,32.355,3.6953,0.0827,0.0431,55.357,76.145,22.919,6.8764,206.39,1
17.223,10.525,2.3747,0.6793,0.3439,20.715,10.554,-7.2502,2.7355,124.55,1
41.114,19.829,2.666,0.3344,0.1715,65.001,-28.418,-13.607,3.559,232.24,1
25.227,19.6,2.8639,0.3844,0.2305,9.2431,11.39,-8.0691,20.253,160.07,1
30.076,22.915,2.6893,0.2924,0.1564,-15.251,-10.686,-8.597,44.017,124.94,1
32.211,19.805,2.5877,0.3721,0.1873,30.368,16.42,-12.452,13.233,170.86,1
18.996,12.361,2.4074,0.5558,0.3307,-2.6603,11.778,10.192,38.043,211.13,1
24.346,12.703,2.4609,0.4498,0.2785,17.463,16.521,7.6723,29.107,114.98,1
37.12,15.508,2.6454,0.3846,0.2432,-3.2414,-29.346,16.234,9.829,155.91,1
47.76,25.005,2.8982,0.1922,0.1005,50.184,34.078,-13.422,1.1964,187.65,1
12.977,9.6893,2.2443,0.8148,0.567,-11.226,-8.9651,9.393,63.45,152.36,1
12.905,11.392,2.1477,0.7402,0.3737,15.023,-3.3364,-11.738,46.898,171.88,1
24.342,16.89,2.586,0.4721,0.2944,11.291,13.276,-9.4052,17.904,139.94,1
83.954,28.657,3.6747,0.1248,0.0644,43.403,74.364,15.846,5.285,221.99,1
18.312,14.982,2.3865,0.5339,0.3142,-7.5793,16.638,4.1417,74.772,135.39,1
30.964,18.619,2.8552,0.3001,0.1654,24.417,18.611,13.783,4.875,103.96,1
40.212,12.007,2.4871,0.4723,0.259,18.511,32.42,8.0276,17.833,151.76,1
31.588,21.649,2.8007,0.2611,0.14,20.06,19.083,3.9342,27.155,117.89,1
23.614,19.155,2.7235,0.3478,0.1862,-3.721,-21.101,9.1085,33.824,230.73,1
24.654,14.68,2.5599,0.4518,0.2493,9.4636,17.859,-12.106,19.066,141.98,1
86.469,25.966,3.7818,0.1438,0.0811,-107.38,42.967,11.332,0.8473,254.29,1
68.413,23.121,3.023,0.2418,0.1257,-29.85,36.931,-18.367,2.9291,300.91,1
23.427,16.456,2.5786,0.4116,0.2309,3.4962,15.409,-9.8692,64.324,212.13,1
99.151,36.123,3.995,0.1123,0.0567,100.58,82.463,25.519,4.199,268.05,1
68.611,22.602,3.0204,0.2786,0.1675,-58.65,29.782,10.156,8.918,284.22,1
24.953,9.1084,2.3434,0.5533,0.3651,-13.721,7.8747,1.3227,20.728,144.48,1
114.85,12.815,2.5145,0.4067,0.2156,-162.14,86.615,7.6763,5.608,273,1
26.439,14.727,2.6439,0.4132,0.2077,-32.96,-15.276,10.041,3.798,149.75,1
30.43,21.54,3.1836,0.2608,0.1314,-18.912,19.972,-10.008,1.471,111.58,1
18.965,17.707,2.596,0.3929,0.2471,-0.1797,-4.3988,4.196,1.5377,130.63,1
90.915,33.228,3.4884,0.2075,0.1233,4.2173,60.926,-17.942,7.4612,330.44,1
30.526,18.778,3.0141,0.3388,0.2125,8.0701,24.405,-14.461,36.426,68.456,1
19.786,9.496,2.3032,0.597,0.3358,23.801,10.275,4.4231,5.495,154.59,1
19.523,7.3881,2.0952,0.755,0.4297,2.4378,-8.7992,4.6422,38.519,163.47,1
17.491,11.075,2.2175,0.5455,0.2818,0.9653,-6.1257,-3.4056,68.719,145.25,1
82.986,35.4,3.778,0.1331,0.0749,30.212,112.07,-17.945,16.402,161.76,1
32.629,19.826,3.0324,0.3341,0.1712,14.75,31.713,9.9706,0.516,163.49,1
35.404,15.465,2.5746,0.3249,0.1851,27.477,-16.827,7.5769,21.198,188.52,1
12.953,11.001,2.2822,0.7311,0.4621,13.974,-6.9109,0.4483,69.168,112.35,1
91.776,29.917,3.0179,0.2294,0.1224,86.959,74.659,26.848,2.4654,283.4,1
29.307,17.496,2.499,0.3772,0.1949,-33.692,10.145,15.689,5.041,163.64,1
21.616,6.8719,2.1055,0.698,0.3882,24.037,11.049,-6.5022,32.876,248.65,1
47.478,18.724,3.1276,0.2557,0.1338,33.286,35.31,9.0855,13.161,162.98,1
74.646,16.821,3.0366,0.2776,0.1595,44.925,58.299,-12.594,1.9633,232.12,1
30.563,12.354,2.5916,0.4661,0.2369,4.2251,-19.306,10.689,85.618,61.084,1
12.193,8.5395,2.3128,0.8467,0.674,8.4709,11.075,6.3586,27.248,263.95,1
17.194,15.511,2.2695,0.6344,0.4005,-1.1558,-12.88,14.946,64.189,214.57,1
94.929,38.566,3.685,0.1181,0.0707,-77.021,63.378,22.683,0.926,284.31,1
29.932,11.131,2.5159,0.5213,0.279,21.793,-20.014,6.193,8.897,181.01,1
25.009,11.925,2.4914,0.4129,0.221,9.8703,10.749,2.9937,1.845,147.28,1
35.242,17.281,2.7376,0.3623,0.1857,5.2869,-17.983,-8.634,17.504,172.08,1
13.176,9.6014,2.2867,0.8269,0.5504,-11.64,-9.0779,10.557,5.341,146.98,1
53.346,10.346,2.5347,0.5577,0.3285,-61.429,-29.953,-5.2151,7.4932,300.91,1
43.472,20.159,3.0976,0.2812,0.1562,37.593,39.446,-10.939,26.738,127.82,1
20.467,12.398,2.4005,0.493,0.2565,-2.004,8.5742,10.054,28.292,158.4,1
96.207,21.136,3.1019,0.2357,0.1325,91.027,66.956,4.5695,0.686,317.5,1
31.806,21.194,2.8985,0.3007,0.1598,35.025,10.158,10.964,9.087,214.6,1
36.288,17.838,2.9178,0.313,0.1746,14.885,28.738,-13.882,0.1809,211.38,1
13.043,10.325,2.2135,0.7829,0.5168,-12.513,-6.31,9.0248,72.219,202.52,1
34.483,18.786,2.9978,0.3226,0.2055,24.95,13.802,-12.342,9.317,163.27,1
41.88,21.576,3.006,0.2821,0.1711,-5.4176,-28.201,11.338,5.1208,175.21,1
51.745,24.924,3.1106,0.1837,0.0957,25.461,43.449,-10.988,2.643,160.78,1
21.023,16.208,2.567,0.4282,0.2236,-20.532,-13.6,-4.7962,22.62,113.86,1
13.077,10.865,2.1538,0.7649,0.4526,14.015,-4.7157,10.625,42.603,161.94,1
24.474,14.289,2.3847,0.5526,0.2825,13.674,-13.261,-14.685,2.7837,248.27,1
42.134,18.382,2.5933,0.3673,0.2079,34.574,37.394,-12.497,26.964,162.4,1
23.64,12.988,2.2625,0.5738,0.2924,-11.881,-14.794,4.1461,46.938,159.34,1
36.07,15.046,2.7976,0.2948,0.1602,2.2124,22.336,-10.24,4.5385,210.71,1
64.216,18.703,2.8654,0.2849,0.1561,71.165,54.19,-9.6894,3.029,230.07,1
20.561,15.279,2.2999,0.5013,0.2632,2.6313,-16.497,0.5588,59.281,181.33,1
33.927,21.317,2.6488,0.2626,0.1336,20.504,-28.038,-9.9845,78.655,69.206,1
70.343,17.589,2.913,0.2834,0.1814,60.083,70.644,-13.317,9.8881,258.31,1
80.614,27.269,3.0754,0.1925,0.1072,98.042,68.355,13.903,3.298,250.52,1
35.673,17.947,2.8825,0.2844,0.1723,-25.288,-19.74,-5.5409,5.955,112.79,1
37.661,12.748,2.5653,0.4245,0.2163,26.84,28.435,5.486,8.74,161.64,1
49.657,16.823,2.827,0.2442,0.1467,53.246,29.189,-13.844,9.1405,155.97,1
70.444,32.083,2.9403,0.2169,0.1199,-2.9524,-93.982,-19.512,76.364,61.994,1
39.353,18.607,3.0177,0.2544,0.1359,7.5434,-18.525,14.639,3.759,190.38,1
44.962,29.024,3.1425,0.2067,0.1098,-15.399,35.526,16.116,60.191,106.29,1
19.184,12.938,2.5152,0.5191,0.3191,-13.56,-12.868,5.8076,79.219,66.747,1
77.022,22.183,3.3844,0.1741,0.0897,-28.093,45.273,13.705,1.666,276.48,1
12.853,11.349,2.1508,0.7138,0.4276,14.873,-8.5355,-0.0762,22.004,240.22,1
31.157,20.452,2.7388,0.3613,0.198,15.56,27.48,-11.333,17.236,137.7,1
17.951,10.008,2.3962,0.6506,0.3996,-0.753,5.14,7.2953,34.256,155.18,1
20.94,12.782,2.3253,0.487,0.2577,11.826,13.778,9.0861,24.006,159.42,1
18.649,7.4895,2.1508,0.7562,0.4841,-0.8756,5.0991,2.8894,43.527,181.33,1
58.474,20.972,3.0598,0.2126,0.1076,-76.944,-36.853,14.558,4.336,250.78,1
94.253,33.999,3.5462,0.1254,0.067,56.924,97.683,24.363,2.6004,184.65,1
91.56,38.501,3.7091,0.186,0.0931,-5.5019,50.489,25.523,4.861,336.88,1
28.527,14.695,2.8859,0.4746,0.3296,6.8282,27.123,4.9989,31.446,115,1
27.956,12.636,2.3738,0.5032,0.2854,20.432,9.3493,9.0105,28.29,154.56,1
21.092,10.964,2.1931,0.5513,0.2788,7.1419,-18.427,-9.1865,19.321,164.49,1
40.903,28.653,2.837,0.2809,0.1594,18.502,44.916,-3.8941,8.222,156.94,1
25.93,18.137,2.5711,0.5074,0.2671,-19.275,8.95,15.683,16.058,165.29,1
24.285,14.492,2.5641,0.4393,0.2715,-3.275,-17.998,10.417,65.156,105.29,1
16.985,11.305,2.2625,0.5683,0.2924,-1.7419,6.9044,3.4391,9.527,182.6,1
90.954,23.752,3.4208,0.1655,0.0837,32.967,77.809,-16.605,5.7787,278.87,1
20.165,7.2982,2.0737,0.7342,0.3924,2.272,-9.4558,-5.4454,37.395,203.94,1
13.341,10.509,2.3021,0.793,0.4264,-14.452,-4.1842,11.801,60.819,192.92,1
23.756,0,2.1222,0.7698,0.4415,-23.66,-17.416,0,44.916,220.78,1
30.376,18.14,2.608,0.3477,0.1837,-26.247,-14.762,14.588,35.043,146.61,1
25.623,16.428,2.5397,0.456,0.241,-12.774,-20.735,11.96,6.37,137.94,1
19.017,10.201,2.1399,0.5362,0.279,-25.417,-6.1335,-3.6276,68.886,145.37,1
24.846,0,2.2393,0.6859,0.3429,30,0,0,0.0002,120,1
25.671,10.537,2.2956,0.4861,0.2962,14.689,20.009,6.1642,9.5272,183.31,1
28.581,19.44,2.5257,0.3994,0.2012,-33.152,-22.071,17.391,8.916,184.08,1
40.588,10.661,2.5017,0.4126,0.2189,-41.555,21.089,7.5927,15.006,169.49,1
29.061,26.111,2.8993,0.2547,0.1494,2.9357,7.5591,2.1195,34.427,83.444,1
102.93,25.979,3.0871,0.1735,0.0888,97.351,32.922,7.7583,3.194,245.86,1
64.84,17.968,2.9899,0.2641,0.1448,77.091,63.889,5.0103,3.332,256.69,1
156.3,33.012,2.9312,0.2343,0.133,-154.33,-59.842,13.094,4.1613,266.75,1
32.118,12.169,2.316,0.6087,0.3406,-27.169,-24.121,-10.524,8.105,233.07,1
56.925,15.721,2.4786,0.309,0.1744,17.969,35.623,12.813,11.256,154.35,1
35.529,17.896,2.4778,0.3927,0.2113,9.4973,11.635,12.583,31.37,108.8,1
66.842,14.711,2.6335,0.3372,0.1802,48.214,61.796,-9.3751,8.368,272.43,1
14.807,7.0241,2.3334,0.8399,0.6752,-0.1555,-3.681,6.3785,63.669,178.04,1
42.169,19.974,2.5139,0.3859,0.2251,-55.99,-18.835,-18.679,5.1421,306.68,1
80.904,27.99,3.5396,0.2052,0.1168,-44.717,44.607,16.671,1.267,316.67,1
30.724,26.803,2.9727,0.2694,0.156,3.6902,22.089,-16.92,22.799,66.253,1
21.485,12.536,2.4495,0.4654,0.2682,27.595,9.4869,-8.919,18.083,210.91,1
34.884,16.964,2.7701,0.3192,0.1604,-34.976,-22.691,11.577,15.945,122.24,1
25.642,13.657,2.7206,0.3977,0.2293,-6.9371,-15.072,4.0818,25.123,85.673,1
20.221,11.167,2.3201,0.5885,0.2943,8.1697,-18.365,8.4123,38.769,206.79,1
59.782,21.807,3.2024,0.268,0.1421,-53.874,51.574,10.197,8.4866,272.83,1
37.247,19.63,2.8675,0.2822,0.1499,-16.047,-27.44,4.5182,13.753,117.41,1
23.648,14.931,2.702,0.3754,0.1877,9.5495,15.739,8.5653,3.991,140.17,1
30.367,15.663,2.7226,0.3939,0.2112,14.896,25.4,10.268,49.032,45.51,1
20.209,16.087,2.4997,0.4462,0.2326,-17.85,-13.713,-3.1458,11.052,214.07,1
40.715,12.348,2.6405,0.3799,0.2185,43.264,22.016,-7.2543,1.124,180.4,1
37.219,10.333,2.4141,0.5588,0.3449,-23.333,-21.478,-8.1819,11.386,187.72,1
70.045,18.898,3.049,0.3332,0.1871,-41.435,57.768,9.3842,15.494,285.18,1
62.792,18.479,2.857,0.296,0.1577,-72.092,30.11,-11.06,0.368,267.63,1
12.833,11.488,2.2368,0.7304,0.3913,15.201,-7.0645,11.165,62.804,197.93,1
27.475,16.397,2.968,0.3767,0.2201,19.698,14.905,2.8676,18.282,183.37,1
21.637,16.744,2.4564,0.4965,0.2605,-9.0926,-16.23,11.358,21.088,189.92,1
24.394,14.841,2.4683,0.4558,0.2466,0.759,20.343,-4.5302,31.567,207.26,1
44.139,15.664,2.9668,0.3195,0.1624,-16.409,17.92,-14.017,8.553,201.13,1
13.339,10.306,2.3395,0.8009,0.4645,-13.673,-6.0428,-11.487,52.352,44.604,1
30.581,19.22,2.6069,0.3239,0.1792,5.758,-24.947,-8.0351,84.056,85.923,1
23.352,16.828,2.5496,0.4288,0.2355,2.8999,18.149,8.919,7.2523,212.75,1
25.881,14.344,2.633,0.44,0.2643,-16.737,-9.3896,9.7724,12.054,207.22,1
20.29,11.182,2.356,0.5903,0.3282,-19.637,-19.304,10.745,9.282,198.13,1
48.05,29.188,3.3365,0.2009,0.1044,16.541,39.054,-15.23,19.96,117.14,1
37.046,17.979,2.781,0.3113,0.1581,9.6312,26.446,-9.0443,3.9171,114.9,1
26.4,16.428,2.5159,0.4634,0.279,-9.2218,-23.56,-7.1311,1.679,234.77,1
24.022,21.602,2.6812,0.3979,0.2427,19.231,-17.4,18.081,12.615,136.95,1
12.983,11.14,2.07,0.7489,0.4298,14.552,-6.5901,10.587,37.207,239.78,1
40.374,17.769,2.946,0.2446,0.1353,14.631,-9.5078,8.6715,2.4536,201.05,1
28.098,18.205,2.7011,0.3741,0.194,16.995,22.852,-13.14,26.735,153.84,1
25.78,13.736,2.4208,0.4782,0.26,-16.497,-11.75,12.384,55.153,190.89,1
102.04,53.211,4.1355,0.0865,0.0435,16.938,70.054,-39.114,6.8092,301.44,1
33.437,14.187,2.6026,0.4644,0.2459,27.603,17.64,7.2553,4.5456,236.69,1
22.441,0.0029,2.0774,0.7364,0.4393,1.0042,-8.5011,0,0.0002,121,1
76.967,36.171,3.4226,0.1164,0.0618,5.0068,74.461,-21.147,8.824,157.75,1
72.814,34.907,3.2667,0.2922,0.1631,-0.4914,18.464,20.338,12.275,338.84,1
37.714,20.762,2.902,0.3195,0.2074,15.269,37.681,-14.553,25.831,143.53,1
13.209,9.1934,2.2956,0.8456,0.5696,11.184,9.9016,10.691,46.255,188.91,1
82.245,25.517,3.5323,0.1664,0.0862,-83.729,65.823,-15.452,2.889,247,1
35.455,22.102,2.828,0.2422,0.1226,-25.312,26.005,13.845,87.928,158.72,1
25.904,10.356,2.4354,0.433,0.2294,12.819,19.287,5.2259,48.126,175.53,1
87.476,11.906,2.8612,0.2615,0.1507,100.69,78.247,3.8109,2.85,250.12,1
41.311,9.7508,2.702,0.4369,0.2731,9.485,37.101,-7.2773,0.0339,254.76,1
28.793,14.437,2.6449,0.4236,0.2344,22.529,-20.664,-11.278,86.966,26.998,1
27.867,16.674,2.6212,0.3373,0.1734,-29.721,-8.9236,-14.3,21.151,192.59,1
20.127,10.217,2.2695,0.6075,0.3683,6.1708,-16.438,10.021,8.229,125.33,1
12.531,11.924,2.0314,0.6884,0.3674,16.38,-10.122,-7.3178,49.895,164.83,1
41.4,17.067,3.1413,0.2867,0.1593,12.373,34.377,8.9352,8.728,179.32,1
31.429,14.775,2.7547,0.3764,0.2102,4.587,15.42,8.7109,5.278,201.89,1
38.834,11.412,2.711,0.3696,0.2072,-1.5726,14.238,-8.5852,8.4716,208.87,1
29.001,18.317,3.066,0.3282,0.1826,13.757,-18.541,11.376,1.14,193.67,1
21.955,17.539,2.5514,0.4691,0.2542,-9.8017,10.178,5.9304,77.906,25.817,1
48.401,24.271,3.079,0.2443,0.1296,46.785,34.782,13.903,0.839,183.87,1
28.412,15.216,2.2934,0.4784,0.257,-36.578,-16.705,-16.641,10.569,178.51,1
39.351,26.258,3.0406,0.1767,0.0906,-28.398,-21.481,-13.905,9.66,211.03,1
86.925,19.9,2.9077,0.2375,0.1194,-160.22,77.684,8.3667,7.553,275.1,1
36.568,18.568,2.8445,0.3104,0.201,15.774,26.764,11.551,15.939,135.91,1
37.13,20.657,2.9335,0.2238,0.1148,3.84,-19.971,-6.2125,1.92,200.62,1
29.61,15.535,2.3608,0.488,0.2636,31.317,22.996,15.031,60.281,246.74,1
86.762,16.659,2.9991,0.2725,0.1618,-54.748,40.596,14.646,5.057,285.25,1
72.173,28.195,3.3085,0.2605,0.1507,-37.782,55.541,-28.497,4.71,324.8,1
29.623,11.98,2.4728,0.4108,0.2138,38.443,19.205,10.638,19.914,108.28,1
34.998,10.432,2.4914,0.4677,0.2597,-17.125,-29.305,5.0799,9.4498,192.55,1
24.51,0,2.0473,0.6996,0.3722,27.848,12.498,0,14.177,106.08,1
88.548,34.229,3.4583,0.2993,0.1624,25.778,-29.017,-23.407,1.4057,386.99,1
18.019,10.74,2.1492,0.5532,0.2943,-0.9864,6.475,5.0852,43.188,285.06,1
36.466,16.43,2.5058,0.3869,0.2075,46.708,23.781,-15.267,12.985,151.52,1
34.387,31.624,3.2924,0.2198,0.1217,21.15,28.016,-25.055,20.77,106.63,1
33.349,15.264,2.4346,0.4265,0.2371,3.3723,-21.526,-7.8891,43.507,44.962,1
20.89,9.8119,2.2601,0.6593,0.3544,-21.049,-18.37,11.341,37.22,186.98,1
98.496,27.893,3.6768,0.1526,0.0799,-37.638,70.658,-15.873,3.663,291.55,1
73.918,21.695,3.0661,0.1992,0.1155,75.501,56.131,-13.629,0.772,234.24,1
101.95,33.703,3.8649,0.1166,0.0619,60.325,92.978,-19.751,0.775,300.31,1
105.4,18.861,2.7451,0.2968,0.1718,-96.806,33.454,-13.96,12.071,237.88,1
12.927,11.209,2.2109,0.7385,0.4338,-14.588,7.502,9.4163,68.723,71.174,1
34.79,22.694,3.3034,0.2606,0.144,-2.9048,21.261,15.109,29.819,59.614,1
60.038,19.016,3.0116,0.2736,0.1426,53.897,43.878,19.727,4.4858,241.82,1
81.525,35.315,3.5215,0.2603,0.1332,-60.29,-60.746,-23.313,4.049,374.42,1
46.536,20.544,3.1905,0.2341,0.1216,47.113,27.916,12.189,0.129,256.88,1
33.357,18.85,2.5527,0.3221,0.1695,27.677,-15.897,-11.396,15.405,227.73,1
73.054,21.531,3.1984,0.2223,0.1206,-65.389,38.113,17.144,1.1614,296.17,1
28.972,12.759,2.5955,0.533,0.3058,23.041,23.532,-7.9666,10.533,162.25,1
42.531,24.629,3.0116,0.2278,0.1222,11.54,37.543,15.788,27.413,250.68,1
64.989,26.144,3.4635,0.1675,0.0858,14.463,59.485,-10.293,1.798,230.6,1
52.146,15.566,2.8666,0.2828,0.1638,56.354,19.926,10.064,3.901,187.5,1
21.934,11.003,2.3424,0.6045,0.3568,20.496,20.4,11.012,18.299,159.7,1
22.187,12.71,2.1931,0.6026,0.3301,14.125,11.242,-9.5223,74.228,152.05,1
19.993,12.087,2.4354,0.5725,0.3982,16.141,16.324,9.4374,12.772,193.89,1
25.477,7.5159,2.3404,0.6804,0.3493,12.41,-14.659,6.4172,5.854,171.21,1
46.273,20.833,3.4422,0.2648,0.1476,11.36,43.057,-8.9649,2.9498,250.51,1
20.542,9.6425,2.2095,0.6296,0.3796,-5.2476,15.84,-10.495,20.592,149.56,1
22.016,15.76,2.444,0.4173,0.2104,-23.012,-8.201,8.0787,55.134,229.63,1
23.052,15.142,2.3838,0.438,0.2624,13.556,15.807,11.783,54.648,129.67,1
92.73,24.59,3.1638,0.2373,0.1396,-42.644,76.311,21.767,0.9268,319.05,1
31.591,10.548,2.4526,0.5044,0.2981,-23.687,-26.5,-5.8815,27.141,182.47,1
98.672,38.611,3.8953,0.1425,0.0715,-178.77,71.312,26.819,0.6137,362.34,1
64.355,28.444,3.3717,0.1576,0.0797,82.157,48.091,21.985,4.575,213.57,1
61.483,16.229,2.9063,0.3102,0.1632,59.135,52.079,-5.7285,3.9773,147.17,1
23.975,13.924,2.3454,0.4831,0.246,-23.18,-14.18,4.9188,4.1125,237.02,1
35.711,18.373,2.9378,0.3785,0.2349,26.089,29.884,-14.342,3.7819,176.3,1
78.582,20.096,3.0137,0.1531,0.079,13.815,62.895,-11.014,4.067,199.86,1
21.264,12.359,2.2613,0.4822,0.2603,-27.549,-10.131,-10.189,10.85,158.97,1
24.494,18.355,2.4191,0.3657,0.2,-23.701,17.447,-6.5919,46.942,186.32,1
83.474,27.062,3.2782,0.2382,0.1547,3.1753,61.1,12.768,2.2974,344.01,1
23.448,9.4543,2.2148,0.5793,0.314,30.858,-13.93,10.052,4.141,60.683,1
109.23,19.089,3.2253,0.1994,0.1104,43.827,71.912,7.7604,4.305,278.13,1
27.383,12.928,2.5521,0.3619,0.1837,-28.295,-12.794,-7.2412,7.913,122.84,1
38.471,9.7177,2.3636,0.6147,0.3615,19.434,28.528,4.484,7.346,207.76,1
37.141,22.628,2.9269,0.2331,0.1189,-6.7854,20.568,-9.823,11.706,196.99,1
49.739,18.045,3.2368,0.2041,0.1052,-11.057,38.781,12.669,5.3168,246.11,1
62.209,19.551,2.972,0.2272,0.12,57.712,33.967,-15.245,1.9962,239.39,1
37.689,15.692,2.5977,0.3384,0.1806,-30.807,16.042,7.9877,11.546,215.24,1
20.293,9.4958,2.2923,0.6582,0.3852,-6.1566,16.022,10.791,28.986,123.6,1
19.707,18.124,2.2765,0.5608,0.3148,-27.841,16.282,-8.9099,46.142,138.79,1
38.339,18.241,2.6928,0.3266,0.1957,44.386,-24.93,15.502,7.116,241.75,1
34.108,31.929,3.5937,0.2444,0.1306,-3.9011,17.404,-21.466,57.027,61.734,1
31.509,15.396,2.7619,0.4291,0.2569,12.135,-24.652,-7.4766,20.855,182.6,1
13.194,10.574,2.1351,0.7839,0.4652,-13.673,-4.6234,-11.081,39.912,121.68,1
49.758,19.769,3.0594,0.2372,0.1234,-1.5516,43.927,16.147,7.6551,215.97,1
48.465,21.124,3.2146,0.2508,0.1412,28.33,43.539,8.5129,13.183,270.75,1
12.799,11.525,2.1446,0.724,0.3978,-15.302,8.1085,10.402,52.052,227.11,1
30.181,12.909,2.4771,0.3833,0.195,11.203,20.538,-5.1373,11.423,86.461,1
40.767,16.941,2.6444,0.2721,0.1395,-33.388,-27.085,8.2668,6.235,181.17,1
95.572,29.177,3.3524,0.2212,0.1224,-5.6521,-7.9173,-14.251,0.239,354.17,1
29.176,23.236,2.9664,0.2788,0.1745,2.0567,16.9,-6.5657,34.452,100.67,1
35.045,21.804,2.8814,0.2457,0.1281,-13.137,-31.952,13.701,2.232,219.48,1
33.106,11.814,2.3191,0.4221,0.2182,48.399,-19.185,-6.1835,4.0681,137.83,1
25.514,12.238,2.5658,0.4293,0.216,-23.361,5.0327,8.735,13.114,200.45,1
64.852,18.507,3.0959,0.2438,0.1504,50.159,60.128,14.993,4.86,232.17,1
20.23,9.3055,2.3118,0.6098,0.3341,24.465,9.426,3.464,9.4872,183.01,1
40.025,34.557,2.7517,0.1949,0.1054,61.947,9.9056,-25.222,8.8581,201.67,1
44.153,15.077,2.7312,0.3305,0.1736,-26.805,-28.192,-8.1179,10.434,219.61,1
90.269,28.701,3.9116,0.1438,0.0743,87.095,81.502,11.911,1.1204,269.29,1
36.655,19.226,2.9872,0.2492,0.1323,32.259,14.036,-10.512,5.529,220.15,1
80.744,34.779,3.5449,0.1038,0.0583,40.288,66.184,9.5819,3.0108,207.34,1
31.507,20.805,2.8932,0.3107,0.1656,17.587,-18.716,8.59,7.6688,120.82,1
56.523,13.945,2.732,0.4004,0.2382,-27.717,-48.594,-5.6678,17.637,104.8,1
88.242,23.557,3.2518,0.2117,0.1246,56.955,74.749,9.2702,2.231,244.21,1
74.035,17.977,2.8943,0.2972,0.1792,-60.124,-45.295,-18.789,3.783,280.26,1
40.905,26.954,3.008,0.1944,0.1144,13.335,27.682,-7.4423,18.15,175.54,1
37.174,12.267,2.7589,0.4425,0.3145,33.676,32.534,-9.9795,5.941,201.23,1
74.319,23.418,3.4752,0.1624,0.0892,33.727,60.149,11.489,1.714,249,1
25.698,17.976,2.7899,0.3358,0.1906,8.0978,19.048,7.7408,32.883,138.13,1
13.224,10.428,2.2055,0.7913,0.4766,-13.41,-5.7389,-11.055,81.787,226.89,1
20.611,17.602,2.2911,0.4962,0.2788,11.311,-13.172,-7.8231,65.696,71.175,1
19.223,12.899,2.4495,0.5364,0.3179,9.6406,15.3,7.7947,22.336,224.07,1
26.812,18.749,2.6968,0.4342,0.2503,1.7584,27.179,-8.881,36.997,168.18,1
56.23,19.047,2.6826,0.2326,0.1194,54.139,-44.031,-17.195,39.096,158.84,1
24.754,15.367,2.6693,0.4304,0.2666,-10.91,-15.347,7.97,26.265,202.56,1
17.703,12.58,2.4289,0.6108,0.3408,-3.6221,12.005,-7.6815,26.508,150.67,1
35.695,28.383,3.5252,0.2396,0.129,-13.425,-22.898,8.6086,72.171,38.662,1
22.04,6.7262,2.1508,0.7208,0.3781,25.099,8.7313,6.6855,14.345,133.44,1
30.747,18.46,2.6493,0.3094,0.1693,34.354,-12.706,7.34,12.562,195.93,1
56.066,18.103,2.8672,0.2553,0.1297,38.002,29.086,14.77,3.0836,223.24,1
20.704,6.6898,2.1717,0.7811,0.4815,19.456,15.86,-5.8671,10.772,97.666,1
86.959,33.036,3.5415,0.2245,0.141,11.242,53.969,-23.334,0.296,341.69,1
18.312,12.693,2.437,0.5448,0.3309,1.0374,-8.023,-9.5588,59.809,159.31,1
26.655,19.372,2.8017,0.3899,0.2013,37.822,12.95,-15.793,19.899,203.36,1
26.434,10.213,2.2889,0.4216,0.2134,-6.598,-19.516,-6.3451,32.911,213.33,1
48.35,13.792,2.7597,0.3165,0.1835,-32.139,29.535,11.817,18.51,202.22,1
67.875,23.598,3.4861,0.2237,0.1135,54.153,68.055,-12.368,0.505,174.16,1
27.307,19.721,2.6968,0.3337,0.1779,-10.203,19.544,-9.9222,28.615,47.664,1
35.595,10.932,2.3729,0.6695,0.4386,-34.459,-23.94,7.4962,79.849,152.48,1
49.863,17.827,3.0026,0.1988,0.1009,-21.056,15.498,-11.397,3.4411,129.15,1
22.65,21.027,2.8648,0.4096,0.23,20.084,19.282,14.07,59.259,70.241,1
24.634,15.327,2.3304,0.3832,0.1939,11.202,11.555,13.886,54.418,258.64,1
83.894,20.016,3.2446,0.201,0.1062,59.446,62.974,-8.0126,8.8829,246.75,1
28.375,24.7,2.7616,0.2892,0.1636,2.1153,-16.147,10.684,21.852,105.86,1
31.476,22.019,2.8439,0.3481,0.2271,22.425,26.775,19.118,40.964,177.74,1
90.557,31.282,3.5124,0.2001,0.1292,-30.207,66.971,16.047,1.9149,331.59,1
35.279,19.454,2.8831,0.3534,0.18,16.816,25.961,-11.225,15.258,205.47,1
20.04,18.142,2.6258,0.3527,0.1811,-1.6174,9.6775,-8.7658,65.186,128.34,1
18.044,10.428,2.3139,0.6117,0.3471,21.322,11.449,4.4516,26.162,138.59,1
138.25,24.847,2.7226,0.2936,0.1487,-81.688,-169.19,-14.753,45.867,188.46,1
74.631,33.784,3.1666,0.1417,0.0787,3.0918,-76.354,-14.395,28.306,78.516,1
26.858,11.854,2.5079,0.4161,0.2345,-6.8675,-20.41,10.528,17.677,154.53,1
25.458,9.9035,2.4417,0.5606,0.3309,27.327,22.319,-6.5701,3.363,158.25,1
67.256,22.766,3.3872,0.1915,0.0986,54.915,60.997,13.481,4.6353,265.66,1
51.177,20.591,3.3264,0.2349,0.1323,11.545,44.22,10.486,1.203,178.25,1
21.65,11.553,2.3646,0.5313,0.27,-2.0157,10.514,-11.621,89.625,111.02,1
49.042,22.099,2.9165,0.2691,0.1461,51.596,26.942,7.0964,2.183,210.43,1
44.22,25.075,3.2393,0.2271,0.115,7.3612,29.931,-21.138,22.582,166.37,1
77.02,33.538,3.9439,0.1039,0.0524,-2.118,73.176,-12.335,2.8361,232.46,1
46.44,17.655,2.8879,0.2485,0.1366,45.524,35.606,-8.1566,2.4723,200.27,1
29.402,15.837,2.7604,0.4236,0.237,11.379,-17.949,9.485,3.0127,139.4,1
25.649,16,2.6212,0.3541,0.2022,11.438,13.693,9.6423,24.954,162.97,1
46.771,21.069,2.9523,0.2489,0.1412,46.901,33.136,8.0244,6.4139,211.96,1
83.305,21.464,3.0953,0.2128,0.124,-40.896,70.631,-16.666,1.494,300.26,1
33.86,22.847,3.0073,0.2901,0.1568,6.0886,-15.941,-14.621,8.9398,111.11,1
95.318,35.318,3.7552,0.1783,0.0964,-39.852,67.284,-13.359,5.0683,290.64,1
24.458,13.976,2.3375,0.492,0.3011,10.146,13.451,12.845,54.494,189.48,1
62.144,26.669,3.3834,0.1708,0.0904,67.326,55.986,-18.765,7.926,223.01,1
36.682,21.206,2.7308,0.2714,0.1422,37.649,12.507,10.484,9.2874,140.93,1
50.77,19.393,2.9581,0.2522,0.1415,65.337,-32.338,-16.29,4.232,169.5,1
25.877,14.952,2.2279,0.5503,0.2929,24.172,15.18,-3.4092,27.242,147.7,1
12.859,11.466,2.1945,0.7348,0.3738,-15.066,4.3276,-11.682,28.704,87.666,1
34.432,14.967,2.4654,0.4075,0.2277,2.1277,-19.542,-13.346,80.296,71.533,1
95.506,30.796,3.7743,0.1688,0.0948,-85.581,75.014,-17.543,2.627,314,1
91.613,21.572,3.125,0.168,0.0844,-96.806,80.674,-12.798,0.019,243.68,1
76.763,12.682,2.7016,0.3658,0.2256,35.962,80.325,-9.666,6.853,218.79,1
33.444,18.441,3.0013,0.2742,0.16,3.3468,-24.11,9.1591,5.6137,241.96,1
13.361,10.517,2.1833,0.7934,0.4033,14.885,2.5413,-11.899,43.485,230.57,1
18.138,10.524,2.2041,0.5875,0.3219,22.413,10.491,4.1503,63.186,167.93,1
91.331,32.297,3.3411,0.1573,0.096,-104.62,-22.139,-11.9,1.653,257.15,1
105.5,24.567,3.2654,0.2518,0.1636,-12.516,-45.469,-21.926,0.965,328.71,1
60.514,21.875,3.021,0.1963,0.1034,-110.51,36.335,9.2767,6.909,252.78,1
24.662,14.429,2.4969,0.4968,0.2723,30.994,16.544,-12.345,0.9875,134.91,1
26.75,15.624,2.7235,0.3781,0.2013,7.5013,19.633,-8.3525,15.426,214.84,1
18.288,12.989,2.4023,0.5149,0.2673,-14.277,-7.229,-3.9326,48.039,157.53,1
20.026,12.432,2.4749,0.4992,0.2663,0.6385,-10.623,8.6272,28.966,46.745,1
62.239,17.265,2.7738,0.3266,0.1726,51.49,49.13,-9.5043,11.48,263.4,1
29.737,21.299,2.4526,0.3774,0.2169,-13.127,-16.854,-15.399,43.616,106.01,1
27.929,12.29,2.4691,0.5263,0.3209,-2.1073,17.98,-8.8211,4.7018,146.32,1
65.338,27.563,3.363,0.1985,0.1207,-66.997,37.025,18.133,0.847,294.51,1
33.801,16.538,2.4409,0.4022,0.2264,36.109,-21.656,8.689,0.6014,95.053,1
33.554,13.295,2.7271,0.4349,0.3008,12.613,18.84,-9.8063,5.2729,180.28,1
65.739,24.764,3.4049,0.1779,0.1175,13.602,41.476,-17.732,2.7714,223.68,1
16.962,7.3198,2.2343,0.828,0.5685,-2.8022,-5.5395,5.3377,82.758,113.97,1
18.36,12.549,2.5004,0.5845,0.327,16.684,13.491,-6.4762,9.025,134.53,1
17.135,11.155,2.356,0.5771,0.3194,2.1347,-7.3279,-5.7304,8.1236,186.06,1
24.793,17.45,2.7536,0.4109,0.2284,-0.1667,-9.03,-15.292,5.178,197.25,1
63.725,26.833,3.2632,0.2057,0.1121,-47.201,58.935,-24.653,3.4161,291.71,1
28.528,7.7124,2.3181,0.5769,0.3245,-13.49,12.372,-5.2255,21.433,196.47,1
43.369,17.469,3.0565,0.2616,0.1462,5.997,29.224,-12.376,0.3246,188.12,1
30.793,12.386,2.7131,0.3562,0.1926,42.155,14.327,-10.624,5.0435,207.78,1
37.686,14.491,2.5694,0.3342,0.1712,23.356,26.526,9.8269,0.588,182.01,1
79.495,21.611,3.123,0.2282,0.1337,46.012,86.586,15.554,0.3713,290.99,1
34.656,21.137,2.9112,0.2896,0.1528,43.22,29.93,-12.681,24.765,55.663,1
20.502,12.846,2.3551,0.4636,0.2406,10.69,9.2295,-7.0849,1.3685,177.41,1
106.65,46.382,3.9923,0.071,0.0356,85.787,91.124,-27.461,3.207,216.08,1
31.129,17.321,2.7796,0.309,0.1769,20.149,15.548,-13.627,5.722,229.42,1
85.265,24.641,3.2977,0.1738,0.0894,-60.931,77.588,-18.354,4.185,280.58,1
93.026,23.209,2.8968,0.2651,0.1427,70.556,84.475,-22.286,0.2526,310.38,1
19.836,12.873,2.4273,0.5009,0.2785,13.835,12.918,7.3638,15.629,58.976,1
17.13,15.202,2.2577,0.6575,0.4116,2.2301,15.146,7.809,80.6,159.32,1
37.452,18.975,2.7054,0.3429,0.1823,-29.311,18.916,14.475,13.141,193.7,1
65.524,24.901,3.5027,0.1691,0.0866,34.609,35.69,-15.231,5.325,231.69,1
45.983,21.412,2.9325,0.2734,0.1408,-4.4598,40.515,18.875,15.133,187.89,1
91.525,18.032,2.8603,0.2966,0.1731,46.977,92.058,-12.634,5.0549,205.35,1
104.58,37.813,4.1169,0.0853,0.0427,106.45,85.852,-16.717,0.111,303.17,1
42.686,16.087,2.7105,0.3369,0.1743,49.833,33.317,-9.7513,0.8095,153.29,1
74.841,29.097,3.6868,0.1415,0.0795,35.822,63.402,15.756,10.017,191.94,1
13.13,10.943,2.1319,0.7675,0.417,14.606,-3.9424,-11.626,21.878,67.132,1
32.278,21.383,2.7941,0.2859,0.1486,5.5036,-15.894,18.914,0.428,251.05,1
50.532,26.617,3.5064,0.2103,0.122,3.472,53.08,-12.805,3.431,211.48,1
26.893,10.179,2.3829,0.5052,0.2588,10.088,21.746,-5.5168,11.658,136.79,1
65.722,23.666,3.2913,0.1989,0.103,69.482,53.468,11.767,3.3145,219.85,1
12.86,11.34,2.1287,0.7212,0.4275,14.855,-8.4364,-6.8675,41.471,169.02,1
21.015,11.185,2.3304,0.5701,0.2967,20.88,19.335,10.045,3.9389,188.34,1
20.557,14.139,2.6425,0.4875,0.2995,1.5649,-10.102,8.1554,39.242,219.02,1
48.752,13.504,2.8215,0.3424,0.2119,-8.2198,-30.474,5.9383,6.9178,200.1,1
50.2,22.368,3.1778,0.178,0.0946,16.481,27.047,-17.676,12.513,211,1
24.543,12.296,2.2878,0.6134,0.4046,-25.234,-15.464,7.1602,79.211,197.5,1
46.612,23.637,3.1575,0.263,0.1347,32.122,39.32,15.718,1.0271,269.66,1
63.976,11.64,2.6048,0.5217,0.2944,-77.417,-17.199,11.869,13.222,286.22,1
18.255,10.531,2.233,0.5789,0.3012,-1.6564,7.839,-5.5313,0.535,76.437,1
12.578,11.87,2.0774,0.7029,0.3556,-15.285,5.5769,-11.36,58.154,104.66,1
12.782,11.58,2.0314,0.7256,0.3767,15.235,-6.2252,11.456,68.355,226.33,1
29.606,18.317,2.6207,0.3162,0.1617,-25.101,8.5763,-11.378,9.0521,134.29,1
86.757,1.2098,2.3997,0.6813,0.3805,-30.153,-71.157,0.6234,2.9754,331.48,1
20.566,12.705,2.4907,0.4653,0.2375,14.274,11.755,9.3091,9.632,89.108,1
104.44,26.836,3,0.218,0.1315,-113.72,-62.696,14.852,3.2824,285.61,1
12.97,11.082,2.1804,0.7459,0.4455,14.296,-6.8769,-9.452,55.885,164.66,1
61.234,12.979,2.941,0.3391,0.2079,44.074,53.679,-9.7994,5.7324,146.19,1
22.768,10.879,2.2577,0.6077,0.3343,16.847,18.418,5.1345,19.764,147.73,1
32.746,23.352,2.6026,0.3196,0.1835,12.205,-25.385,-19.112,27.897,98.296,1
25.516,15.235,2.5472,0.3376,0.1716,-6.0177,-15.775,5.9165,6.024,175.89,1
103.09,17.104,2.8028,0.3087,0.1614,-116.27,53.46,-10.604,1.171,214.23,1
12.772,11.547,2.07,0.7149,0.4043,-15.386,8.95,8.5673,87.998,213.52,1
42.156,33.11,3.5327,0.1836,0.1013,13.242,34.605,-19.689,49.156,181.63,1
40.364,16.098,2.8218,0.3361,0.1816,17.623,38.784,-4.1778,4.31,251.99,1
21.744,6.3074,2.2683,0.7601,0.504,19.703,16.827,6.5081,11.632,177.4,1
26.911,15.074,2.4158,0.3685,0.2207,16.322,-11.762,9.8615,15.047,67.585,1
67.339,20.073,2.8727,0.2373,0.1213,-57.813,50.13,4.2402,0.4888,283.35,1
85.926,25.856,3.5283,0.1849,0.0958,-51.201,68.503,7.9699,10.005,276.34,1
53.354,25.362,2.7059,0.2657,0.1388,-87.007,56.103,-16.899,1.0329,179.67,1
14.632,12.242,2.3243,0.6825,0.4052,0.6847,3.2344,-7.6145,74.776,95.656,1
39.088,27.089,2.9393,0.2944,0.1639,18.649,-26.607,23.932,43.075,76.727,1
20.569,16.362,2.3829,0.5217,0.3002,12.108,19.624,12.631,13.891,172.66,1
29.352,11.725,2.3802,0.3583,0.1812,-9.3683,-20.668,10.144,47.188,107.7,1
73.55,30.892,3.4502,0.1794,0.1005,79.415,60.588,-19.829,2.0523,187.3,1
24.224,0,2.2028,0.6771,0.348,0,0,-5.4495,90,90.188,1
58.775,27.241,2.9261,0.4197,0.2258,-14.053,-45.345,22.414,0.2638,316.4,1
52.117,27.775,3.4301,0.1932,0.1165,21.657,41.649,-20.888,1.9066,231.78,1
39.797,19.681,2.8296,0.2665,0.1355,-52.297,14.795,-9.7234,4.4105,186.21,1
53.62,17.572,2.6201,0.3885,0.2458,-74.808,32.891,-14.665,5.4254,287.83,1
88.745,29.719,3.6021,0.185,0.1104,50.75,83.489,-14.387,3.4725,288.94,1
80.832,25.883,3.1641,0.1995,0.1032,-83.401,53.81,11.932,6.6579,248.53,1
25.479,18.792,2.616,0.4286,0.2845,0.2735,-13.388,-11.62,87.4,263.87,1
38.86,19.207,2.8946,0.311,0.1931,10.409,35.667,14.727,5.8146,141.76,1
30.027,11.925,2.4955,0.4153,0.2157,-36.995,-23.549,10.953,39.162,50.658,1
24.471,0,2.0273,0.7136,0.3897,0,0,14.108,43.301,214.2,1
23.556,13.454,2.3191,0.4652,0.2662,24.894,13.477,-5.9003,1.5306,179.95,1
37.865,19.698,3.0372,0.3185,0.1859,24.736,31.6,15.527,0.759,161.45,1
33.86,12.909,2.5159,0.4451,0.2302,-51.814,26.426,2.5037,7.0281,204.82,1
32.341,14.472,2.7466,0.4014,0.2213,39.086,29.029,-14.132,9.1118,247.19,1
39.849,12.35,2.6726,0.3146,0.1605,27.671,28.567,-5.9798,2.2185,186.48,1
44.294,9.8286,2.4322,0.61,0.3789,-6.6478,23.328,12.135,47.561,352.88,1
23.201,9.7733,2.2788,0.5579,0.2921,-25.585,-17.104,-10.658,30.741,52.986,1
18.787,14.926,2.4778,0.589,0.3544,17.466,19.53,5.2635,28.26,91.751,1
17.697,10.935,2.2253,0.5417,0.3006,-0.4971,4.9412,5.1002,25.601,172.15,1
35.994,20.099,2.9666,0.2613,0.1496,20.779,28.757,4.268,4.761,151.19,1
26.577,19.369,2.6684,0.3369,0.1749,-0.6554,-22.8,12.32,17.599,133.29,1
90.651,40.02,3.9078,0.1512,0.0766,-33.811,44.695,-17.108,0.568,346.73,1
18.956,7.4618,2.1804,0.7591,0.4653,1.6244,-6.8221,3.6768,59.64,111.59,1
67.965,12.955,2.8639,0.3502,0.1963,28.844,71.896,3.5926,10.28,234.71,1
19.55,10.763,2.3201,0.6077,0.3421,8.3626,-17.38,-10.092,17.368,173.39,1
23.676,16.035,2.5072,0.3733,0.1975,-21.014,-11.86,11.843,3.9228,98.009,1
84.993,40.661,3.3775,0.221,0.1386,24.145,29.988,-22.121,0.546,385.82,1
45.635,29.542,3.0761,0.2375,0.1515,-16.584,-27.805,22.557,8.357,199.56,1
26.933,16.408,2.5447,0.408,0.2126,-31.816,9.9184,7.2516,32.125,64.32,1
15.439,12.037,2.4472,0.6464,0.3482,0.6204,-2.7185,-5.4146,24.17,143.29,1
62.002,31.907,3.5554,0.1492,0.0792,67.337,48.639,-13.435,0.505,204.32,1
43.848,25.163,3.3698,0.2168,0.1146,16.173,37.845,5.569,3.636,226.59,1
69.058,27.242,3.5735,0.1332,0.0709,85.041,59.41,-8.6602,1.548,251.88,1
39.374,21.415,3.2118,0.2162,0.1084,-12.17,18.136,7.5088,4.823,155.24,1
24.546,15.958,2.3589,0.512,0.3304,-15.091,10.718,15.776,35.198,256.2,1
87.572,30.829,3.8825,0.155,0.0783,38.211,87.438,17.845,5.917,246.52,1
20.003,12.032,2.4141,0.5241,0.3064,-0.0942,9.9053,-9.8502,44.832,53.325,1
72.311,20.781,3.049,0.2144,0.1184,-94.029,46.897,16.503,0.064,247.03,1
63.71,14.915,3.124,0.1924,0.0966,32.966,41.593,-9.4259,0.2853,220.16,1
42.3,15.251,2.4764,0.3472,0.1753,-33.265,23.131,-8.3025,11.149,163,1
54.223,22.316,3.3312,0.18,0.0921,-4.4633,19.504,7.054,7.4935,204.33,1
91.155,47.763,3.9472,0.1386,0.0707,84.11,63.586,10.282,4.456,350.53,1
30.188,26.17,2.6212,0.7033,0.4988,-5.8413,23.739,-22.059,31.089,363.87,1
13.594,9.9525,2.273,0.8213,0.4133,-14.94,-2.4751,-11.826,54.213,102.13,1
16.294,11.674,2.2175,0.6061,0.3121,-0.6496,4.2408,3.6964,81.919,182.05,1
29.133,12.374,2.7003,0.3908,0.1964,-41.003,-13.828,-6.8114,1.2986,96.27,1
33.619,9.0267,2.4713,0.4662,0.2584,-1.0379,-20.195,-2.6969,11.737,237.23,1
21.523,11.955,2.4949,0.5408,0.3152,26.416,8.6878,5.4546,4.725,222.62,1
63.642,14.514,2.8938,0.3946,0.288,-58.333,-25.018,-7.2347,2.231,271.86,1
27.548,9.8375,2.3473,0.4494,0.2315,15.124,18.348,-4.1184,3.686,196.06,1
34.105,11.555,2.5321,0.4552,0.2746,-13.268,23.855,-5.2855,12.88,194.69,1
20.503,12.812,2.3627,0.4772,0.2712,13.66,13.494,-8.2177,11.451,153.19,1
76.58,26.804,3.1535,0.2788,0.1717,-28.986,59.057,25.942,5.9878,300.38,1
63.416,23.38,3.2537,0.2175,0.109,32.516,47.622,17.024,5.719,240.24,1
68.624,36.4,3.8632,0.1133,0.0569,40.959,53.639,20.774,3.3842,207.3,1
36.438,13.526,2.7679,0.3157,0.1783,-2.8275,-21.006,-5.8512,3.596,154.99,1
12.958,11.03,2.0846,0.7407,0.4568,14.084,-6.9409,7.7325,54.137,139.36,1
95.271,37.531,3.8555,0.1594,0.0852,10.091,64.742,19.854,2.211,368.72,1
29.824,15.001,2.7139,0.3594,0.1961,-5.1172,7.1687,-5.4743,11.359,74.421,1
38.515,19.807,2.8885,0.3116,0.1816,8.3491,-25.235,-17.393,9.826,225.19,1
12.715,11.681,2.1351,0.7179,0.37,15.308,-6.3158,-11.411,11.412,203.5,1
19.708,16.424,2.5717,0.4316,0.2319,-1.4342,11.55,6.4825,10.441,224.01,1
75.873,40.564,3.3515,0.2039,0.12,74.72,63.176,-57.441,7.21,225.29,1
49.387,19.679,3.0519,0.2396,0.1247,-30.566,35.338,8.5862,5.7179,254.74,1
27.87,22.266,3.1041,0.2526,0.1341,5.6966,-10.326,6.2291,18.606,133.02,1
76.619,22.454,3.6042,0.1833,0.0932,62.681,67.276,12.681,1.2024,218.21,1
50.438,16.474,2.7597,0.2957,0.1557,-10.019,-32.84,6.0109,6.013,156.32,1
29.102,16.711,2.6196,0.3169,0.1597,-25.746,-14.228,-8.8044,31.366,89.432,1
82.289,29.461,3.5923,0.1744,0.0904,61.299,60.654,-6.6126,0.5058,322.71,1
28.907,15.825,2.6425,0.3462,0.1948,-0.9586,15.743,11.422,23.972,164.34,1
26.52,7.0751,2.3324,0.6047,0.3698,10.24,15.112,-4.3881,82.161,233.69,1
20.772,12.685,2.3064,0.4889,0.2494,-26.161,-13.238,9.5112,23.675,154.8,1
85.112,30.076,3.6711,0.1177,0.0619,94.043,56.93,7.3804,1.627,243.7,1
39.998,25.393,3.268,0.1991,0.1001,-0.233,27.034,14.371,13.039,109.17,1
22.014,16.488,2.6508,0.4313,0.2246,-19.635,-15.275,-12.371,17.192,91.236,1
112.46,31.012,3.1564,0.2023,0.1308,93.519,112.79,-10.919,4.728,170.06,1
25.651,15.652,2.6527,0.4672,0.257,22.899,22.1,-5.9987,0.653,153.39,1
29.548,11.797,2.3883,0.4908,0.2965,37.003,-9.5899,6.3568,20.763,219.03,1
32.796,11.586,2.527,0.4487,0.2749,25.099,19.838,10.889,23.549,129.15,1
28.248,20.191,2.6444,0.4286,0.2438,14.229,-7.3477,14.412,9.5917,122.12,1
24.741,11.836,2.3892,0.4571,0.2796,-11.085,-12.367,7.0254,78.901,156.78,1
35.593,25.312,3.2638,0.2414,0.1446,28.284,31.052,1.4324,10.241,132.9,1
48.234,16.913,2.74,0.3385,0.2047,32.624,43.885,5.155,3.616,163.2,1
36.948,21.853,2.74,0.3185,0.1665,57.906,-12.421,12.201,14.432,225.28,1
32.423,20.746,2.842,0.305,0.1619,-0.1875,-21.544,10.671,23.796,212.01,1
42.468,23.136,2.9985,0.2037,0.1029,-3.4282,-28.177,14.644,12.219,203.91,1
18.709,16.336,2.2999,0.4862,0.2431,11.552,17.672,-11.003,73.163,206.96,1
33.134,15.771,2.4456,0.4229,0.2204,-6.2112,-19.559,9.0597,22.962,252.88,1
26.297,22.833,2.8633,0.3219,0.1979,28.837,16.469,10.935,10.619,160.25,1
84.646,18.603,2.5315,0.4294,0.2221,-42.173,-52.651,15.694,2.259,318.73,1
42.687,15.918,2.8482,0.2298,0.1213,14.126,-11.629,10.153,3.732,238.44,1
41.111,17.945,2.9506,0.2387,0.1238,-18.29,28.156,-7.8675,10.638,161.2,1
44.624,21.298,2.8466,0.2206,0.1203,-26.688,-5.6345,-10.882,8.758,155.42,1
73.28,30.937,3.8598,0.1554,0.0785,14.541,68.036,-27.065,1.0024,230.91,1
20.887,11.921,2.3454,0.5463,0.2867,-25.914,-12.176,10.848,10.379,160.84,1
64.447,23.993,2.932,0.2105,0.1129,13.582,48.003,-15.795,18.364,120.43,1
85.703,28.24,3.7542,0.1578,0.088,-65.175,80.498,-6.7848,0.358,265.24,1
19.797,7.3536,2.0952,0.747,0.4137,-2.4223,9.1781,-5.0206,77.4,195.27,1
37.129,15.364,2.6628,0.3087,0.1707,51.844,25.876,-12,14.16,277.38,1
56.52,12.9,2.3766,0.4244,0.2248,55.048,41.577,-6.8586,7.327,159.93,1
21.514,15.607,2.5211,0.4096,0.2214,20.872,11.476,-7.4301,10.089,106.85,1
54.541,21.891,2.6449,0.4507,0.2435,-25.998,-41.099,-13.88,14.244,327.87,1
64.054,22.936,2.9566,0.4133,0.2238,-19.293,-37.196,16.916,4.1447,317.99,1
59.557,20.793,3.0368,0.2618,0.1493,-55.846,15.542,-12.184,1.3614,283.87,1
43.099,16.702,2.7239,0.3362,0.2125,47.953,31.895,10.209,7.5064,137.89,1
21.648,12.444,2.2553,0.6389,0.3194,16.474,5.1288,-10.428,45.725,47.027,1
27.7,12.858,2.7016,0.4453,0.2594,-3.5011,18.674,-8.9501,26.648,222.43,1
57.148,29.489,3.4273,0.1525,0.0817,66.832,47.342,13.153,7.966,199.14,1
22.722,19.789,2.6112,0.4162,0.2142,3.9765,12.318,11.577,39.65,161.74,1
19.961,10.873,2.2878,0.6186,0.3325,-7.15,17.387,-7.5802,9.768,190.53,1
70.686,18.804,2.9523,0.2333,0.1267,33.128,68.589,11.285,28.015,234.74,1
32.115,9.4413,2.4735,0.4672,0.2437,-10.579,-23.11,-8.2288,7.1086,168.52,1
28.311,19.275,2.7612,0.3224,0.1742,-8.4561,-25.165,-14.317,4.714,249.99,1
31.026,17.616,2.688,0.2954,0.1508,-43.274,-20.677,15.625,5.614,114.42,1
20.475,12.306,2.3883,0.5603,0.3701,16.452,15.95,8.5912,10.796,194.27,1
229.82,9.5128,2.2934,0.4733,0.2672,-163.42,-183.31,7.5867,73.975,118.25,1
110.82,19.404,3.0588,0.1782,0.1009,-191.64,77.063,-8.5572,1.7722,266.68,1
49.302,16.899,2.8546,0.2697,0.1572,-28.824,34.17,-10.744,13.292,270.1,1
92.311,39.009,3.9111,0.1333,0.0668,-82.124,69.412,-16.957,0.675,339.27,1
21.993,9.9294,2.1931,0.5577,0.3109,-4.0314,16.335,10.14,42.753,103.94,1
70.603,19.03,2.9673,0.1951,0.0997,-152.3,68.104,-12.998,8.2868,234.71,1
16.507,11.47,2.243,0.5943,0.3457,-1.354,5.3857,6.3518,36.301,126.35,1
50.911,18.635,3.0364,0.2336,0.1448,43.364,37.199,6.3852,10.865,178.53,1
30.829,24.121,2.8075,0.2679,0.1394,18.153,-15.122,17.787,16.393,209.02,1
23.133,8.7943,2.2856,0.6425,0.3446,28.374,-8.3202,-9.7853,12.164,158.31,1
13.105,10.755,2.1383,0.7709,0.4618,13.797,-3.1518,10.621,67.97,122,1
105.13,17.889,2.7177,0.4559,0.3209,-67.286,-65.808,-15.505,8.648,332.18,1
48.029,13.284,2.7832,0.3855,0.21,32.643,14.725,-10.513,2.397,199.14,1
30.531,21.262,2.9602,0.2816,0.1452,-3.9098,-3.7431,-13.786,9.189,204.08,1
25.076,15.83,2.5139,0.4257,0.2251,36.042,-10.853,11.329,80.239,161.63,1
48.774,22.979,2.9196,0.2058,0.1053,24.659,43.793,16.039,5.401,184.11,1
28.009,11.346,2.3997,0.4263,0.2371,10.661,9.2992,4.6015,17.516,147.41,1
22.468,0,2.2418,0.7564,0.4327,-2.4071,11.428,0.0001,0,297.59,1
20.292,16.236,2.6004,0.4768,0.2999,8.9987,-6.3068,-10.416,22.438,86.121,1
22.868,14.53,2.5289,0.4734,0.3003,15.528,18.316,10.783,26.988,155.22,1
20.196,12.73,2.2889,0.4679,0.2442,1.4964,-9.9919,-9.3993,26.193,136.41,1
35.614,7.0964,2.3355,0.485,0.2748,22.558,18.087,-4.3745,13.759,171.15,1
13.11,10.304,2.1477,0.79,0.5089,-12.681,-6.5291,-10.009,20.531,118.24,1
27.417,16.985,2.6853,0.3756,0.2095,4.7575,25.673,3.2467,6.083,172.05,1
45.563,15.62,2.7392,0.3099,0.1632,5.7199,14.597,-7.1845,8.2167,171.72,1
36.497,18.596,2.6924,0.3452,0.1898,19.11,23.794,-14.714,7.444,184.87,1
65.957,20.751,2.7455,0.3019,0.1518,62.231,56.01,-16.992,4.151,257.02,1
23.745,10.213,2.4057,0.5383,0.2731,-15.899,15.849,-6.3678,32.932,209.95,1
23.846,19.218,2.5453,0.3476,0.2009,1.713,17.324,8.6546,2.288,107.6,1
36.301,20.504,3.1002,0.2414,0.1282,14.413,-18.132,11.512,0.83,210.92,1
22.389,15.432,2.7547,0.4908,0.2735,7.5769,-8.1747,-7.151,52.374,37.996,1
65.712,24.127,3.2163,0.1817,0.0939,27.002,59.153,10.13,0.32,193.56,1
90.234,34.326,3.6075,0.2286,0.1362,-2.6023,50.249,-27.321,4.712,327.5,1
41.375,12.909,2.8848,0.3077,0.1545,-18.76,27.22,-3.137,1.0421,237.07,1
47.251,12.624,2.7316,0.4045,0.2421,34.717,35.527,9.7299,4.787,155.24,1
19.996,12.712,2.8079,0.523,0.3183,15.051,14.827,-3.2342,3.6905,133.65,1
76.219,25.517,3.5086,0.2257,0.1164,-103.61,34.006,-17.277,1.1725,277.49,1
33.931,18.959,2.8142,0.3021,0.1664,24.868,15.833,-14.24,9.6812,134.47,1
21.22,11.24,2.2405,0.5517,0.3017,12.718,19.085,-8.2765,53.722,130.94,1
58.832,27.402,3.5898,0.1497,0.0817,-7.4978,46.011,22.407,4.0456,237.39,1
97.582,26.145,3.6148,0.1971,0.1103,-66.84,70.706,23.048,0.4193,294.58,1
19.901,7.0867,2.273,0.7893,0.4133,21.125,13.102,-4.9082,70.729,240.53,1
76.354,25.816,3.4768,0.1581,0.0799,58.432,75.93,-12.311,9.308,161.4,1
30.625,23.195,2.842,0.2906,0.1835,21.696,26.791,7.4993,18.895,257.78,1
27.176,12.512,2.6735,0.4539,0.2492,28.555,19.08,7.9904,15.737,160.38,1
28.583,17.893,2.6075,0.3852,0.1938,-31.885,20.879,12.086,5.0486,71.457,1
21.024,7.1132,2.0149,0.6957,0.3527,-24.807,-8.9055,6.1742,47.267,152.3,1
47.252,21.361,2.8882,0.2665,0.1365,22.687,32.804,-6.9981,1.74,260.77,1
37.137,14.768,2.6096,0.2998,0.156,28.67,8.1654,-3.8097,11.606,166.83,1
12.97,11.196,2.0952,0.747,0.4217,-14.695,6.6421,-10.814,32.761,97.067,1
79.022,27.928,3.0416,0.3289,0.1922,-69.108,-57.923,13.507,1.202,330.15,1
93.681,73.217,4.2222,0.0694,0.0355,63.829,90.629,65.435,4.961,139.8,1
12.831,11.405,2.1775,0.711,0.4219,15.019,-8.7413,-0.0746,21.99,240.35,1
37.304,21.406,2.8058,0.2361,0.1196,15.417,16.008,10.262,4.3,145.67,1
33.214,21.18,3.135,0.3401,0.2019,9.8233,25.94,12.883,1.2333,176.45,1
107.72,32.221,2.9738,0.2188,0.1184,-134.26,81.806,33.714,1.5131,345.52,1
76.636,27.14,3.4706,0.1533,0.0848,26.032,76.089,13.413,2.83,282.48,1
20.936,6.9256,2.1945,0.7476,0.4249,21.734,13.74,6.0542,24.942,201.15,1
67,25.541,3.3536,0.1511,0.0826,6.2204,47.407,7.3149,0.8728,244.34,1
22.958,13.078,2.5051,0.5406,0.3703,12.575,16.276,-5.9326,17.625,171.09,1
39.87,14.241,2.4969,0.2898,0.1576,26.465,22.294,-9.3516,20.422,131.93,1
18.557,10.138,2.415,0.6192,0.325,-2.1428,8.6021,-6.1654,13.119,132.06,1
22.333,18.199,2.721,0.4278,0.2367,-14.503,-10.078,4.2446,24.413,146.98,1
28.021,14.003,2.7731,0.4132,0.2184,-18.541,-17.366,-11.026,4.797,198.18,1
24.062,16.89,2.705,0.3925,0.2554,-9.7228,-15.02,9.47,8.065,158.02,1
36.691,28.253,2.7623,0.3509,0.1858,-28.677,-34.151,18.767,69.125,105.14,1
26.861,17.033,2.6488,0.4422,0.2548,23.303,23.589,-15.311,18.352,105.91,1
25.633,15.72,2.2467,0.4533,0.2521,-10.012,-17.608,-15.594,0.5897,93.914,1
57.095,46.725,3.9299,0.1334,0.0716,16.747,53.859,40.892,24.826,78.142,1
46.022,12.434,2.5832,0.3238,0.1841,-47.811,-22.517,7.6568,28.841,160.69,1
24.313,16.608,2.4354,0.3376,0.1817,-9.9913,-5.1129,13.49,11.969,171.53,1
13.007,10.318,2.1658,0.7782,0.5222,-12.394,-6.2722,8.0804,79.794,47.491,1
27.659,18.161,2.6721,0.3596,0.2032,3.3993,6.7005,16.861,24.566,190.29,1
27.385,12.164,2.4778,0.5724,0.2912,18.942,27.37,-3.8737,6.383,153.62,1
29.251,9.5731,2.4836,0.4729,0.2414,26.247,-23.728,9.98,20.13,180.92,1
70.608,48.83,2.9877,0.1574,0.0818,-71.59,35.929,24.144,68.671,181.57,1
20.515,11.894,2.2405,0.6322,0.3592,-10.057,-20.446,-7.0672,82.77,218.24,1
27.539,20.131,3.0775,0.3522,0.2028,0.758,20.33,-8.1073,12.206,104.88,1
61.963,16.447,2.9489,0.2947,0.1558,22.604,62.959,-13.936,3.9656,233.15,1
74.913,28.876,2.9542,0.3378,0.1972,-14.607,-67.075,-10.895,0.3194,384.82,1
20.822,18.843,2.8182,0.3906,0.2166,-5.7112,-11.875,3.7412,7.4814,204.29,1
20.886,7.0673,2.2343,0.7289,0.3878,-23.138,-11.876,-6.045,8.3002,135.24,1
20.287,9.2749,2.2227,0.6168,0.3503,-23.804,-10.708,-2.5528,11.804,214.7,1
23.095,14.755,2.5328,0.4985,0.3182,-4.7957,-9.459,-5.4528,12.434,103.32,1
19.735,13.915,2.4914,0.5258,0.3306,-1.6944,10.161,8.0554,10.303,129.75,1
21.557,12.645,2.451,0.5133,0.2814,4.6497,-15.156,2.8645,6.2216,163.29,1
38.948,17.256,2.5378,0.3246,0.1754,20.538,13.843,12.896,26.711,151.62,1
105.31,22.04,2.9963,0.2451,0.1427,-30.169,69.633,21.633,4.985,310.32,1
67.909,30.116,3.8,0.1586,0.088,27.343,57.861,11.529,5.515,236.66,1
23.265,12.749,2.4742,0.4128,0.2232,7.939,10.233,-5.3246,32.049,155.82,1
24.044,16.491,2.4133,0.4788,0.3185,18.645,17.577,-6.8352,39.472,43.97,1
38.048,22.474,2.8785,0.3294,0.1753,11.844,38.793,-9.8877,2.035,268.3,1
24.071,19.913,2.7987,0.4674,0.2679,19.948,24.672,-9.6807,16.267,44.764,1
31.34,12.255,2.6721,0.4021,0.2521,23.587,18.696,7.7438,4.2591,172.57,1
54.623,21.727,3.0899,0.1854,0.0996,-19.134,-27.631,-13.308,11.24,235.29,1
32.222,17.854,2.8357,0.3182,0.1613,20.056,16.892,-13.913,26.459,197.34,1
28.521,16.306,2.5119,0.5508,0.2754,22.696,15.182,-16.055,5.435,204.55,1
49.132,22.857,3.1209,0.2233,0.1185,27.224,33.634,-10.507,3.009,162.41,1
64.061,18.47,2.9042,0.3304,0.1677,44,51.943,-11.64,5.813,288.48,1
60.479,14.187,2.837,0.2358,0.1259,-36.901,-17.434,10.172,1.7725,130.1,1
61.052,52.472,3.4939,0.2405,0.1493,-11.523,35.499,-34.992,7.181,326.48,1
56.838,19.565,3.2019,0.1796,0.0927,-28.956,39.769,9.0352,3.022,245.84,1
29.55,7.8658,2.3483,0.6278,0.4058,29.205,23.429,7.2589,17.634,108.79,1
32.858,19.499,2.8341,0.3223,0.2103,-16.698,-25.218,-7.2524,57.347,19.888,1
24.835,15.336,2.3222,0.3762,0.1929,-13.289,10.468,-13.201,31.718,215.81,1
90.598,33.25,3.3461,0.137,0.0814,81.839,81.574,30.502,8.936,262.78,1
100.61,27.987,3.3503,0.1567,0.0828,-23.459,82.454,-12.989,1.2458,312.22,1
20.345,7.2127,2.1287,0.7435,0.3755,-3.3175,11.044,-5.585,46.842,249.87,1
101.63,46.865,4.2366,0.0676,0.034,15.633,89.624,-27.099,3.602,256.05,1
14.256,12.535,2.3201,0.6986,0.3565,-0.5321,-3.1969,-3.7707,63.8,117.13,1
69.865,26.058,3.207,0.2086,0.1065,7.853,22.58,21.298,3.4938,274.63,1
12.996,11.14,2.2317,0.7507,0.4252,-14.605,6.3281,-10.88,72.497,202.04,1
104.16,17.642,2.935,0.2857,0.1643,17.367,104.89,-13.969,0.8358,333.47,1
23.842,12.593,2.3838,0.4132,0.2169,18.839,12.801,6.4597,31.192,233.84,1
33.381,11.232,2.7088,0.4692,0.2727,20.183,23.971,-3.7454,2.087,178.58,1
44.932,20.694,2.5883,0.3252,0.1871,-8.5346,-40.354,-11.059,10.503,160.2,1
35.752,24.449,3.0011,0.2145,0.1222,-27.13,14.615,-16.635,15.484,200.75,1
74.758,25.467,3.684,0.1675,0.0856,-88.864,65.284,-6.7255,0.8433,252.29,1
32.13,18.743,2.8126,0.3587,0.1994,10.195,-31.883,-13.5,1.325,219.45,1
18.532,10.378,2.2041,0.575,0.3094,-23.388,-9.7754,4.3266,26.67,205.58,1
30.401,22.779,2.7324,0.2759,0.1657,-2.7792,16.501,12.653,11.364,127.63,1
90.663,8.7308,2.5085,0.462,0.231,76.859,58.05,-4.5494,18.453,297.05,1
53.735,19.558,2.8199,0.1893,0.0961,-1.7877,-41.352,14.228,11.707,203.39,1
40.543,19.561,3.0199,0.2464,0.138,39.239,25.234,11.932,21.12,175.38,1
22.988,10.112,2.2148,0.5732,0.3384,-23.219,-19.042,11.05,16.843,113.02,1
12.893,11.399,2.3107,0.7384,0.3888,-15.076,5.9163,-11.519,78.54,198.15,1
25.807,14.33,2.4836,0.5287,0.2808,34.215,-8.504,-7.8156,30.64,229.4,1
89.544,25.644,3.5707,0.1827,0.0963,-62.256,80.436,12.422,2.459,278.63,1
21.323,17.555,2.6871,0.4111,0.2292,11.648,11.509,-11.516,6.2738,199.01,1
49.116,18.091,2.8309,0.2745,0.1557,47.039,30.641,-12.573,2.2065,154.53,1
34.637,18.813,2.8414,0.2882,0.1448,-10.247,-16.284,-14.999,2.9067,230.05,1
30.092,8.2492,2.3054,0.5495,0.2896,15.799,18.469,4.2866,29.823,127.26,1
42.541,16.851,2.7892,0.2729,0.1405,-11.211,-21.866,14.549,7.963,245.07,1
26.832,21.125,2.4807,0.357,0.1835,-17.669,-9.6464,-16.663,71.301,173.75,1
20.151,7.2154,2.0846,0.7572,0.3827,-3.9309,11.456,5.3539,32.807,188.44,1
26.497,23.147,2.8689,0.284,0.1427,-13.586,-13.42,15.414,34.745,53.835,1
43.015,24.846,3.0925,0.1939,0.1006,9.1446,25.989,-13.325,5.4962,126.58,1
74.288,25.898,3.458,0.1588,0.082,47.365,70.487,-11.048,7.3272,178.69,1
83.094,27.47,3.431,0.1494,0.0877,80.771,87.124,21.744,1.763,211.57,1
24.147,15.347,2.415,0.4077,0.2058,10.148,8.0118,12.383,13.717,171.93,1
38.615,13.661,2.6821,0.316,0.1715,-11.467,13.977,5.4786,5.433,225.41,1
90.257,32.157,3.6228,0.2038,0.1179,-19.226,66.513,28.694,1.8578,342.37,1
22.729,12.949,2.3454,0.5056,0.2822,23.773,13.783,-8.7237,42.229,183.58,1
33.877,17.746,2.8904,0.4118,0.2593,8.9348,-10.154,10.357,1.26,191.44,1
30.019,15.492,2.5658,0.4402,0.2378,40.053,9.022,-8.1037,21.051,128.44,1
24.294,20.498,2.7675,0.3997,0.2297,-6.042,12.644,7.6922,45.421,108.65,1
61.908,22.015,3.3528,0.2002,0.1156,-9.082,36.005,-7.2386,3.613,236.17,1
23.75,15.856,2.6289,0.3854,0.1939,-13.618,-6.8824,-13.527,28.429,128.77,1
17.991,15.764,2.2648,0.6304,0.356,-2.6343,-14.968,-11.019,21.956,184.65,1
27.915,7.0212,2.3404,0.6256,0.3174,-4.6274,-15.157,5.9016,49.587,84.983,1
29.397,16.833,2.7645,0.3921,0.2382,24.722,8.654,-5.893,12.463,182.07,1
99.454,23.624,3.5179,0.1884,0.1097,73.276,99.368,-19.703,4.5762,255.28,1
29.697,25.373,2.8929,0.2828,0.1631,18.963,23.002,8.857,65.284,207.08,1
98.489,38.676,3.9381,0.1391,0.0814,-52.45,61.975,13.979,4.909,347.46,1
26.195,9.0943,2.4191,0.5562,0.299,-7.0807,-10.652,5.1507,23.341,115.74,1
92.442,26.966,3.2015,0.2031,0.1053,2.9203,50.193,-16.683,1.1676,332.74,1
34.336,10.602,2.3802,0.5833,0.3271,25.55,25.531,-4.6247,20.305,236.29,1
95.548,34.135,3.4784,0.1822,0.0939,-14.698,64.764,22.628,2.9595,347.26,1
29.794,19.926,2.8254,0.42,0.219,32.456,30.019,-13.249,25.428,56.898,1
22.718,10.24,2.1644,0.5342,0.2774,-24.799,-17.651,10.319,6.09,124.19,1
23.626,14.336,2.6707,0.4418,0.2487,17.393,6.9804,7.1168,10.738,201.39,1
35.519,22.643,2.5982,0.3153,0.203,42.582,12.056,-14.513,0.6684,180.02,1
63.58,28.155,3.4246,0.222,0.1285,44.472,61.656,-13.333,0.6445,290.05,1
36.694,18.472,2.9122,0.2962,0.1561,-12.673,-14.506,-5.8937,11.947,144.66,1
25.689,7.9251,2.3711,0.6723,0.4021,14.141,19.422,6.9966,6.0144,181.78,1
24.07,17.293,2.6258,0.4213,0.2379,9.0768,19.967,-15.528,33.07,93.188,1
18.81,10.025,2.2601,0.6099,0.3544,21.852,11.831,4.461,43.023,174.46,1
24.983,17.038,2.5422,0.3816,0.1966,22.324,20.942,-10.43,6.432,108.47,1
28.582,17.711,2.6537,0.3374,0.1743,2.5716,9.6897,-4.434,25.872,121.96,1
34.611,16.676,2.5465,0.3835,0.2372,30.053,17.935,12.864,0.9038,137.22,1
95.355,45.658,3.7829,0.1401,0.0822,-40.017,-47.045,-19.15,2.0661,321,1
52.437,16.539,2.5769,0.4795,0.2927,-13.187,-59.05,-12.949,65.634,186.79,1
96.236,33.172,4.0803,0.092,0.0463,46.328,87.519,10.355,2.2634,272.69,1
20.735,8.8031,2.4116,0.7248,0.4244,19.332,18.896,-11.283,30.336,174.64,1
63.229,23.163,3.0149,0.2425,0.1338,74.817,47.643,13.784,0.8548,241.86,1
93.749,31.874,2.8701,0.2266,0.1274,64.928,75.611,-20.079,14.312,212.23,1
68.058,50.178,3.3398,0.1079,0.0546,30.173,64.165,-37.282,17.081,230.11,1
88.991,20.996,3.1874,0.2975,0.1848,-15.397,75.392,19.246,1.121,346.19,1
72.548,25.165,2.8624,0.2938,0.1654,-48.444,9.2343,-13.802,9.745,308.46,1
19.662,9.3984,2.3962,0.6265,0.3795,21.829,12.733,4.3104,10.259,179.98,1
59.636,23.192,3.0938,0.1918,0.106,18.805,42.139,-7.3426,10.208,226.46,1
44.117,14.483,2.7597,0.2817,0.1487,49.648,-20.16,-12.996,4.4378,203.67,1
20.807,9.9252,2.3655,0.6595,0.3642,20.556,18.643,11.408,83.995,110.7,1
26.872,18.298,2.4306,0.3377,0.18,11.129,-14.754,-15.255,1.8311,169.96,1
22.235,12.683,2.3086,0.4668,0.2432,-30.128,8.9282,9.092,0.427,255.99,1
121.54,12.72,2.3375,0.4276,0.2184,97.106,90.604,-8.3424,2.8134,172.7,1
30.854,22.965,2.6618,0.268,0.134,6.6522,26.448,-4.6784,41.374,186.4,1
20.224,12.866,2.3294,0.5012,0.3208,13.387,15.059,4.5702,26.89,108.97,1
98.484,28.609,4.014,0.1099,0.0551,29.448,81.724,20.735,0.637,284.78,1
25.123,15.366,2.4526,0.4974,0.2593,-7.1405,-5.4408,11.252,31.699,123.59,1
22.607,19.65,2.6335,0.4628,0.2314,5.9253,12.785,15.794,31.724,203.78,1
34.023,16.124,2.6875,0.4004,0.2556,16.446,27.323,16.689,8.265,120.8,1
71.425,21.042,3.063,0.2587,0.1691,-55.607,61.501,-12.295,4.457,305.85,1
39.909,18.486,2.6498,0.3091,0.1624,26.985,15.269,-9.403,8.869,148.42,1
38.869,16.444,2.5231,0.2669,0.1364,60.196,-14.282,12.188,3.008,120.35,1
34.836,16.299,2.5746,0.4261,0.2543,10.718,-17.274,9.0872,2.6055,237.41,1
110.37,25.661,3.5138,0.2313,0.1478,-38.202,49.067,-22.127,1.492,323.5,1
26.062,11.387,2.3909,0.4837,0.2785,-9.2245,-9.9723,-4.5442,33.861,278.08,1
23.705,13.529,2.4108,0.5359,0.2816,-17.157,-11.618,11.702,40.148,155.5,1
109.76,17.129,2.8531,0.2973,0.1578,79.391,103.01,8.7697,11.065,138.07,1
26.089,9.577,2.3664,0.486,0.2731,-12.234,13.721,5.8939,13.935,169.1,1
72.011,24.964,3.2418,0.2842,0.1602,-20.352,-38.115,12.687,4.374,318.61,1
12.742,11.645,2.2317,0.7214,0.3666,15.153,-4.9533,11.561,75.493,219.71,1
29.533,6.4357,2.2148,0.5793,0.3445,33.643,18.526,3.6126,37.765,157.23,1
54.617,26.275,3.4956,0.1875,0.0969,30.011,48.009,-11.069,3.491,179.77,1
34.472,15.452,2.7903,0.3063,0.1629,-3.1478,-19.888,-9.2102,8.3289,133.08,1
17.137,16.67,2.3936,0.5495,0.3212,-2.9362,-12.794,-13.081,6.442,206.4,1
27.018,11.338,2.5403,0.4236,0.2349,36.48,12.456,1.7171,30.222,51.245,1
22.425,0.0019,2.1538,0.7649,0.4316,0.0002,-0.001,-12.208,35.988,224.75,1
51.987,17.27,2.5871,0.2691,0.1384,45.307,43.977,-10.409,34.13,105.96,1
31.325,17.292,2.7388,0.2993,0.1597,25.168,17.07,-13.096,8.9995,243.39,1
61.237,16.964,3.0504,0.2565,0.1465,-100.67,22.804,15.312,3.501,240.88,1
35.785,21.558,2.8879,0.2628,0.1443,28.616,23.72,-11.752,34.384,133.01,1
99.832,32.883,3.1329,0.1686,0.0873,-125.27,61.025,22.888,6.9048,333.84,1
57.055,25.782,3.0648,0.2136,0.1227,-16.756,45.385,11.898,18.289,200.37,1
18.892,12.361,2.5112,0.53,0.3097,-2.3514,6.5856,-9.2091,9.814,186.49,1
121.39,25.444,3.5335,0.1581,0.0795,-162.6,90.568,23.895,2.3568,294.53,1
89.391,33.299,3.814,0.1277,0.0647,48.027,84.016,-3.7727,2.6602,204.09,1
47.433,12.032,2.2577,0.6077,0.3122,52.698,15.103,-3.5878,18.443,155.72,1
26.722,10.021,2.472,0.6105,0.3794,-16.519,-21.546,-8.7277,27.079,168.2,1
59.51,20.101,3.0191,0.2211,0.123,9.4136,47.071,-12.332,5.6618,218.04,1
38.037,11.043,2.5347,0.3942,0.2058,18.973,29.811,-7.0664,3.244,169.01,1
62.442,14.251,3.0676,0.2456,0.1399,25.556,32.725,-10.06,0.7239,208.02,1
22.894,16.388,2.4969,0.4586,0.2755,-6.4676,5.1575,4.2964,69.635,166.49,1
33.03,22.905,3.1074,0.2663,0.166,31.774,23.158,-7.5797,20.038,138.5,1
37.657,20.795,2.9266,0.2558,0.1545,32.992,17.061,11.514,10.691,163.36,1
39.078,23.432,3.0726,0.2183,0.1096,4.7344,-15.204,-14.39,3.3991,171.93,1
112.4,55.121,4.3829,0.075,0.0406,-77.955,82.202,33.798,1.285,283.48,1
62.528,25.79,3.5026,0.1754,0.0894,-9.2178,53.335,-19.18,2.7337,198.74,1
32.208,15.277,2.6785,0.4109,0.2275,10.945,-22.956,-5.9134,9.736,191.16,1
64.139,15.573,2.8558,0.3108,0.1861,62.453,66.464,10.38,1.5789,249.46,1
15.662,10.816,2.3139,0.6845,0.4879,1.0542,4.042,9.2239,3.957,130.76,1
26.321,11.04,2.5011,0.5016,0.2981,6.9151,17.396,-8.3462,6.0614,232.28,1
16.909,11.16,2.2856,0.6062,0.3342,-3.1923,7.953,6.4171,26.26,139.87,1
28.485,26.679,3.0835,0.2434,0.1234,-11.457,13.088,-22.851,42.931,88.153,1
56.622,11.526,2.3784,0.4142,0.2364,48.195,-18.165,10.721,1.0356,258,1
20.183,12.262,2.4735,0.5109,0.2874,-1.8615,8.5433,10.659,40.197,162.9,1
36.237,17.355,2.9809,0.2654,0.1353,46.554,12.144,-6.1966,6.444,166.95,1
21.108,7.0966,2.0774,0.6862,0.3473,-25.167,-7.9365,6.2317,2.867,130.87,1
42.602,12.401,2.2516,0.4202,0.2101,49.345,26.995,-8.6619,6.8576,187.3,1
92.994,47.025,4.1715,0.0749,0.0381,29.656,81.293,-9.3835,1.575,195.62,1
91.985,26.182,3.5952,0.2189,0.1264,-34.852,71.245,-10.818,4.536,295.34,1
44.132,14.635,2.6977,0.2869,0.1555,-20.925,4.2475,-5.1369,21.324,165.34,1
97.502,38.938,4.0958,0.0947,0.0477,123.22,78.456,7.3144,1.034,289.97,1
49.362,18.503,2.635,0.2943,0.1587,-58.16,-27.132,9.3858,11.961,267.4,1
45.132,18.386,2.8963,0.2476,0.1479,-0.9493,-21.85,-16.61,5.11,226.03,1
81.014,16.032,2.8976,0.2873,0.1576,66.043,75.685,-12.639,1.364,224.01,1
62.818,32.488,3.6949,0.1272,0.0667,-13.951,58.651,12.236,11.533,168.14,1
20.308,10.696,2.3962,0.6064,0.3353,-6.2948,17.111,8.0283,13.93,148.37,1
46.352,21.753,3.0588,0.221,0.1236,12.461,-15.273,-2.8652,4.0395,170.94,1
51.06,18.982,3.0821,0.2649,0.156,6.6605,44.293,6.0816,2.281,173.32,1
13.154,10.047,2.2082,0.805,0.5232,-12.312,-7.723,10.368,26.736,156.73,1
30.481,21.935,2.8594,0.3856,0.208,18.302,25.847,-5.9511,7.2421,149.98,1
53.813,17.528,3.023,0.3338,0.211,23.411,52.269,-12.293,3.3422,257.24,1
47.333,19.306,2.9363,0.2224,0.1118,66.15,15.921,-8.2441,4.761,145.23,1
16.401,11.59,2.3598,0.5983,0.3166,1.5577,-5.8041,4.592,34.918,129.06,1
44.386,20.409,2.7247,0.262,0.1329,23.384,38.547,-10.267,4.4,219.89,1
41.241,16.844,2.6222,0.2912,0.1492,-24.295,18.492,-12.242,19.484,189.46,1
71.202,24.221,3.0717,0.2221,0.1259,16.49,58.48,12.512,3.0778,261.88,1
78.684,22.724,3.0265,0.207,0.1058,-113.17,75.438,-4.4445,1.732,216.98,1
13.026,10.922,2.0846,0.7572,0.4568,-13.984,5.6958,9.8938,27.3,173.91,1
26.911,16.09,2.7612,0.3813,0.2071,5.0224,-16.085,-12.149,16.3,229.69,1
45.604,20.488,3.1471,0.2644,0.1458,9.3228,31.15,-16.326,0.963,254.91,1
20.478,12.935,2.2911,0.491,0.2532,-16.937,-7.0063,-3.2842,16.162,110.98,1
134.01,22.361,2.5422,0.3702,0.2052,-155.22,-55.402,13.466,8.5734,287.1,1
49.483,16.986,2.995,0.2418,0.1229,45.005,-29.757,-4.8865,0.9353,212,1
35.377,14.78,2.7372,0.348,0.1822,-31.408,10.239,7.0464,0.881,208.27,1
24.375,19.07,2.8567,0.4186,0.2455,5.8433,-12.898,11.9,45.811,52.236,1
57.455,33.554,3.8393,0.1653,0.0833,8.7301,59.398,6.0683,3.379,137.65,1
35.415,10.698,2.5198,0.4502,0.2372,30.717,18.539,9.5446,10.524,152.16,1
18.988,17.694,2.5809,0.3963,0.2034,2.5736,-12.275,14.53,39.238,119.5,1
100.8,24.456,3.04,0.1778,0.0907,-65.512,88.107,-15.961,1.747,265.07,1
29.086,16.726,2.7493,0.3954,0.2378,10.661,-17.507,-8.0813,16.421,139.16,1
17.735,10.837,2.2253,0.5714,0.2887,-23.356,-8.9601,-4.4413,88.746,194.39,1
115.95,52.669,4.4133,0.0597,0.0352,-87.701,90.921,-21.972,1.744,253.06,1
87.927,26.316,3.2584,0.294,0.1983,-4.847,-21.274,-23.905,2.052,356,1
25.856,14.432,2.2648,0.6141,0.3777,23.675,16.554,-11.028,12.21,133.17,1
12.813,11.477,2.2055,0.7227,0.4081,-15.213,8.4809,-9.4712,84.143,180.1,1
19.479,10.649,2.2967,0.6818,0.346,7.3712,-16.869,-6.7274,0.4907,165.93,1
18.138,10.429,2.3096,0.6078,0.3358,1.5947,-7.3849,-6.4443,50.24,121.81,1
12.764,11.55,2.1021,0.7036,0.4071,-15.404,9.2301,-0.5371,58.644,70.26,1
64.867,20.91,3.0358,0.2808,0.1883,17.007,79.691,9.9647,14.227,133,1
21.673,18.655,2.734,0.3727,0.2057,-0.0012,18.415,-10.809,67.808,77.29,1
39.282,24.229,3.1455,0.2532,0.1413,21.631,28.565,20.825,1.7762,152.07,1
27.845,10.837,2.3627,0.538,0.2755,0.07,24.584,6.8806,15.015,217.31,1
19.257,15.568,2.3883,0.5112,0.272,-12.522,-18.036,11.748,39.924,108.67,1
78.201,23.746,3.5043,0.1863,0.1079,-70.585,67.708,11.589,2.603,290.65,1
25.168,12.527,2.5809,0.4304,0.227,6.7492,15.219,7.3546,53.537,42.701,1
21.452,6.9635,2.0512,0.6844,0.3689,-24.668,-9.568,-6.4264,21.916,142.45,1
36.56,14.4,2.7731,0.344,0.1981,17.712,35.434,-4.3761,11.288,254.81,1
52.267,16.782,2.8739,0.2567,0.1584,61.2,28.541,12.934,7.085,196.63,1
23.375,17.102,2.7152,0.4297,0.2322,1.5226,18.515,-11.343,10.575,105.58,1
21.479,10.821,2.2504,0.6011,0.368,-20.046,-20.132,11.262,70.523,166.63,1
19.911,9.4678,2.3997,0.6016,0.3606,-22.876,-11.761,1.4623,8.044,108.08,1
83.323,15.679,2.8951,0.2266,0.1165,-64.881,61.149,-13.228,7.779,266.7,1
20.28,12.698,2.4125,0.5725,0.323,16.452,11.895,8.8375,3.3863,165.55,1
95.172,37.189,3.5912,0.1858,0.0986,-2.7624,61.47,12.634,5.1993,359,1
104.15,29.177,3.2499,0.1305,0.0695,-78.415,-54.363,14.886,17.622,189.83,1
26.563,8.0278,2.4793,0.6235,0.4063,6.3648,21.778,-9.8303,25.529,166.15,1
29.502,14.018,2.5982,0.4212,0.2308,7.4738,-10.529,8.1991,3.8455,82.616,1
25.693,10.177,2.2889,0.4473,0.2288,-14.979,17.87,5.8346,28.175,92.17,1
103.53,42.46,3.2872,0.1316,0.0705,74.803,101.86,20.671,2.739,122.01,1
32.64,16.119,2.6642,0.3922,0.2308,15.361,24.014,12.22,25.987,248.12,1
42.925,28.58,2.7657,0.2967,0.1741,39.131,30.994,-20.703,15.396,132.55,1
18.073,11.584,2.4125,0.5803,0.4313,-0.5062,6.9524,-11.593,9.6089,256.91,1
26.365,18.662,2.5045,0.3912,0.1987,3.4563,-16.367,-14.235,62.848,224.1,1
30.302,18.452,2.679,0.3665,0.2084,-7.6252,-25.087,13.84,88.424,214.77,1
78.872,16.241,2.971,0.2063,0.1096,1.9987,62.835,10.712,5.892,238.33,1
27.401,11.876,2.4843,0.4852,0.2443,2.4912,23.617,11.359,48.202,223.79,1
109.46,52.089,4.2583,0.0694,0.0374,-13.741,89.01,-21.771,1.8848,315.89,1
24.541,15.255,2.574,0.392,0.204,9.8866,12.202,13.403,18.785,122.48,1
27.363,15.835,2.905,0.4144,0.2259,-12.959,4.2514,11.449,9.808,168.39,1
18.104,14.4,2.3664,0.5505,0.3634,-6.1228,15.664,-7.1514,42.881,126.57,1
87.024,27.142,3.7084,0.1853,0.0974,-40.566,70.794,-19.759,0.279,320.44,1
28.287,6.7738,2.1959,0.586,0.2962,-7.1484,-17.522,1.2828,36.513,274.12,1
64.908,16.365,2.8241,0.2279,0.1282,-22.883,-42.086,10.438,8.841,202.51,1
79.557,32.623,3.0504,0.2609,0.1527,56.929,54.385,-21.495,1.0618,346.22,1
74.608,21.049,3.2714,0.2404,0.1266,-99.673,22.706,11.917,0.1577,230.59,1
32.809,17.366,2.6959,0.3646,0.2346,6.3366,-23.38,-18.155,21.846,140.71,1
30.314,11.978,2.5366,0.4244,0.2137,22.575,25.276,9.3084,30.757,157.64,1
36.169,18.534,2.7084,0.2798,0.1536,56.229,-13.003,13.524,4.218,214.56,1
33.352,12.759,2.6937,0.3421,0.1771,-9.8911,18.978,1.4586,9.695,158.92,1
89.102,22.246,3.307,0.1894,0.1092,-41.924,69.536,7.5609,4.472,299.98,1
47.36,17.239,3.0781,0.2673,0.1449,-40.349,-26.464,-7.8437,3.1134,229.38,1
56.251,26.615,3.2665,0.1971,0.108,55.848,45.299,-17.15,9.9628,114.1,1
50.904,18.566,2.8672,0.2539,0.1419,24.145,25.103,10.696,8.5367,234.42,1
80.021,24.515,2.7839,0.3109,0.1719,-103.53,65.56,-16.43,30.199,277.59,1
46.445,12.522,2.708,0.3585,0.1988,-0.0947,24.236,-11.951,6.2087,167.63,1
29.976,7.5209,2.2742,0.5691,0.2899,-9.3608,-11.838,-5.2263,53.211,188.18,1
19.193,17.106,2.2718,0.5455,0.2807,-26.387,9.2521,-17.508,56.213,210.07,1
75.321,32.354,3.3055,0.3979,0.2502,46.591,44.446,25.619,2.001,407.35,1
49.353,19.755,2.8382,0.3788,0.2184,-25.047,-43.795,-11.649,22.18,147.03,1
80.434,25.072,3.227,0.3166,0.1764,22.104,-33.816,-17.531,0.867,352.19,1
88.35,30.184,3.1268,0.3264,0.2102,-14.173,-61.576,-21.404,8.3369,370.07,1
34.586,18.901,2.8639,0.3338,0.184,-9.164,31.007,5.1029,22.696,124.75,1
74.285,27.216,3.8374,0.1592,0.0828,64.133,71.574,-8.275,5.1219,272.34,1
19.063,16.003,2.4023,0.4911,0.2911,4.2981,-16.77,-7.7855,85.481,156.46,1
24.166,15.57,2.7037,0.4233,0.2443,1.7883,19.239,7.2629,69.367,49.717,1
93.287,41.745,4.1444,0.095,0.0479,8.3701,78.99,30.544,1.5522,275.12,1
25.233,7.5107,2.3222,0.681,0.3881,-13.008,11.18,5.0984,17.2,137.82,1
18.247,12.743,2.4793,0.5804,0.3035,5.0215,-13.079,9.0867,14.967,115.33,1
33.331,10.115,2.472,0.6307,0.3828,-36.316,-23.999,7.9524,22.93,306.14,1
50.068,17.638,2.8052,0.2443,0.1245,-69.249,-33.476,-12.105,21.887,233.15,1
36.717,23.875,3.2685,0.2312,0.1215,8.0276,23.422,-12.041,3.0427,86.714,1
37.313,15.155,2.7931,0.277,0.1409,42.618,24.409,-8.6108,6.6237,151.79,1
66.815,21.946,3.1818,0.202,0.1049,57.481,65.078,-14.103,9.1974,179.24,1
28.116,15.655,2.5472,0.3716,0.2057,-25.492,-23.824,-12.407,3.465,218.68,1
58.802,16.847,2.9162,0.3287,0.1898,64.313,38.526,7.3994,2.5713,260.66,1
21.128,12.518,2.2541,0.4513,0.2312,29.32,-5.8869,9.6623,30.368,98.083,1
26.602,0,2.2188,0.7915,0.432,-27.825,-13.874,-0.0001,15.92,189.44,1
26.431,13.935,2.4601,0.3986,0.2409,-7.9736,-16.845,-9.4322,22.393,160.8,1
61.342,24.442,3.5471,0.1549,0.0785,3.6469,60.734,-8.9958,0.8541,186.12,1
72.284,22.003,2.7631,0.2778,0.1665,-48.683,33.361,22.802,2.371,313.16,1
33.935,14.548,2.5478,0.3343,0.1827,6.9826,-19.936,-10.414,8.1657,232.97,1
21.143,6.8428,2.0737,0.7426,0.4346,21.592,14.135,-6.2006,61.573,171.13,1
20.292,10.026,2.3324,0.6186,0.3837,-3.7675,15.164,-8.0088,67.912,170.45,1
79.625,39.293,3.5103,0.151,0.078,-24.21,66.979,26.946,7.07,307.48,1
19.113,9.5944,2.3674,0.6652,0.4399,5.688,-14.757,10.26,6.052,65.098,1
97.724,23.59,2.6981,0.4148,0.2194,-102.5,55.883,7.1291,15.162,224.24,1
28.749,9.6862,2.4108,0.4854,0.2893,38.73,-15.722,-6.489,1.068,197.41,1
95.597,25.781,3.4943,0.2169,0.1152,-13.279,43.339,16.688,0.5731,327.22,1
79.859,36.184,3.675,0.2153,0.1149,-26.466,-19.124,-12.542,1.827,356.01,1
18.28,12.578,2.5472,0.5617,0.322,-1.3158,10.327,7.9166,47.002,141.09,1
40.018,28.369,2.8222,0.1883,0.0986,-61.581,31.042,-25.387,4.774,118.83,1
52.472,23.57,3.1558,0.1963,0.1065,-22.716,-25.929,-6.1415,10.725,160.74,1
52.342,25.991,3.0953,0.3123,0.1794,-50.828,-23.065,-21.081,2.441,309.49,1
75.433,24.802,2.993,0.2805,0.1723,-60.408,-53.5,17.259,0.298,301.21,1
38.593,23.41,2.7767,0.2391,0.138,51.051,-24.117,-16.104,26.979,73.384,1
84.15,15.471,2.9956,0.2364,0.1379,-78.807,69.743,10.86,0.4443,251.5,1
85.635,36.347,3.6848,0.1674,0.0908,-66.825,68.357,-25.488,4.0749,353.09,1
28.018,15.945,2.666,0.4898,0.2859,17.829,25.273,13.513,30.344,233.55,1
63.204,27.824,3.3979,0.1624,0.0902,22.859,48.769,-19.196,4.87,239.38,1
61.867,27.305,3.3701,0.2329,0.1239,78.641,51.435,-24.555,0.512,237.33,1
13.009,10.559,2.1775,0.7641,0.5017,12.93,3.6848,-7.5805,31.323,101.24,1
74.252,29.681,2.8463,0.235,0.1232,91.203,58.954,13.466,3.2129,277.15,1
29.341,18.903,2.6566,0.43,0.226,-14.919,26.164,-12.012,30.204,65.27,1
29.486,12.987,2.4433,0.364,0.218,26.058,17.394,-4.4317,6.035,131.67,1
20.482,15.862,2.3945,0.4355,0.2359,-2.2302,9.9438,-9.791,71.972,126.83,1
31.249,20.842,2.6196,0.3361,0.2005,-6.8301,24.442,-16.25,22.179,146.67,1
33.476,12.204,2.6269,0.3896,0.2113,1.7549,-7.047,3.1357,20.071,175.24,1
35.377,16.97,2.6566,0.3506,0.1929,27.636,16.816,8.8632,0.2798,214.92,1
25.564,15.303,2.5729,0.4786,0.3115,12.544,-15.761,-12.989,13.383,178.29,1
83.651,35.537,3.882,0.1497,0.0792,-41.823,71.511,-24.261,2.389,296.51,1
30.889,20.317,2.667,0.3122,0.1604,-3.4256,-16.644,-11.536,54.936,226.91,1
30.311,16.019,2.7493,0.4061,0.2199,-9.4305,13.429,6.6856,18.042,208.22,1
91.567,17.343,2.6439,0.3178,0.1827,-61.864,-100.67,14.479,2.947,164.79,1
20.569,12.662,2.4289,0.4842,0.2737,-18.137,-11.588,-3.913,13.9,194.49,1
54.441,20.723,2.785,0.2789,0.1436,48.687,37.596,-20.651,19.524,238.8,1
29.938,20.657,2.8119,0.3423,0.2043,17.003,25.272,-17.132,22.871,78.645,1
27.673,12.209,2.3493,0.4251,0.217,21.629,-14.584,-9.3565,10.67,203.47,1
79.453,34.576,3.9385,0.1112,0.0564,10.683,85.623,-11.65,8.4526,193.32,1
44.667,26.527,3.3859,0.1908,0.1047,11.504,-19.386,7.7734,5.919,178.53,1
18.559,10.197,2.2355,0.6047,0.3459,21.911,11.494,-4.4105,17.483,50.418,1
43.964,25.593,3.479,0.1958,0.1011,48.367,22.115,10.479,2.9782,156.74,1
65.414,23.578,2.4893,0.363,0.1961,-43.497,-64.556,-19.055,8.72,168.32,1
56.349,24.172,2.9857,0.2842,0.1731,21.031,50.878,25.929,5.928,203.76,1
76.103,23.192,3.4921,0.1523,0.0823,21.876,61.744,11.054,2.07,267.47,1
77.678,25.7,3.6576,0.2206,0.1149,32.462,61.859,-20.299,1.592,270.04,1
77.906,51.345,4.2024,0.0755,0.0389,13.566,78.353,-20.198,10.395,123.43,1
29.819,14.244,2.5085,0.369,0.1969,-23.387,-19.882,11.582,2.141,159.17,1
20.052,7.1417,2.1599,0.7751,0.3979,21.84,12.535,5.1684,23.469,141.56,1
44.955,19.604,2.642,0.3352,0.1767,-3.3857,43.58,4.8864,6.826,164.78,1
75.917,37.926,3.1564,0.1332,0.0736,93.325,14.856,28.457,4.434,229.77,1
24.675,12.052,2.5658,0.4348,0.2296,5.5282,10.159,9.2972,15.901,140.02,1
39.191,14.481,2.7067,0.277,0.1444,-24.016,22.55,6.225,2.5603,79.814,1
18.726,10.393,2.248,0.5198,0.2684,-25.541,-5.4961,-2.5632,21.07,83.988,1
98.768,27.768,3.3029,0.1578,0.0804,-12.973,71.829,-22.383,1.8306,174.47,1
23.278,10.581,2.2967,0.5707,0.3207,-23.429,-19.343,-10.634,35.421,209.83,1
80.081,33.658,3.5588,0.1972,0.1054,20.172,48.975,19.634,1.8161,381.41,1
41.523,9.8326,2.4472,0.4071,0.2411,57.952,-24.644,3.6668,0.265,188.7,1
64.955,16.959,2.8672,0.3109,0.1555,48.002,54.726,-12.65,0.195,255.73,1
68.583,20.752,3.1926,0.224,0.1325,54.828,56.829,-7.9707,2.67,242.05,1
65.921,14.912,3.2049,0.2402,0.1269,-125.87,53.338,-9.6839,3.118,215.35,1
19.798,7.0834,2.1569,0.7944,0.4146,20.982,13.101,-4.7307,0.623,203.47,1
19.333,18.824,2.4616,0.3592,0.1813,23.432,11.558,-6.2549,3.533,204.53,1
75.559,21.169,3.2084,0.1745,0.0907,11.842,39.48,-10.101,0.013,251.79,1
41.989,12.786,2.3664,0.486,0.2516,31.415,26.804,8.2184,28.063,85.428,1
28.272,12.683,2.4886,0.487,0.3068,22.234,24.528,9.5953,22.252,155.02,1
77.164,21.3,2.9852,0.2162,0.1164,0.4049,66.709,-6.7083,7.7247,215.4,1
84.597,24.719,3.3623,0.2219,0.1335,-49.508,-12.719,-11.362,1.49,279.98,1
55.092,16.195,2.7152,0.3796,0.2283,60.817,41.476,9.0698,3.965,179.87,1
20.145,7.3118,2.1319,0.7306,0.3948,-1.9886,9.008,5.4349,9.906,104.32,1
42.994,22.404,2.9135,0.2111,0.1104,-6.8543,24.785,-11.365,4.988,174.96,1
52.245,17.346,2.6537,0.3418,0.1743,35.012,39.866,12.14,2.315,143.05,1
26.783,15.19,2.6294,0.493,0.2664,-9.7672,-19.12,14.757,42.881,24.398,1
19.292,7.2769,2.1508,0.7915,0.4276,4.7252,-10.791,-3.89,68.791,196.72,1
82.103,28.286,3.3903,0.2683,0.1586,28.645,-44.753,-18.187,1.985,369.02,1
34.841,23.624,2.9219,0.2896,0.1514,1.3326,23.03,-14.954,5.9938,187.46,1
35.958,21.763,3.1841,0.2723,0.1463,30.123,-25.342,-14.257,8.0679,197.28,1
19.292,12.545,2.3608,0.5098,0.3072,1.2778,-8.6821,10.193,37.029,58.308,1
36.531,20.599,2.8633,0.2822,0.1678,-2.5466,17.069,-3.6591,7.0737,135,1
28.065,24.088,3.095,0.3053,0.174,15.195,14.319,5.7485,34.234,100.22,1
23.953,11.019,2.4976,0.5056,0.275,9.6156,20.468,-4.6094,11.516,136.27,1
27.194,11.59,2.4472,0.4214,0.2232,-11.977,11.733,-1.9341,3.2782,170.52,1
97.815,30.609,3.4164,0.1461,0.0807,56.655,84.318,12.783,10.956,293.82,1
21.77,16.409,2.637,0.4637,0.2434,-10.368,11.813,16.167,12.204,171.83,1
33.681,13.366,2.5949,0.3609,0.1919,23.796,23.202,9.6868,1.126,179.08,1
20.714,9.9089,2.2304,0.5941,0.3676,-4.6486,15.845,-9.9597,69.608,152.88,1
85.322,24.563,3.1875,0.2058,0.1153,46.594,82.067,-22.201,0.137,256.51,1
65.824,18.881,3.0978,0.2028,0.1066,-41.752,53.576,-12.409,8.031,218.97,1
36.628,11.23,2.4735,0.3462,0.1765,-6.1641,-7.1528,-6.7342,9.08,159.84,1
28.92,21.794,2.7853,0.3262,0.1746,-5.5771,-27.904,9.0569,18.602,130.99,1
61.555,23.725,3.2649,0.1798,0.0899,83.351,39.413,-12.194,3.363,214.06,1
26.412,17.882,2.6042,0.3458,0.1779,11.652,16.548,-15.367,20.435,204.87,1
13.323,10.602,2.1599,0.7889,0.3979,-14.944,-1.8627,11.904,29.159,119.78,1
20.408,14.647,2.4771,0.47,0.2717,1.1802,-9.7435,-6.8304,89.236,103.37,1
24.865,11.94,2.6053,0.5434,0.3586,17.836,17.52,10.994,21.252,207.42,1
17.68,10.957,2.2148,0.5366,0.2957,-0.5043,4.9753,-4.8227,82.015,180.98,1
36.616,9.9179,2.4955,0.4505,0.2444,-22.097,-9.8588,7.6083,3.125,223.73,1
30.862,18.328,2.8627,0.3731,0.2476,11.544,29.461,-14.611,23.105,93.66,1
20.817,12.962,2.2799,0.4672,0.2598,-13.495,-10.64,-6.5901,61.38,161.37,1
45.008,22.677,2.9398,0.3044,0.1591,9.3298,35.866,17.223,1.511,243.3,1
31.433,10.81,2.3918,0.499,0.2738,30.574,23.575,-8.387,1.509,160.52,1
37.505,15.776,2.541,0.4086,0.2201,56.492,-26.155,-13.954,8.6201,186.87,1
102.81,16.32,2.5711,0.4376,0.2617,-165.76,96.114,14.927,6.4229,216.2,1
52.719,18.983,2.608,0.3453,0.2059,-39.271,19.402,9.8847,6.3642,174.44,1
56.801,25.218,3.5661,0.1651,0.1033,13.969,47.69,14.735,8.732,200.66,1
46.507,11.299,2.3847,0.5526,0.3691,28.18,40.037,8.4745,13.334,105.45,1
20.427,9.3986,2.3483,0.6368,0.4103,-2.2775,13.783,-9.3433,79.73,47.145,1
37.608,26.994,3.0856,0.2044,0.1039,37.135,14.396,-5.9997,6.6889,205.57,1
30.973,12.754,2.4533,0.4613,0.2377,7.829,-20.618,5.6696,22.884,211.97,1
63.072,19.567,2.5888,0.384,0.2384,37.075,59.925,6.2124,47.843,190.26,1
25.591,16.809,2.618,0.3831,0.194,25.762,21.081,-9.7021,82.087,59.868,1
24.612,14.622,2.3086,0.5012,0.2826,9.13,14.101,-13.023,4.646,225.77,1
109.55,50.098,4.354,0.0529,0.0277,17.395,91.473,24.752,4.69,198.89,1
49.28,24.96,3.1892,0.2283,0.1362,28.087,31.771,13.16,3.414,254.87,1
25.58,15.877,2.5276,0.5193,0.2923,-8.6292,-17.13,14.786,3.628,176.89,1
23.288,20.48,2.9044,0.4436,0.266,-5.9505,17.503,19.192,10.265,103.15,1
13.203,10.701,2.2956,0.7797,0.443,-14.128,-3.1228,11.433,21.635,193.38,1
24.41,10.891,2.3334,0.5058,0.29,-7.0266,-19.534,-6.8932,4.738,95.086,1
13.054,10.95,2.1189,0.7605,0.4449,-14.192,5.4015,-10.666,33.572,97.416,1
104.24,36.432,3.8046,0.1576,0.0906,-108.41,50.375,26.395,1.5254,372.68,1
33.859,18.463,2.9079,0.3016,0.1564,6.3783,22.19,-9.1705,4.009,173.18,1
25.432,17.064,2.5321,0.4435,0.2952,15.083,20.923,-11.424,21.539,195.03,1
26.089,21.289,2.637,0.3714,0.2042,-38.069,-10.077,-14.917,10.832,172.69,1
26.586,12.616,2.4669,0.43,0.2167,-30.164,-19.984,-6.3431,13.873,209.99,1
24.145,17.105,2.6021,0.385,0.2062,32.086,15.511,-10.491,35.533,132.38,1
32.975,17.023,2.8092,0.3057,0.1575,-3.5034,21.232,-7.2435,7.944,133.99,1
18.518,11.328,2.3766,0.6891,0.3845,-13.136,-18.005,7.7391,58.404,141.68,1
93.97,21.106,3.3252,0.2019,0.1019,58.483,108.61,16.286,4.4256,254.86,1
16.834,11.377,2.238,0.578,0.315,1.2882,-5.9263,5.0761,26.726,204.34,1
12.673,11.743,2.1508,0.7138,0.3569,14.998,0.8645,-11.528,17.166,62.8,1
82.091,35.528,3.3356,0.2073,0.1263,-47.877,-37.107,-20.07,2.875,280.82,1
45.903,17.11,3.3097,0.2887,0.1541,15.831,33.252,-0.9053,0.595,198.02,1
34.555,7.3375,2.5676,0.5332,0.2936,41.817,22.415,3.7803,1.8232,150.06,1
70.559,26.117,3.4104,0.1399,0.0717,37.261,81.275,-9.7931,15.409,194.72,1
30.365,17.692,2.4091,0.5224,0.2827,-12.497,-26.164,8.8247,13.55,215.37,1
66.541,16.007,3.1164,0.2562,0.1403,-87.472,55.43,-8.0378,3.304,274.09,1
21.381,12.66,2.4616,0.5527,0.2988,25.361,13.586,-6.6962,12.552,105.81,1
29.087,6.6934,2.2041,0.5188,0.2594,38.748,8.445,-2.4604,28.464,142.27,1
69.284,26.148,2.9954,0.285,0.1481,72.692,46.722,-20.279,4.6516,260.64,1
21.281,9.7289,2.2279,0.6036,0.358,2.5194,-14.665,9.2378,23.983,186.74,1
107.48,13.342,2.6123,0.442,0.2601,120.05,42.092,-7.7712,1.759,278.11,1
25.611,14.187,2.5838,0.4329,0.2673,16.256,-9.5178,9.0111,18.184,223.64,1
55.79,14.721,2.8929,0.2841,0.1452,7.2476,-27.844,-8.8634,7.064,163.08,1
28.568,18.562,2.9219,0.3483,0.1837,2.7163,14.949,-11.174,8.016,181.98,1
18.015,14.731,2.3901,0.5662,0.3809,3.9021,-15.194,9.5231,69.615,81.307,1
19.548,9.4041,2.3222,0.6381,0.3833,21.558,12.894,-4.5847,34.761,155.32,1
24.178,17.319,2.4031,0.4229,0.2391,6.9258,-3.9891,13.029,22.993,130.94,1
27.745,6.9264,2.2577,0.5635,0.3066,-8.7546,-15.303,-1.8505,18.415,176.27,1
33.499,16.164,2.7559,0.3351,0.1798,7.9835,19.965,-13.805,23.565,128.65,1
33.176,23.552,3.0844,0.3129,0.1799,4.1651,27.404,15.176,16.424,115.6,1
27.624,15.654,2.6488,0.4242,0.2256,11.51,17.262,-13.095,18.353,145.79,1
62.21,25.172,3.3344,0.1686,0.0864,6.4592,55.016,14.487,6.1974,217.1,1
90.984,30.489,3.2383,0.1935,0.102,-47.546,-42.548,24.471,1.811,293.73,1
36.255,11.277,2.5179,0.352,0.1775,55.205,13.731,11.788,17.72,105.32,1
24.175,14.101,2.4314,0.463,0.2611,-15.397,-9.0704,11.841,1.3133,167.01,1
30.357,21.085,2.6998,0.2455,0.1307,29.945,16.401,14.07,5.4315,77.413,1
25.22,21.041,2.9238,0.3349,0.1675,15.337,22.211,8.8385,51.835,213.01,1
12.763,11.614,2.1446,0.724,0.362,-15,-0.544,11.623,65.059,106.71,1
95.498,22.224,3.1418,0.1717,0.0992,-153.26,62.568,-18.619,4.0081,177.11,1
20.147,14.414,2.4698,0.5085,0.2593,-3.3515,12.008,-6.443,30.756,160.81,1
44.615,24.144,2.9795,0.2715,0.1557,27.342,48.137,21.273,4.947,215.37,1
24.953,13.516,2.5977,0.4116,0.2109,-0.3581,-19.785,7.9345,5.881,244.4,1
57.663,18.592,2.9859,0.1973,0.1049,-70.211,-26.335,10.192,0.5765,185.91,1
115.02,29.671,3.4718,0.1144,0.0582,93.92,93.146,-23.412,8.302,174.66,1
20.579,6.9354,2.1351,0.7692,0.4359,20.955,14.185,-5.737,9.7876,208.6,1
116.16,30.656,3.2654,0.1471,0.0779,66.665,113.16,16.224,11.16,212.38,1
33.121,15.928,2.6444,0.3719,0.2234,15.307,30.908,10.231,25.604,90.949,1
24.515,0.0061,2.1917,0.6817,0.3505,29.035,9.5525,0.0001,51.31,166.43,1
83.346,18.587,2.8315,0.392,0.2837,-55.222,-64.886,-17.626,12.911,284.65,1
76.496,29.903,2.871,0.1992,0.1003,-125.37,48.794,21.427,6.819,261.69,1
24.202,10.454,2.4354,0.5028,0.255,-29.669,-20.316,-7.1364,3.098,129.21,1
101.23,42.527,3.324,0.184,0.1022,-51.125,-38.913,-26.622,3.329,369.02,1
23.94,14.393,2.4771,0.44,0.235,15.634,-6.3094,-11.614,1.7082,171.38,1
29.557,18.251,2.7063,0.3166,0.1642,35.035,16.113,10.6,23.251,159.41,1
94.861,22.624,3.3062,0.1635,0.0877,-130.76,77.551,-12.236,2.0276,311.61,1
35.974,26.11,3.3553,0.2851,0.1573,-1.9325,16.215,15.244,8.8011,186.41,1
50.168,22.837,3.03,0.2109,0.1209,69.415,33.224,15.925,0.922,219.44,1
77.06,25.779,3.2951,0.2737,0.1432,0.9212,39.591,-10.858,3.6339,342.66,1
27.342,12.51,2.2565,0.4432,0.241,-17.073,-18.524,8.9238,25.809,225.32,1
19.962,10.476,2.2625,0.6393,0.3634,-5.6003,16.286,6.3857,19.486,176.5,1
86.864,21.883,2.632,0.4597,0.2672,-83.788,30.859,2.0393,2.0243,257.12,1
85.79,29.268,3.2655,0.248,0.1696,-17.978,54.747,-17.486,1.018,311.69,1
43.041,16.222,2.8543,0.3804,0.2161,19.873,44.774,-12.374,14.572,135.44,1
24.826,20.325,2.6243,0.3682,0.1888,24.312,19.144,13.324,18.558,180.75,1
57.038,18.282,3.3557,0.2217,0.1126,44.095,40.107,-8.7296,2.359,226.34,1
39.541,10.862,2.8636,0.4134,0.2129,9.5346,33.446,-3.4861,4.419,192.59,1
33.813,24.227,2.9452,0.2575,0.1288,41.128,-23.338,-4.9897,6.6811,172.46,1
18.183,10.541,2.2253,0.5893,0.3006,-23.365,-9.4181,-5.1884,26.459,175.86,1
24.879,15.483,2.6522,0.3853,0.2483,-6.0255,-17.496,-6.2308,3.389,149.87,1
75.942,17.248,2.837,0.3246,0.1827,94.29,45.783,-14.735,2.872,154.04,1
105.46,15.967,2.6503,0.4183,0.2852,-22.538,-125.08,-13.799,58.122,151.52,1
28.118,21.494,2.8085,0.3124,0.1841,6.4073,23.39,-11.556,53.273,162.93,1
19.451,16.471,2.2601,0.5604,0.2885,26.081,-7.5631,17.52,33.419,241.26,1
56.209,23.398,3.4311,0.2057,0.1173,38.059,47.399,17.727,4.526,264.02,1
16.631,15.866,2.3464,0.6261,0.4122,0.7664,15.108,-12.087,31.73,79.835,1
21.179,6.9623,2.1414,0.722,0.4007,22.96,12.425,6.2445,88.873,169.85,1
76.147,20.805,3.2825,0.2348,0.1271,37.508,78.2,14.288,3.1904,220.12,1
26.433,15.52,2.5441,0.4829,0.3271,-11.877,-8.1889,-8.1366,5.3365,147.45,1
22.73,10.621,2.4878,0.5561,0.278,8.5649,15.932,-5.7387,23.553,171.69,1
31.911,10.783,2.3997,0.4064,0.2171,25.004,15.249,8.9478,25.087,170,1
25.814,10.748,2.4241,0.4896,0.2844,-15.448,-20.251,5.3209,7.007,93.398,1
22.384,19.68,2.7828,0.3298,0.1756,-17.168,-12.541,11.057,13.534,72.05,1
23.999,10.986,2.4141,0.5125,0.3064,12.051,20.236,5.8304,50.413,200.28,1
40.876,16.073,2.7742,0.3045,0.1859,5.5435,11.443,-3.0812,11.808,185.88,1
102.02,24.398,3.3921,0.212,0.1113,-106.89,59.441,4.8632,1.8933,335.55,1
65.228,15.273,2.6488,0.3726,0.2278,-58.719,53.11,13.167,5.781,303.72,1
35.11,15.736,2.8341,0.422,0.2249,32.261,31.955,3.2093,15.31,199.17,1
32.676,19.449,2.7745,0.358,0.1958,25.335,14.419,-9.9689,0.134,129.14,1
46.821,18.851,3.1578,0.2413,0.1297,5.8579,-20.994,11.403,6.648,185.86,1
51.634,14.094,2.5302,0.3304,0.1844,-44.481,-32.921,5.9161,13.666,173.5,1
48.665,21.047,3.2591,0.2131,0.1187,1.4364,38.797,-11.52,11.15,219.5,1
97.149,34.31,3.8354,0.1451,0.079,48.503,81.905,-23.844,1.94,334.32,1
39.143,19.716,2.7864,0.3205,0.1644,-6.083,30.789,16.15,9.903,183.15,1
24.041,17.613,2.3375,0.469,0.269,-27.03,-6.0435,8.2524,87.117,140.84,1
31.376,8.9014,2.4502,0.5,0.3209,-21.357,-21.876,-5.5281,44.14,250.66,1
12.976,9.6165,2.2541,0.8189,0.571,11.12,9.166,9.5288,84.686,136.81,1
20.259,9.5737,2.2553,0.6167,0.4083,3.329,-14.491,9.551,48.603,78.089,1
24.216,12.858,2.2304,0.5529,0.3029,-29.272,1.7156,-5.9639,65.896,191.31,1
99.271,50.036,4.2236,0.0859,0.0437,20.907,80.455,-15.533,0.5792,336.77,1
33.128,16.79,2.5165,0.3988,0.1994,22.265,24.096,8.9565,10.224,110.67,1
18.47,15.04,2.4654,0.5,0.351,0.2245,-8.911,-9.753,13.323,233.55,1
22.77,11.358,2.534,0.5556,0.288,10.182,5.6998,3.9827,15.12,116.05,1
19.972,12.145,2.4224,0.5142,0.3043,-3.306,12.731,10.949,12.992,195.17,1
21.181,12.771,2.3551,0.4459,0.245,15.173,11.562,8.5996,9.109,183.85,1
35.825,13.418,2.6656,0.3715,0.1998,50.621,17.512,13.055,6.6856,217.98,1
106.62,36.546,3.907,0.137,0.0704,-19.164,76.338,-26.976,1.3581,342.55,1
102.5,30.069,3.5923,0.1271,0.0643,26.275,85.558,19.777,1.977,296.19,1
41.353,19.737,2.7466,0.3692,0.2106,-45.471,-11.544,-17.363,4.09,296.45,1
22.226,0,2.0774,0.7531,0.4477,0,0,-10.093,28.526,59.141,1
93.421,17.862,3.1178,0.1899,0.1087,-54.562,85.622,-6.0429,7.6036,307.54,1
45.378,25.157,3.4111,0.2383,0.1317,2.6534,56.197,-18.143,2.4183,240.88,1
110.14,46.417,4.2885,0.0603,0.0301,9.501,94.144,-21.16,2.5168,206.36,1
65.05,21.014,3.0799,0.1997,0.1027,-66.254,46.115,14.946,2.2,264.39,1
40.441,11.339,2.485,0.3502,0.1817,39.987,23.455,-7.171,19.335,224.15,1
22.172,14.694,2.525,0.4896,0.3,14.528,18.076,10.831,47.537,109.78,1
12.577,11.866,2.2492,0.6986,0.369,16.015,-9.1669,-9.9638,0.9932,203.4,1
45.227,20.198,3.0273,0.1934,0.1009,-10.612,-27.163,-8.8057,10.09,217.41,1
28.789,14.168,2.6101,0.3877,0.2172,-39.855,-7.5508,8.5703,15.631,98.784,1
43.9,27.574,3.4807,0.1828,0.0964,24.824,24.931,-12.389,4.9347,191.74,1
28.794,17.197,2.6212,0.3445,0.1758,25.698,20.325,-9.2023,8.3285,128.2,1
16.555,11.269,2.248,0.5989,0.3814,0.8921,-4.3425,-7.4694,14.44,162.27,1
19.571,16.227,2.5647,0.4523,0.2275,15.919,7.5072,11.131,61.157,127.88,1
20.708,11.047,2.2304,0.6118,0.3324,-14.936,-18.323,-3.0105,88.901,36.085,1
40.675,23.956,2.9353,0.2252,0.1155,19.752,28.386,-21.669,46.574,149.34,1
69.493,22.47,2.9845,0.2031,0.1073,-32.092,-44.382,9.5467,6.6543,194.32,1
55.498,26.82,3.0237,0.1932,0.099,7.1088,50.898,10.368,6.216,241.64,1
116.68,57.069,4.1841,0.0697,0.0385,-82.935,99.197,28.785,8.6023,243.75,1
22.182,17.246,2.5366,0.4622,0.2718,9.0398,-7.1725,7.6057,26.474,162.7,1
125.28,26.627,3.1958,0.1854,0.1061,112.72,112.47,12.544,2.935,199.09,1
86.243,31.479,3.7932,0.1827,0.0965,-48.111,46.552,19.34,1.149,351.2,1
27.787,13.153,2.6609,0.4454,0.2631,4.3608,-14.38,-10.223,25.282,201.23,1
19.943,16.029,2.2188,0.435,0.2266,-6.435,18.178,-2.0147,44.06,74.627,1
17.092,7.1935,2.2844,0.8468,0.5532,-4.4644,-5.1216,-5.6394,29.554,136.44,1
12.727,11.659,2.0626,0.7186,0.3766,15.399,-7.186,11.201,5.9251,164.64,1
35.54,9.7332,2.433,0.4096,0.2269,44.334,24.411,4.7522,0.9529,226.84,1
13.243,10.722,2.1717,0.7811,0.4209,-14.527,-2.7128,11.759,10.661,172.24,1
48.077,11.665,2.7131,0.3737,0.1907,45.699,39.763,9.0398,8.621,184.51,1
31.837,9.3091,2.2589,0.4408,0.2231,-20.118,22.314,9.0755,43.535,142.06,1
77.313,18.752,2.9337,0.2784,0.1485,-39.946,50.693,12.169,5.8814,286.52,1
16.86,11.149,2.4216,0.6136,0.3352,-3.5675,8.1895,-6.5193,10.828,180.96,1
27.18,7.7076,2.2279,0.6036,0.3521,13.436,-11.786,-3.4239,74.994,83.751,1
85.152,19.771,2.4586,0.4522,0.2348,-25.974,-69.739,-16.911,3.625,373.09,1
21.125,12.542,2.3294,0.445,0.2225,14.672,11.662,-9.9628,30.572,133.87,1
17.976,10.825,2.2227,0.521,0.2665,0.4726,-5.1607,2.8358,52.227,170.51,1
41.353,11.356,2.2911,0.4348,0.2225,-41.952,-22.203,6.5168,9.469,198.14,1
16.109,10.658,2.4232,0.7208,0.4358,-5.5028,5.0474,-9.1544,86.361,117.84,1
30.257,12.683,2.2304,0.5647,0.3265,18.157,18.499,7.175,29.865,153.21,1
32.527,15.927,2.4306,0.3451,0.1763,26.309,12.074,-7.037,16.728,80.567,1
106.05,33.644,3.6139,0.1703,0.0965,-61.743,61.441,16.473,1.987,359.88,1
27.632,15.538,2.549,0.3559,0.2048,16.213,8.6889,5.0929,0.4686,203.56,1
44.437,18.255,2.8146,0.2483,0.128,-65.252,32.801,-8.0365,15.298,203.01,1
30.252,22.765,3.0443,0.279,0.1621,6.8535,-9.0837,13.453,10.083,218.16,1
37.995,15.702,2.837,0.3348,0.1769,27.427,36.022,-10.322,1.156,236.54,1
31.013,19.879,2.8182,0.3571,0.1922,10.329,26.973,-10.541,19.332,168.05,1
14.784,12.25,2.4031,0.668,0.3498,-2.5992,-3.3417,-4.991,50.474,196.53,1
17.263,10.76,2.4393,0.6255,0.38,1.4736,-5.9904,7.4399,43.542,38.293,1
61.779,30.578,3.1947,0.1693,0.091,52.545,51.212,21.127,19.254,223.83,1
12.95,11.242,2.1889,0.7443,0.4175,14.783,-6.806,-10.836,47.56,217.04,1
30.448,18.596,2.4216,0.4053,0.2027,24.858,-25.666,18.522,36.627,171.15,1
81.263,28.513,3.4766,0.1805,0.0959,-51.97,70.57,17.843,2.206,308.53,1
21.675,15.56,2.4393,0.4473,0.2782,24.056,16.058,0.5722,32.744,72.7,1
34.74,11.523,2.5581,0.4426,0.2697,22.465,20.749,-10.555,12.67,128.28,1
73.747,25.6,3.4024,0.1805,0.094,36.926,66.696,-12.646,0.6057,270.75,1
23.76,12.783,2.4166,0.4138,0.2165,19.79,9.7047,-6.3009,52.447,160.8,1
86.408,46.047,4.0415,0.1018,0.0509,44.787,97.249,5.8431,18.025,128.67,1
19.749,16.208,2.3086,0.4717,0.2482,21.437,18.992,-8.1616,88.148,206.61,1
34.789,19.507,3.0282,0.2605,0.1429,-19.297,-17.978,10.93,14.054,221.17,1
37.251,17.236,2.8017,0.2841,0.1555,18.972,19.61,13.805,5.975,139.67,1
29.648,12.493,2.3139,0.6553,0.3325,11.434,24.467,4.1262,21.222,134.98,1
95.386,21.181,2.64,0.3093,0.1775,-110.8,59.328,-8.7242,0.6251,287.83,1
20.133,9.3536,2.2945,0.6345,0.4239,-2.8223,13.926,9.61,72.817,153.14,1
65.498,20.914,3.0934,0.1782,0.1052,48.985,57.124,6.5693,63.886,76.317,1
41.984,17.744,2.9017,0.2596,0.1323,23.169,22.36,-8.5718,7.9241,214.7,1
61.846,21.383,3.5211,0.222,0.1273,23.524,56.589,14.285,1.701,206.04,1
17.061,11.31,2.2041,0.5687,0.2906,0.0007,0.1951,3.0996,40.852,206.09,1
18.709,10.399,2.1931,0.5192,0.2724,-25.315,-6.2981,2.6795,0.091,182.53,1
41.124,21.093,2.6435,0.2932,0.1534,52.44,6.1225,5.466,2.777,160.04,1
34.989,20.446,2.7431,0.2963,0.1545,19.166,-18.606,-18.808,37.9,126.44,1
18.516,10.521,2.4955,0.508,0.2572,25.815,3.8863,-1.7255,82.991,211.53,1
33.757,17.612,2.6906,0.316,0.1723,32.765,19.959,-7.8761,6.81,243.14,1
69.113,21.871,2.8921,0.291,0.1673,-65.128,36.057,-10.375,1.875,315,1
21.173,6.9933,2.0846,0.716,0.3909,23.353,11.837,6.2475,62.166,172.15,1
41.901,16.493,2.7372,0.3516,0.239,28.093,-27.496,-8.9019,4.6235,208.32,1
50.06,33.184,3.3309,0.1316,0.0679,-9.3468,24.062,-19.394,1.8497,224.84,1
41.757,31.255,3.4256,0.1655,0.0888,30.885,20.742,-18.396,1.935,138.82,1
53.636,18.17,2.9235,0.2361,0.1258,56.203,36.879,-11.499,5.4268,136.18,1
79.002,23.426,3.4132,0.1502,0.0778,10.575,78.324,-9.0052,2.411,193.19,1
22.907,0,2.0663,0.721,0.4163,0,0,-8.0481,63.754,235,1
60.581,17.784,2.9965,0.3397,0.188,-50.495,43.458,11.611,6.0049,281,1
36.444,28.663,3.1981,0.2351,0.1366,19.194,26.607,27.095,16.04,170.78,1
22.476,11.251,2.2672,0.5676,0.3,-12.975,-19.692,-8.5486,68.163,146.24,1
25.588,14.827,2.4526,0.4656,0.2381,19.272,11.852,12.228,20.363,96.041,1
24.15,10.906,2.4141,0.4971,0.2563,3.3226,20.462,6.5977,14.386,179.25,1
92.657,37.354,3.9758,0.1354,0.0757,-20.467,65.908,-19.358,0.212,309.85,1
70.53,18.516,2.791,0.3382,0.1723,54.627,56.026,9.3506,1.0712,251.31,1
59.954,18.622,3.138,0.2693,0.1372,21.694,45.529,13.379,4.604,236.67,1
46.731,25.003,3.6542,0.2024,0.1205,7.129,14.752,-14.233,3.8676,204.13,1
37.624,14.922,2.6484,0.3461,0.1764,-5.0723,28.743,3.6292,5.8992,175.82,1
86.082,21.99,3.2111,0.3063,0.1694,-9.4362,73.395,-19.944,1.878,351.98,1
41.027,31.755,2.9881,0.2795,0.1423,-1.3717,32.626,-19.872,60.962,118.56,1
81.399,27.704,3.042,0.2469,0.1548,-58.792,-55.553,-12.92,4.772,271.83,1
90.474,34.752,3.7861,0.1859,0.1113,24.106,52.541,-24.82,2.281,364.28,1
21.036,9.8262,2.2279,0.5976,0.3639,-3.0183,14.977,9.1581,20.22,225.3,1
69.048,15.912,2.9167,0.252,0.1423,-133.61,62.82,-11.736,5.638,288.17,1
13.173,10.9,2.3531,0.7716,0.4013,-14.816,2.6113,11.837,15.992,222.44,1
37.998,21.652,2.9474,0.2517,0.1337,-5.5474,20.436,-18.226,5.49,250.65,1
28.847,8.0422,2.1271,0.5448,0.2799,-15.97,-16.288,3.0512,13.288,161.92,1
32.897,20.54,2.776,0.2915,0.1616,-12.676,-28.633,-18.419,11.073,171.04,1
19.254,12.757,2.3646,0.5184,0.27,1.6021,-10.869,-8.0723,0.7264,91.069,1
57.356,17.907,2.616,0.4044,0.2772,-62.771,-46.238,-20.81,0.6666,298.57,1
37.122,12.47,2.5563,0.3333,0.1708,-25.693,-12.893,4.3534,3.823,208.65,1
22.111,10.443,2.2068,0.5652,0.3075,22.902,18.67,10.721,41.705,129.16,1
18.206,12.407,2.4108,0.5825,0.3592,2.9846,-11.085,-10.312,13.294,108.56,1
17.794,7.4352,2.1945,0.7987,0.5272,2.2155,-4.5237,4.0469,60.197,98.827,1
84.545,35.091,3.4135,0.2269,0.1283,-19.41,28.525,-23.047,3.034,307.5,1
23.845,12.757,2.4183,0.4771,0.2729,17.534,16.798,-6.8923,45.306,150.86,1
60.853,16.437,2.8588,0.2464,0.1419,-33.875,-51.682,-15.061,2.6332,200.6,1
26.915,21.663,2.7513,0.2872,0.1587,26.434,5.415,16.556,17.608,118.99,1
25.595,16.595,2.5617,0.3951,0.2071,34.771,14.83,13.669,18.547,137.85,1
34.243,19.349,2.8971,0.3004,0.1565,31.594,8.9236,-8.7867,11.593,196.08,1
25.493,14.33,2.5397,0.4271,0.2237,-18.611,10.137,-8.7705,43.687,186.83,1
24.554,12.598,2.4843,0.4557,0.2443,-13.244,-17.602,5.4512,12.362,180,1
35.711,21.106,2.8267,0.2295,0.1304,51.87,10.639,11.999,3.921,211.09,1
12.744,11.602,2.1599,0.7128,0.3979,15.515,-9.0283,-8.9225,39.403,140.96,1
12.752,11.619,2.266,0.7209,0.3821,15.39,-7.4619,-11.071,8.1347,224.47,1
25.651,7.4142,2.3909,0.6667,0.3923,-11.644,8.4259,5.066,15.788,144.28,1
77.358,17.275,2.8672,0.3435,0.1799,-86.466,51.328,-12.766,6.171,333.32,1
116.74,30.964,2.9557,0.34,0.2386,-41.577,-102.56,12.93,2.334,339.71,1
37.567,20.572,2.9383,0.2628,0.1343,36.986,-19.776,18.404,15.466,173.63,1
18.534,10.206,2.1847,0.6144,0.3366,22.266,11.062,-5.1584,42.452,202.56,1
77.939,20.321,3.3447,0.1754,0.0943,84.676,56.154,-11.303,2.435,243.34,1
38.57,28.289,2.9071,0.2824,0.1616,6.9089,-34.949,20.803,4.443,233.63,1
23.192,16.962,2.5617,0.3731,0.2071,7.0586,7.7372,-12.048,34.602,236.43,1
80.588,32.636,3.6311,0.0998,0.0502,80.443,49.564,17.287,2.7956,210.67,1
34.691,11.235,2.5004,0.3791,0.1975,-35.474,21.248,-7.7418,10.612,152.89,1
45.429,21.039,2.9484,0.2782,0.1537,25.766,35.811,12.255,9.433,54.813,1
40.737,10.188,2.3701,0.5203,0.2921,-49.16,-15.652,5.2449,1.394,167.05,1
21.048,17.611,2.4409,0.4529,0.2373,29.591,-9.6241,14.262,32.441,173.55,1
74.837,28.328,3.4859,0.1721,0.09,-76.795,53.99,-11.909,0.1197,253.66,1
47.986,14.466,2.9722,0.322,0.169,47.175,36.879,8.3362,3.9724,213.41,1
31.341,21.53,2.8395,0.3271,0.1758,26.468,20.256,18.84,22.14,134.37,1
18.883,10.09,2.444,0.5935,0.3327,-22.814,-10.84,4.4965,57.86,197.53,1
54.874,15.18,2.5422,0.4189,0.2769,14.483,53.705,8.0421,3.4462,181.61,1
21.429,12.641,2.4289,0.4916,0.2775,13.799,15.228,8.7216,38.581,211.06,1
64.209,33.275,3.5144,0.1575,0.0794,-4.0258,31.035,-29.379,13.875,183.08,1
37.145,19.506,3.107,0.2696,0.1395,-1.9338,26.756,12.07,0.6385,135.21,1
47.188,14.902,2.3627,0.5076,0.2972,42.672,40.407,-8.1927,18.87,141.79,1
115.09,61.456,4.4291,0.0482,0.025,-57.736,81.906,25.848,5.487,271.37,1
28.841,22.188,3.041,0.2994,0.1706,-1.76,16.486,12.501,15.814,147.6,1
67.969,25.898,3.5629,0.1349,0.071,-8.5897,64.57,9.6351,9.0921,224.89,1
25.263,17.547,2.8382,0.3454,0.1821,-2.5772,10.76,-8.3905,55.85,72.812,1
56.297,30.48,3.6242,0.1468,0.0735,41.745,33.921,-7.8191,1.0352,131.48,1
105.03,46.285,4.2755,0.0736,0.0406,-68.726,82.134,29.838,3.9102,271.04,1
23.786,14.123,2.8442,0.4209,0.2369,7.066,14.418,12.045,6.0583,166.68,1
54.606,20.224,3.256,0.2213,0.1129,16.451,48.301,-11.801,0.8763,262.02,1
72.551,21.757,3.0922,0.2208,0.1306,24.169,77.841,-7.8982,18.614,180.83,1
101.9,45.471,4.1916,0.0856,0.0434,-143.19,74.113,31.553,1.078,298.57,1
36.794,21.859,2.8179,0.2738,0.1392,11.378,-18.686,10.156,2.1198,198.84,1
93.671,34.864,4.1058,0.1027,0.0591,55.682,86.605,8.6847,2.0651,281.85,1
80.795,39.965,3.4218,0.2351,0.1255,-2.9172,39.563,-32.314,4.874,336.32,1
57.607,19.229,3.0538,0.2756,0.1497,36.507,52.011,-13.305,14.193,271.63,1
39.799,7.3193,2.4807,0.5653,0.3025,-48.682,-19.31,4.2377,2.609,226.43,1
28.153,15.253,2.6739,0.4492,0.2405,29.794,19.561,-10.606,31.651,224.94,1
34.458,15.503,2.6618,0.2941,0.1514,26.797,19.766,-8.7048,20.212,209.43,1
44.714,21.47,3.1331,0.212,0.1181,6.1446,-32.508,-13.139,3.3443,193.56,1
99.105,43.013,4.0978,0.0933,0.0481,-49.523,78.408,27.747,0.365,290.2,1
15.164,12.165,2.2529,0.6592,0.3492,-0.3199,1.518,5.0515,41.302,68.906,1
38.549,24.35,3.3116,0.2371,0.1344,-9.3125,2.3232,8.6266,24.017,102.78,1
101.22,25.059,3.3925,0.1823,0.0974,49.507,114.48,19.609,0.561,153.43,1
35.869,19.303,2.7585,0.3557,0.1874,-57.917,19.718,-8.6044,1.0842,283.1,1
63.623,40.933,3.9595,0.1179,0.0636,36.903,62.475,17.703,1.0007,144.44,1
88.933,44.679,3.7402,0.1808,0.0989,-17.488,27.988,26.358,2.042,402.08,1
128.62,21.09,2.9628,0.1917,0.0975,139.05,112.1,-12.874,3.1889,276.6,1
61.037,21.334,2.7828,0.2143,0.1113,-8.4173,-52.264,-17.355,1.615,174.06,1
22.547,10.232,2.3243,0.5687,0.2962,31.039,-15.442,-5.4361,31.744,221.66,1
23.728,15.638,2.4082,0.4141,0.2363,-9.7021,-7.8779,14.142,85.413,208.73,1
32.318,12.915,2.7427,0.4213,0.2685,11.61,26.219,-10.702,12.306,192.9,1
33.499,12.012,2.6248,0.4413,0.2859,38.783,20.656,11.16,16.249,197.93,1
30.75,11.788,2.3829,0.5052,0.2754,25.951,25.798,6.5823,54.421,207.89,1
40.247,15.097,2.8139,0.3914,0.2126,28.892,29.21,-10.905,29.313,183.59,1
20.859,6.8126,2.1255,0.764,0.4532,20.607,14.894,5.9851,63.211,119.04,1
35.852,21.494,2.8579,0.2968,0.2004,-26.168,-24.127,14.368,10.894,234,1
27.725,18.968,2.9467,0.3211,0.1815,6.7104,13.324,5.632,13.846,67.332,1
26.557,11.658,2.3865,0.5133,0.2895,-12.149,-10.335,-9.7579,35.411,202.19,1
53.336,18.381,2.9235,0.1944,0.0984,62.844,38.541,9.8957,2.523,221.73,1
24.336,19.509,2.6628,0.3913,0.2141,-7.237,-14.657,18.659,49.742,125.91,1
52.078,17.979,2.7059,0.2677,0.1407,-54.836,7.2205,7.7741,4.111,212.35,1
20.041,7.175,2.1383,0.7709,0.3891,22.164,12.15,5.1753,40.244,91.596,1
67.835,44.025,3.2686,0.174,0.1037,27.806,54.515,35.332,7.486,158.46,1
87.011,34.621,3.3763,0.2392,0.131,5.6917,-44.686,-20.41,1.776,343.14,1
36.093,21.389,3.0892,0.2647,0.1429,-10.846,-13.835,-9.5419,29.33,166.49,1
21.196,0.0006,2.1319,0.7749,0.4982,0,0.0001,-8.8692,29.68,239.23,1
34.653,16.761,2.5894,0.3243,0.166,-27.387,-20.453,-12.444,1.392,109.55,1
31.837,22.285,2.6781,0.2665,0.1459,-8.7641,-11.951,-4.0728,8.675,71.418,1
28.2,11.064,2.4091,0.5068,0.2632,-11.624,-9.8592,-9.0936,3.964,146.54,1
12.859,11.462,2.0881,0.7347,0.3796,-15.107,5.3564,11.611,66.889,47.617,1
81.152,29.153,3.184,0.182,0.1064,31.188,17.7,14.767,4.248,270.31,1
68.978,26.104,3.1508,0.1548,0.0859,9.264,-35,-17.59,10.051,247.67,1
102.17,14.76,2.9378,0.2227,0.1148,88.474,103.87,-10.388,3.2589,274.74,1
26.566,20.559,2.4878,0.3707,0.2033,18.147,-21.218,17.049,10.041,184.23,1
33.219,14.477,2.8473,0.3127,0.1741,7.5518,-14.527,5.639,9.2908,205.63,1
67.925,31.835,3.5835,0.1652,0.0841,45.43,54.233,-38.403,0.1225,227.76,1
102.85,40.629,4.07,0.1013,0.0508,-85.304,85.162,-21.314,3.708,245.05,1
17.361,10.589,2.3711,0.6255,0.3936,-0.5363,4.226,7.5812,24.043,141.25,1
67.828,21.197,3.0904,0.1973,0.1027,-109.86,55.546,16.998,1.135,231.14,1
19.729,7.2028,2.1889,0.7832,0.3981,5.0599,-11.897,-4.7068,28.062,128.43,1
60.888,21.234,2.894,0.2578,0.1487,28.543,52.383,-10.553,4.14,273.79,1
19.304,18.072,2.3802,0.4292,0.2562,13.988,16.023,-15.119,63.709,118.95,1
27.766,6.9094,2.3284,0.5634,0.2981,-14.98,11.229,3.983,36.383,253.11,1
49.217,24.285,3.2258,0.1683,0.0853,21.745,35.968,9.9752,2.1269,140.72,1
37.022,14.513,2.6053,0.3548,0.1873,55.452,-22.65,-6.5415,1.1296,192.95,1
24.884,8.9001,2.5982,0.6683,0.3997,24.119,23.444,-7.8026,1.8198,182.85,1
28.833,12.929,2.4385,0.3679,0.1913,-29.13,-13.009,3.1305,5.8995,241.83,1
67.111,32.652,3.3011,0.159,0.0827,-17.006,-17.454,23.98,2.7181,227.21,1
25.439,18.471,2.7143,0.3687,0.2056,5.1909,-14.102,-13.803,14.05,162.21,1
18.153,15.307,2.4631,0.5714,0.3115,-7.3797,15.802,-12.779,22.464,72.091,1
21.239,12.459,2.2856,0.6477,0.4482,10.805,18.097,10.341,38.888,212.47,1
57.079,20.388,2.8028,0.2173,0.1126,-32.892,-45.432,5.4598,1.1,252.57,1
23.137,17.687,2.2613,0.4274,0.2164,27.603,7.5158,-10.885,82.263,82.853,1
80.934,27.897,3.5143,0.2864,0.1886,15.077,47.616,-13.546,2.2905,355.41,1
22.706,10.338,2.3075,0.5616,0.2931,31.542,-15.924,-6.6103,13.228,238.17,1
32.399,22.71,2.5682,0.3351,0.1797,-5.9777,-24.371,16.994,67.892,75.298,1
47.78,21.324,3.297,0.1812,0.0946,76.015,-14.082,16.868,4.42,182.13,1
24.06,15.287,2.4807,0.5719,0.3884,6.0305,25.275,-7.8155,15.454,222.33,1
25.581,17.844,2.6571,0.4053,0.2302,13.212,-8.2515,-14.795,1.8043,144.02,1
46.569,21.4,3.1009,0.2687,0.1613,18.275,40.903,15.458,3.678,185.55,1
22.54,13.02,2.3233,0.4561,0.2447,-1.3525,10.501,5.6487,16.172,107.04,1
23.498,9.161,2.3674,0.6609,0.4399,20.988,20.844,11.37,22.447,172.9,1
50.121,16.808,2.9886,0.2331,0.1186,15.341,26.346,-13.551,2.8481,181.5,1
38.556,20.74,2.9638,0.2207,0.1136,-9.7683,17.483,-17.345,2.5917,224.17,1
84.861,27.615,3.0002,0.2439,0.1244,-96.28,38.961,-23.135,6.252,386.71,1
42.828,15.613,2.6469,0.3788,0.2311,19.032,-22.114,10.124,1.5938,199.1,1
26.878,9.6646,2.3971,0.5772,0.3347,28.395,23.254,6.545,34.214,145.56,1
23.335,11.814,2.4857,0.4967,0.2631,-9.0668,-10.271,4.4284,2.7921,178.49,1
21.023,10.365,2.2455,0.5795,0.3324,-4.6042,16.451,8.5136,26.38,152.15,1
129.23,32.686,3.513,0.1323,0.0714,100.11,132.1,6.7363,6.204,208.13,1
50.936,18.886,3.1553,0.2273,0.1178,14.725,21.46,10.77,17.418,162.01,1
20.325,12.878,2.3811,0.474,0.2765,14.677,12.593,-6.7737,4.829,241.91,1
18.741,10.378,2.233,0.5205,0.2661,-25.677,-4.8642,3.508,73.613,93.339,1
23.98,18.485,2.8341,0.4088,0.2352,3.0043,18.026,18.772,2.3258,54.305,1
24.657,14.827,2.8785,0.4246,0.2242,-18.226,13.26,-10.256,1.87,60.712,1
19.644,17.803,2.4807,0.5554,0.2992,-23.6,-14.443,19.195,15.401,235.35,1
26.692,10.138,2.3701,0.5416,0.3006,-4.48,-19.063,-6.3652,21.638,213.76,1
33.546,21.397,3.1052,0.2967,0.1637,19.77,18.287,9.764,8.7244,176.3,1
17.4,11.124,2.415,0.55,0.275,-0.9991,6.1629,0.1948,33.563,217.05,1
45.777,14.517,2.9829,0.3131,0.1742,36.245,44.106,4.8892,2.119,218.88,1
100.35,39.783,4.0566,0.0897,0.0453,123.44,95.592,23.806,0.9568,227.37,1
21.045,7.123,2.1123,0.6795,0.3436,0.4532,-6.0934,-6.1947,4.066,78.513,1
58.353,31.446,3.6095,0.1737,0.0933,34.346,54.397,20.721,2.173,141.67,1
37.161,9.7527,2.4886,0.474,0.2451,43.218,25.458,-7.8328,16.697,168.03,1
35.246,16.119,2.9219,0.2944,0.1825,20.845,27.512,10.663,1.9002,151.06,1
26.825,16.147,2.7723,0.397,0.2052,-36.877,-17.092,6.6114,3.717,143.24,1
23.142,12.903,2.2577,0.5414,0.3011,-15.382,-11.453,7.3136,12.137,76.186,1
22.315,10.378,2.1847,0.5556,0.2974,-23.514,-18.38,-10.594,20.212,220.35,1
110.58,28.804,3.709,0.1446,0.0794,-53.608,88.063,12.833,0.3439,308.04,1
16.641,11.156,2.238,0.6012,0.3902,0.3693,-3.2179,-7.6557,20.09,249.82,1
20.11,10.726,2.5165,0.6575,0.3333,-24.097,-11.291,-9.9808,13.961,186.87,1
26.401,13.283,2.6508,0.5296,0.2849,18.862,22.363,9.7745,31.155,125.27,1
55.343,22.586,2.9243,0.2524,0.1339,11.751,31.697,-17.38,25.777,190.12,1
107.9,19.121,3.0122,0.281,0.1842,-32.902,67.781,18.524,0.101,328.73,1
82.615,34.495,3.5741,0.2674,0.1561,25.454,46.593,-18.197,1.979,387.26,1
42.347,23.625,3.0197,0.2876,0.1581,-17.202,-47.303,-15.5,59.389,46.616,1
90.962,40.337,3.9254,0.1054,0.053,-3.5037,70.517,-38.928,0.8542,257.92,1
25.197,14.991,2.2707,0.4504,0.2332,4.3585,9.961,-12.522,5.161,192.37,1
27.265,12.784,2.6464,0.5756,0.2946,13.774,26.06,7.8186,7.9881,148.29,1
13.453,10.301,2.3375,0.8046,0.4115,-14.817,-3.3077,11.88,23.934,146.81,1
23.96,12.452,2.4942,0.4583,0.242,-8.6907,3.1424,-8.975,14.77,83.278,1
36.986,11.798,2.8085,0.3481,0.181,-30.693,8.6971,11.428,3.1203,209.58,1
39.997,18.278,3.0765,0.2784,0.1572,35.516,36.304,10.364,0.851,261.95,1
20.089,7.2875,2.0626,0.7446,0.3939,2.8514,-10.132,-5.3405,78.324,176.4,1
51.448,17.234,2.7063,0.2439,0.1268,90.04,-38.749,-8.8198,8.1035,168.73,1
20.393,10.563,2.3324,0.6372,0.3651,-19.562,-19.106,-11.41,62.838,240.3,1
17.484,7.3006,2.3064,0.8296,0.5358,3.9056,-3.7655,5.0078,44.622,86.762,1
36.744,16.642,2.6542,0.3725,0.2317,-3.7691,31.04,8.1484,25.831,187.84,1
51.486,16.554,2.8442,0.2806,0.1496,47.998,35.286,-11.825,7.8974,168.76,1
54.378,15.893,2.7239,0.389,0.2162,-87.254,44.641,13.356,7.6374,243.86,1
76.168,19.37,2.8946,0.2639,0.1396,56.054,60.936,12.435,3.5156,215.2,1
92.097,33.899,3.8928,0.1307,0.0688,-72.797,64.566,-15.721,1.0381,312.78,1
40.698,30.74,3.4551,0.1588,0.0805,39.94,25.962,8.9297,7.8862,127.08,1
27.753,12.565,2.3531,0.4568,0.255,17.093,19.023,7.9323,0.2168,94.615,1
58.785,29.634,3.4814,0.1479,0.0741,-6.4259,39.373,-14.396,5.136,209.09,1
31.966,15.139,2.5635,0.3552,0.209,1.3463,-16.744,-10.775,10.655,169.87,1
68.299,29.953,3.1211,0.1854,0.1192,21.792,45.266,-19.509,3.5619,230.05,1
57.274,29.909,3.6651,0.1671,0.0892,23.974,45.658,-20.447,7.8961,173.96,1
100.55,65.158,4.3492,0.0667,0.0344,-86.231,73.891,43.549,6.602,315.35,1
69.999,23.16,3.0667,0.1741,0.0913,-61.453,24.821,-9.4721,0.0796,213.28,1
18.909,12.976,2.4541,0.5097,0.2724,14.146,10.043,4.9831,25.048,200.67,1
34.281,17.501,2.8678,0.3349,0.1783,9.9103,21.069,14.662,0.2299,167.95,1
40.098,11.432,2.5198,0.5287,0.3489,45.881,19.092,9.9237,2.622,242.38,1
48.767,24.23,3.0296,0.1803,0.0957,18.552,37.377,18.211,16.484,168.56,1
50.639,30.663,3.5629,0.1653,0.0891,35.624,32.809,20.907,5.1984,144.38,1
66.218,10.805,2.4594,0.441,0.2448,84.534,-39.914,7.2607,8.48,188.58,1
12.632,11.793,2.4108,0.7068,0.3709,-15.701,8.1963,10.769,82.668,200.75,1
26.347,17.849,2.4893,0.3501,0.1831,36.934,13.635,-11.904,56.071,165.41,1
34.272,24.148,3.134,0.2299,0.1216,26.953,-11.038,-18.633,7.6209,115.87,1
21.486,15.162,2.3454,0.465,0.246,-23.773,-18.86,7.9032,3.3258,126.04,1
65.716,25.313,3.5375,0.2184,0.1176,-70.129,59.124,4.056,0.187,291.36,1
84.677,27.439,3.4433,0.1586,0.0823,-14.748,45.271,18.543,6.325,285.15,1
23.412,12.38,2.5092,0.4365,0.2647,-5.5462,-13.717,-7.9768,33.246,159.3,1
23.715,17.679,2.5676,0.4736,0.2963,13.871,12.333,13.588,12.658,146.43,1
54.025,17.885,3.0241,0.2753,0.167,21.592,43.658,6.1489,2.499,266.97,1
31.645,19.14,2.666,0.2869,0.1456,-0.6528,-12.193,-12.443,3.7388,88.921,1
50.189,9.2552,2.711,0.3366,0.1819,5.4211,36.121,-10.213,4.735,245.76,1
12.726,11.664,2.0354,0.7189,0.3733,-15.344,6.703,11.341,58.274,241.68,1
23.79,10.696,2.3284,0.5962,0.3122,-32.435,17.4,-7.1289,14.87,150.93,1
38.96,27.53,3.3717,0.1972,0.1064,39.149,20.916,17.033,3.7694,206.49,1
77.737,24.138,2.9574,0.2449,0.1407,-23.787,58.705,7.7287,14.363,317.96,1
32.101,22.811,3.134,0.2203,0.1201,5.1226,-7.4837,12.19,4.977,155.65,1
40.863,31.563,3.2075,0.1904,0.1014,25.675,-15.999,-15.339,4.428,77.828,1
113.1,35.803,3.407,0.1763,0.0958,-36.492,66.431,-23.802,2.787,324.02,1
18.247,10.554,2.1703,0.5541,0.3074,0.0002,0.2587,5.6598,76.904,229.34,1
13.147,9.8234,2.3414,0.8155,0.5399,11.899,8.4986,10.376,52.035,164.31,1
65.999,24.86,3.2931,0.1507,0.0822,39.256,58.34,-15.894,6.9956,196.39,1
60.982,18.809,2.9954,0.2254,0.1198,-35.185,-33.79,-14.076,1.3991,204.83,1
18.104,10.749,2.1644,0.5205,0.2637,0.7222,-6.0334,2.9306,20.707,84.108,1
30.822,10.246,2.3901,0.4644,0.2546,-41.754,15.401,6.6259,28.683,186.95,1
45.676,22.38,2.9031,0.2288,0.1394,31.131,38.502,8.1371,6.4023,242.55,1
81.036,31.419,3.5101,0.2774,0.1401,-8.6304,-52.092,19.53,3.3315,377.69,1
29.479,12.891,2.4306,0.3636,0.1911,28.832,17.079,-7.189,59.355,107.01,1
33.202,11.131,2.4158,0.3263,0.167,1.6365,21.204,-4.1333,29.908,114.7,1
79.051,34.477,3.7622,0.2268,0.136,13.123,45.309,14.792,2.3684,343.05,1
74.576,24.496,3.2781,0.1892,0.0988,12.057,-23.098,14.049,1.863,257.48,1
75.836,24.767,3.2711,0.2084,0.1111,59.626,74.311,15.315,2.9174,286.23,1
31.071,17.322,2.5132,0.4386,0.2439,-36.231,-16.135,9.6278,52.617,178.16,1
31.075,14.896,2.2934,0.4275,0.2265,44.959,-19.956,8.2377,36.844,156.36,1
23.805,12.369,2.29,0.6154,0.3513,-27.105,-10.318,-6.8164,4.708,238.97,1
41.675,16.613,2.708,0.4074,0.2302,37.816,41.236,10.552,0.5379,145.58,1
49.698,16.844,2.7973,0.327,0.1683,-93.416,45.765,-10.928,5.0099,237.11,1
20.372,7.229,2.0917,0.7368,0.3765,-2.8904,10.556,5.6275,8.2645,232.58,1
125.39,56.593,4.339,0.0572,0.0295,147.4,114.29,11.986,3.601,198.6,1
85.837,15.929,2.8525,0.2669,0.1566,-74.103,41.502,-10.228,2.144,256.35,1
16.002,11.805,2.301,0.62,0.3225,-0.6808,3.9196,-4.1799,82.095,181.4,1
23.835,18.643,2.8322,0.3782,0.2436,-17.265,-11.766,7.1626,69.237,64.239,1
76.269,28.38,3.3471,0.1093,0.056,-122.11,51.092,13.227,4.1242,219.47,1
29.275,16.984,2.6196,0.4466,0.2509,18.698,22.11,-9.813,20.19,159.05,1
12.839,11.429,2.1599,0.7266,0.4118,15.102,-8.2459,-9.6686,5.316,146.03,1
13.007,10.822,2.2188,0.7553,0.4743,-13.613,5.3116,-8.5435,78.917,194.85,1
94.205,15.466,2.9297,0.468,0.2581,39.432,-64.444,-13.715,2.8858,401.13,1
35.808,21.398,2.6365,0.3164,0.1605,-33.237,-22.881,8.6511,3.755,202.7,1
53.917,21.016,3.1784,0.1797,0.0945,47.866,30.184,12.316,0.6112,243.7,1
22.394,18.889,2.7024,0.3671,0.1835,33.627,12.248,-9.0885,45.608,72.958,1
33.775,19.289,2.6547,0.2946,0.1539,22.233,25.344,-10.559,30.202,59.013,1
22.107,15.266,2.3454,0.4786,0.246,35.01,-18.762,9.04,4.692,214.96,1
33.297,26.125,2.9959,0.3322,0.1954,13.326,31.31,26.344,34.769,204.29,1
22.345,6.5675,2.2636,0.7411,0.3896,25.021,9.1562,6.7759,11.935,131.53,1
52.821,16.76,2.7828,0.3001,0.169,21.828,30.973,4.2133,14.834,186.72,1
93.429,27.518,3.7277,0.1945,0.0995,69.63,69.983,-16.681,2.8918,279.52,1
25.605,15.488,2.6785,0.3732,0.2044,7.0597,15.44,-10.284,35.389,112.82,1
72.387,39.117,3.3867,0.2328,0.125,-13.281,53.994,-33.502,14.878,311.77,1
46.88,25.764,2.6101,0.3117,0.1779,24.424,41.234,-13.558,10.086,267.44,1
18.941,10.065,2.2122,0.5951,0.316,23.608,9.8337,-5.0609,41.804,203.44,1
27.546,11.672,2.4401,0.5917,0.314,-15.609,-9.8531,6.8762,16.771,190.61,1
61.785,23.012,3.041,0.283,0.1479,-46.812,58.07,-15.283,0.2111,294.29,1
51.81,20.634,3.1855,0.2179,0.1093,13.7,49.52,-9.6974,8.0894,142.78,1
12.854,11.47,2.1717,0.734,0.3805,15.121,-5.57,-11.582,81.244,126.5,1
60.398,18.573,3.0092,0.2614,0.1366,36.511,52.041,-9.8305,2.873,251.56,1
34.845,16.721,2.7122,0.3143,0.16,9.3909,23.415,-7.5272,2.7439,249.21,1
18.577,10.199,2.2095,0.5926,0.3488,21.813,11.63,3.4382,76.571,200.41,1
36.261,19.414,2.9545,0.2665,0.1338,31.474,6.0049,-6.6167,17.205,112.52,1
71.677,25.949,3.3743,0.2543,0.1502,-32.3,68.482,-20.206,1.0945,297.82,1
12.496,11.971,2.0846,0.6914,0.358,-16.119,9.0169,10.276,71.823,200.42,1
25.729,18.39,2.7501,0.4587,0.3102,22.782,23.476,8.6497,7.882,126.86,1
83.792,28.045,3.894,0.1413,0.0741,40.647,77.906,-10.935,1.061,250.67,1
111.82,34.348,3.2641,0.16,0.0944,-82.761,-76.815,30.398,1.692,256.2,1
18.794,10.143,2.2148,0.5976,0.3079,-23.785,-9.4294,-5.3422,35.583,160.8,1
37.2,26.624,2.736,0.2167,0.124,-11.015,-24.764,-19.695,0.071,185.57,1
27.193,20.728,2.8742,0.3166,0.1757,29.394,7.0961,14.389,12.83,239.45,1
108.73,31.98,3.7864,0.1321,0.0689,87.949,78.349,23.165,2.923,304.03,1
12.977,11.078,2.1945,0.7476,0.4441,-14.31,6.7507,9.7284,68.446,212.57,1
19.839,9.9073,2.281,0.6544,0.3796,7.1296,-16.387,-10.768,26.512,190.64,1
28.342,13.917,2.3655,0.3707,0.1875,-5.775,-20.67,-9.6614,78.069,160.36,1
24.439,20.355,2.6004,0.2861,0.1568,-7.4896,-12.349,8.9482,26.113,228.27,1
94.772,30.787,3.5949,0.105,0.0527,18.703,85.405,17.124,4.109,200.6,1
18.894,15.449,2.3757,0.56,0.3347,18.07,19.467,6.387,2.707,214.56,1
21.713,6.7565,2.0917,0.7126,0.417,22.952,12.94,6.5338,25.071,142.13,1
93.775,25.267,2.9863,0.3333,0.2121,-54.232,40.213,11.321,3.097,329.22,1
35.2,16.9,2.8096,0.3395,0.1744,-47.788,14.985,-10.453,12.889,229.9,1
41.984,20.4,2.6289,0.322,0.1939,32.273,36.419,-15.543,5.783,161.8,1
21.286,11.447,2.2122,0.5828,0.3098,-11.438,-19.769,-8.6863,50.047,238.41,1
19.462,12.557,2.3738,0.4989,0.2981,1.2733,-8.3848,-10.156,15.001,140.91,1
40.73,11.966,2.5079,0.3106,0.163,55.792,28.197,7.296,27.368,59.784,1
19.466,10.787,2.3483,0.6099,0.352,7.8758,-17.119,9.3704,14.301,243.18,1
32.656,14.453,2.8267,0.4098,0.2198,-8.3825,23.82,-6.8912,21.475,227.56,1
22.265,12.1,2.5328,0.5249,0.3358,-9.093,-10.561,9.7002,10.019,199.54,1
17.448,10.691,2.3263,0.6368,0.3278,21.486,10.402,-6.1704,65.73,165.67,1
45.923,13.906,2.6207,0.3305,0.1856,-19.459,-27.982,-13.422,10.455,112.96,1
81.728,39.215,3.4594,0.2226,0.1186,17.637,-41.565,-23.659,0.345,347.3,1
78.723,16.108,3.1596,0.2763,0.1666,50.844,72.201,8.0076,1.585,209.64,1
69.664,22.687,2.8845,0.4018,0.2277,-80.575,-52.7,13.206,1.252,319,1
28.11,11.456,2.3775,0.5409,0.304,31.928,18.912,-10.765,44.101,144.12,1
35.366,13.713,2.9253,0.4074,0.2227,-9.8401,-6.7135,-11.704,6.7587,206.62,1
13.311,10.338,2.1658,0.7986,0.4676,13.604,6.0074,11.407,7.035,163.04,1
43.237,13.135,2.6994,0.3576,0.1988,-3.7308,-23.567,8.2795,7.006,258.52,1
12.999,11.234,2.0881,0.751,0.3796,14.995,-2.9654,-11.802,77.453,127,1
20.253,12.989,2.2844,0.4935,0.2519,-14.692,-5.9448,-3.8468,53.563,177.37,1
87.514,11.422,2.4928,0.5145,0.2685,-101.22,-57.788,7.7962,1.683,284.26,1
16.71,10.868,2.3032,0.6617,0.4005,-3.2093,6.5996,8.0803,2.0198,179.31,1
40.886,20.157,3.1378,0.2279,0.119,23.998,-18.114,11.836,5.544,212.25,1
45.559,9.9957,2.5809,0.3885,0.1955,17.028,34.961,-7.8856,14.417,177.68,1
22.538,12.465,2.281,0.6073,0.3743,-15.782,-15.589,-9.7158,40.165,228.07,1
21.555,10.22,2.3444,0.5973,0.3009,-3.3141,15.874,4.8415,31.064,160.52,1
21.034,9.269,2.281,0.623,0.3796,3.9848,-15.16,-10.466,44.802,210.1,1
28.087,11.363,2.4778,0.4559,0.2579,1.2535,-5.7541,-11.745,34.94,167.22,1
51.216,23.569,2.7156,0.2907,0.1761,-86.593,37.287,-22.066,22.58,282,1
31.618,17.067,2.7767,0.3629,0.1931,25.907,11.435,-7.234,2.98,146.04,1
24.823,15.46,2.6556,0.3779,0.1934,37,9.2891,-13.616,20.949,228.84,1
34.485,15.133,2.772,0.3669,0.2105,12.245,13.261,12.577,4.916,168.71,1
25.823,18.289,2.8146,0.4015,0.2582,-11.17,12.971,-2.6258,3.18,147.78,1
27.925,14.784,2.4836,0.3448,0.1855,-43.21,16.816,5.0845,11.507,173.85,1
35.914,25.526,3.3118,0.2478,0.1256,21.209,18.594,15.773,1.746,151.84,1
20.983,12.382,2.404,0.4852,0.2544,27.66,9.2499,-9.9358,69.7,224.59,1
36.613,26.672,2.757,0.2747,0.1584,15.056,-28.799,-17.383,66.197,111.88,1
30.165,16.452,2.8901,0.3335,0.2041,2.6149,13.309,10.41,7.443,168.68,1
24.784,14.314,2.5237,0.4521,0.259,-1.1806,-20.355,-7.9676,1.3628,214.99,1
42.056,19.018,3.1033,0.227,0.1139,-16.217,24.654,7.6598,0.091,191.55,1
27.95,8.4249,2.2041,0.5813,0.3531,-12.992,-20.698,4.2636,60.468,59.788,1
26.043,13.979,2.4378,0.4234,0.2464,25.514,21.982,-7.4869,31.443,205.45,1
68.169,29.611,2.9605,0.2924,0.1824,-68.223,38.914,20.957,3.585,262.11,1
20.39,12.576,2.4273,0.4748,0.2411,-2.6558,10.676,9.7661,37.113,213.76,1
53.199,25.153,2.9724,0.2291,0.1359,-23.163,-43.479,16.295,4.7161,202.75,1
46.432,15.658,2.8209,0.3489,0.179,-56.655,27.865,3.4168,2.693,181.56,1
27.665,17.241,2.5024,0.4245,0.2437,1.0215,17.116,-14.023,2.315,138.3,1
40.306,13.327,2.635,0.3268,0.2051,-29.563,-28.677,7.8411,13.838,185.47,1
21.683,15.851,2.4843,0.4262,0.2311,-21.61,-14.307,-11.009,18.167,219.39,1
44.757,11.436,2.616,0.3317,0.1731,-68.964,27.845,3.8654,1.0447,192.3,1
13.031,11.041,2.1508,0.7562,0.4346,14.406,-5.8704,10.816,18.039,239.11,1
28.474,21.075,2.6623,0.2742,0.1425,0.2591,-20.039,14.849,28.75,232.19,1
35.357,11.579,2.5832,0.4151,0.2441,13.291,-22.171,-11.624,30.372,67.125,1
73.597,26.971,3.0609,0.2364,0.136,-20.088,69.954,-21.742,11.931,305.04,1
92.95,23.587,2.747,0.3527,0.2104,110.04,-31.81,22.43,12.255,224.66,1
19.553,15.733,2.5682,0.4297,0.2257,1.6584,-9.2663,-8.1299,15.833,82.823,1
38.75,15.501,2.6508,0.4067,0.2112,-29.386,-35.355,11.423,13.666,175.62,1
82.602,30.419,3.3685,0.2016,0.1226,44.456,80.069,20.552,10.383,260.12,1
30.142,10.775,2.3811,0.5031,0.2765,19.542,28.245,8.6513,4.945,187.27,1
32.935,13.678,2.6739,0.4301,0.2871,15.221,31.426,6.8767,9.6233,182.67,1
21.172,10.71,2.1959,0.5605,0.2898,6.9952,-18.182,10.041,82.063,240.37,1
13.823,12.533,2.3404,0.7169,0.4269,-0.2108,-2.7347,8.0159,15.822,161.58,1
23.921,0,2.0663,0.7382,0.3906,26.137,14.755,0,14.407,104.42,1
30.67,21.208,3.0378,0.2997,0.1618,-3.9523,17.189,-8.1886,23.142,102.19,1
67.48,23.474,3.0993,0.2554,0.1404,-33.726,38.805,-5.279,2.6617,306.19,1
22.997,11.349,2.5949,0.5438,0.2986,-5.0415,-22.057,6.5046,2.366,182.31,1
42.967,19.581,2.5769,0.3444,0.2397,-32.013,-32.23,9.8792,10.101,174.97,1
30.165,16.639,2.4166,0.4176,0.2395,-37.529,-16.958,9.4955,7.586,111.56,1
60.041,21.647,2.9317,0.3312,0.1855,32.954,49.845,15.346,1.088,242.92,1
98.247,18.616,2.8065,0.2217,0.1272,62.741,85.642,-10.168,0.72,166.67,1
36.038,14.469,2.9222,0.3481,0.1752,29.879,31.488,11.255,4.35,188.98,1
22.029,12.291,2.4907,0.5557,0.2892,23.564,15.449,7.0626,26.823,192.38,1
21,7.1029,2.1688,0.7051,0.3627,-24.332,-9.9623,-6.1514,12.863,162.61,1
86.423,23.855,3.3173,0.2986,0.1832,-19.526,-47.096,-9.5435,5.462,321.67,1
51.103,31.524,3.7553,0.1442,0.073,32.268,29.055,21.008,3.2945,140.58,1
25.319,15.072,2.7807,0.4225,0.2527,26.315,21.791,-8.351,14.263,164.35,1
21.941,20.878,2.6435,0.3864,0.2148,21.465,14.747,-10.7,74.712,117.59,1
87.424,33.503,4.0457,0.1056,0.053,23.15,86.408,16.031,0.2731,205.14,1
25.238,17.463,2.6839,0.4389,0.3075,23.437,20.761,5.9767,9.1044,189.92,1
49.968,21.411,2.7807,0.2552,0.1417,23.773,54.478,-19.155,16.288,83.754,1
33.744,17.071,2.6196,0.3745,0.2053,1.7642,-19.187,-8.7999,15.865,162.56,1
21.098,12.511,2.5099,0.476,0.2458,18.102,11.115,8.0292,35.984,136.19,1
73.334,25.312,3.0904,0.1811,0.0914,12.842,-30.142,-15.107,8.8123,201.98,1
27.123,18.342,2.723,0.4144,0.2412,-8.365,-5.4101,15.041,39.068,50.54,1
24.129,12.362,2.6646,0.5065,0.276,2.0266,17.142,-8.7257,40.061,84.677,1
59.581,20.164,2.6551,0.5221,0.2887,-51.671,-39.262,18.015,7.0357,346.26,1
22.451,5.9922,2.2636,0.7956,0.5095,-20.278,-16.949,-6.6888,11.529,111.21,1
25.326,14.583,2.6862,0.4573,0.2338,32.639,15.212,-11.994,7.1654,141.72,1
94.278,37.891,3.8427,0.1273,0.0677,-72.935,70.931,-13.14,3.203,256.87,1
28.479,11.732,2.4698,0.3864,0.1949,18.351,-18.726,9.2993,3.893,137.66,1
50.633,18.906,2.754,0.2872,0.1507,-64.802,26.768,-11.062,13.767,261.18,1
25.294,0,2.2368,0.713,0.3797,0,0,-11.243,70.559,78.059,1
20.73,11.43,2.238,0.5954,0.3555,-13.185,-19.418,-2.7731,67.754,61.51,1
52.557,19.09,3.0328,0.2893,0.1655,33.714,54.904,5.2874,2.29,230.09,1
52.706,20.408,2.6469,0.4374,0.2785,-58.894,-30.443,18.615,2.228,282.41,1
36.599,24.263,3.2816,0.2322,0.1226,26.519,28.812,-16.036,13.191,105.19,1
23.634,12.691,2.4579,0.4599,0.2422,-8.4408,-14.489,3.6345,24.963,134.23,1
12.907,11.3,2.2188,0.7372,0.4199,14.839,-7.5277,-10.2,27.399,122.52,1
12.995,9.5535,2.2776,0.8232,0.5726,-11.08,-9.3233,9.7537,83.93,127.81,1
57.113,18.803,2.7122,0.3065,0.1775,-4.182,-43.481,-16.738,1.299,178.27,1
12.792,11.531,2.1189,0.7224,0.3992,15.322,-8.3057,10.151,12.245,104.11,1
32.639,12.698,2.5391,0.3208,0.1633,26.307,-14.751,-6.4239,21.573,229.99,1
23.213,9.9944,2.5145,0.5535,0.2859,-25.483,-17.311,10.502,5.932,153.64,1
38.394,12.636,2.6299,0.4408,0.2497,-25.144,-36.081,8.9031,20.47,51.436,1
23.619,21.701,2.7156,0.3677,0.2166,-3.7176,-17.834,-20.171,77.288,177.05,1
33.767,12.526,2.7709,0.4441,0.2619,28.61,30.527,7.1987,2.916,215.94,1
13.263,10.713,2.3107,0.7824,0.4083,14.739,2.4181,-11.859,71.878,167.55,1
40.634,17.743,2.7931,0.3156,0.1586,33.059,36.917,13.853,7.9894,139.12,1
69.55,24.628,3.4084,0.2058,0.1052,29.931,66.027,14.388,9.3943,241.04,1
20.825,15.237,2.4997,0.4494,0.2484,-0.8574,2.8524,9.1903,10.312,137.16,1
54.158,16.756,2.757,0.2275,0.1164,86.425,-29.73,13.195,1.296,206.25,1
20.205,12.664,2.5916,0.4942,0.283,18.44,11.34,-5.547,6.745,196.75,1
23.652,16.738,2.7763,0.405,0.2435,1.3517,-9.0462,-10.056,10.816,197.08,1
29.228,22.394,2.8503,0.3035,0.1546,11.937,21.9,-19.204,17.345,164.09,1
33.029,18.541,2.6037,0.2964,0.1507,35.635,-26.244,6.0778,8.163,140.15,1
66.405,29.698,3.3304,0.1467,0.0759,13.95,21.689,24.253,1.464,252.14,1
22.872,10.193,2.238,0.5723,0.3092,-30.71,15.092,-6.3559,50.757,55.728,1
22.678,10.599,2.4289,0.5624,0.2886,12.143,17.063,6.6627,0.279,142.22,1
122.95,20.622,2.9754,0.2032,0.1032,-242.42,128.31,12.764,8.35,158.75,1
69.746,22.049,3.0849,0.1513,0.0761,0.0886,54.457,-9.5143,7.459,193.62,1
77.736,37.784,3.9715,0.1127,0.0564,20.669,75.39,16.154,4.3928,235.57,1
27.071,15.122,2.6817,0.4662,0.2549,12.801,18.215,-11.337,41.512,104.73,1
90.349,25.929,3.1258,0.2507,0.1635,0.2566,68.873,14.594,1.81,362.08,1
34.568,20.494,2.854,0.3695,0.2414,-2.9089,-30.567,-15.475,1.3098,253.42,1
17.081,10.523,2.4487,0.6584,0.4181,1.4967,-5.2722,8.0122,70.176,169.5,1
97.179,46.408,4.1774,0.0911,0.0496,75.927,83.438,33.633,2.833,315.63,1
25.778,11.205,2.5099,0.5595,0.3725,4.6601,21.016,-10.127,8.288,123.18,1
97.975,29.984,3.5594,0.2082,0.1198,-29.779,72.855,-6.7243,2.449,300.48,1
16.762,7.1765,2.3738,0.8499,0.5729,4.0671,6.7219,-5.8627,18.921,189.14,1
85.455,21.651,3.3865,0.1799,0.0959,42.529,88.956,8.4555,12.615,226.33,1
43.397,19.438,2.9261,0.3023,0.1642,15.62,28.697,19.063,6.797,262.02,1
35.118,25.944,3.1561,0.245,0.1428,-6.8607,-10.317,9.6784,84.906,57.773,1
12.715,11.681,2.1351,0.7179,0.37,-15.308,6.3158,-11.411,7.3446,200.36,1
29.967,22.483,2.9159,0.2888,0.1584,17.835,18.687,-3.6662,7.226,78.379,1
33.564,17.992,2.666,0.3085,0.1672,6.0098,14.74,11.028,2.9039,110.03,1
76.502,16.563,2.9232,0.21,0.1116,78.76,73.119,-5.4465,15.814,219.81,1
64.616,19.266,2.9754,0.3302,0.2228,-39.93,50.993,-16.762,10.652,298.28,1
76.387,33.668,2.9965,0.2651,0.1739,34.527,19.62,-21.835,10.377,377.97,1
101.35,31.872,3.4574,0.219,0.1209,-69.88,46.786,-17.425,4.929,326.7,1
84.623,22.981,3.0531,0.2221,0.15,-44.192,43.891,14.841,1.7962,317.62,1
28.107,20.26,2.8985,0.3196,0.1623,3.7101,26.614,-12.753,23.326,95.676,1
77.932,17.92,3.1575,0.1976,0.1033,1.6676,34.614,-4.8396,5.397,255.97,1
19.255,12.934,2.3086,0.4963,0.258,15.203,9.768,-6.4309,9.1317,183.78,1
96.782,37.315,3.7516,0.1596,0.0811,-0.1735,57.974,-28.766,0.7623,361.44,1
13.14,10.853,2.1775,0.7708,0.4352,14.301,-3.6418,-11.365,20.124,222.53,1
36.728,7.0838,2.3483,0.6637,0.3565,23.272,18.278,6.2712,10.692,209.02,1
23.056,15.999,2.4955,0.476,0.3115,-9.0445,-22.476,-11.023,15.277,100.76,1
76.023,30.318,2.917,0.2651,0.1459,78.255,54.817,25,8.953,275.93,1
20.003,7.3665,2.2799,0.7139,0.4068,0.6315,-5.9995,5.3228,35.98,65.345,1
78.029,26.51,3.2696,0.1924,0.1045,59.629,52.276,-23.588,0.4823,246.39,1
26.387,14.373,2.4518,0.4134,0.2385,4.9216,21.508,-8.1373,16.068,167.92,1
20.968,6.9982,2.0881,0.7347,0.4041,-22.579,-12.731,6.0936,19.511,275.28,1
21.268,11.316,2.2068,0.5652,0.3012,12.024,19.386,-8.6881,39.8,128.22,1
22.79,9.9419,2.2279,0.568,0.3107,-24.209,-18.033,10.857,5.0165,155.1,1
19.21,9.7685,2.4216,0.5909,0.3731,21.553,12.599,2.4074,26.238,169.09,1
19.613,6.9686,2.2516,0.8123,0.4398,-19.926,-13.876,4.3106,9.825,87.948,1
22.935,13.189,2.4158,0.5413,0.3436,21.327,18.232,8.3815,47.192,177.37,1
14.132,12.584,2.3979,0.704,0.358,0.3319,2.8754,-3.5628,13.127,133.67,1
78.143,26.338,3.5446,0.1878,0.0997,59.35,69.856,17.832,1.9837,268.89,1
58.689,15.509,2.786,0.3306,0.2021,-64.47,47.077,-9.1711,1.7099,266.07,1
20.566,10.067,2.3579,0.636,0.3575,3.5753,-15.242,-2.1569,0.9738,190.7,1
114.05,38.24,3.3595,0.1372,0.0719,-153.44,65.133,-20.608,6.526,326.32,1
78.805,17.263,3.1413,0.2752,0.1427,-46.434,62.44,12.128,4.2924,283.53,1
122.17,36.542,3.7497,0.1176,0.0606,122.71,92.962,16.402,2.9702,228.21,1
21.073,9.9977,2.301,0.61,0.3325,6.1894,-17.094,-10.667,37.679,115.69,1
62.518,30.978,3.4633,0.138,0.0707,39.846,70.918,-19.013,10.137,150.08,1
24.85,16.778,2.499,0.3582,0.2044,36.535,6.1535,14.679,5.528,116.31,1
25.43,14.949,2.3149,0.4988,0.2639,13.54,-13.301,15.231,4.087,117.68,1
24.855,10.328,2.372,0.4798,0.2484,-15.125,17.591,-2.3673,57.769,178,1
23.805,14.533,2.5641,0.4175,0.2169,9.7391,10.459,2.8554,39.691,241.27,1
19.001,7.4775,2.1287,0.7435,0.4647,-0.686,5.1491,3.8661,43.714,181.24,1
32.222,21.936,3.0706,0.3587,0.2104,20.577,27.687,-7.2758,24.56,45.272,1
50.913,24.073,3.0881,0.2914,0.2004,-40.828,30.846,15.472,4.3666,319.4,1
25.52,12.04,2.4518,0.5088,0.3198,-15.237,-16.567,-7.284,4.684,219.7,1
34.621,21.728,2.9901,0.2701,0.1376,18.464,4.4838,13.048,10.048,158.14,1
32.942,13.349,2.4232,0.4113,0.2283,9.8005,-21.993,12.464,8.8499,216.47,1
53.929,12.378,2.4249,0.4436,0.2425,40.953,27.397,2.3665,2.882,222.21,1
35.179,11.137,2.601,0.4862,0.282,19.013,30.112,-6.7593,19.005,238.4,1
40.786,18.254,2.8733,0.2945,0.1667,-24.334,-18.781,-6.7613,46.766,162.08,1
36.084,29.374,3.3897,0.1989,0.1001,17.049,30.34,16.044,22.925,72.65,1
28.486,9.5755,2.4224,0.4802,0.2779,38.857,-15.112,6.6867,40.871,72.355,1
26.175,19.669,2.6821,0.343,0.1944,19.124,18.04,-15.29,45.296,116.01,1
21.921,17.334,2.4654,0.5171,0.286,14.618,17.178,-18.664,8.3521,183.24,1
56.043,23.348,2.9098,0.2265,0.1237,12.919,52.439,-16.098,1.7181,193,1
17.289,11.098,2.2355,0.5698,0.311,1.9631,-7.3545,5.4249,23.494,144.31,1
90.432,22.072,3.4254,0.1881,0.1065,-54.951,79.348,13.112,5.117,285.01,1
30.147,12.468,2.5746,0.3888,0.2117,7.1126,-20.143,-8.1708,5.9657,193.48,1
39.743,20.227,3.2121,0.2197,0.1194,22.758,24.32,8.7425,12.148,93.277,1
19.514,12.793,2.437,0.4899,0.2651,17.653,10.438,-4.2375,43.745,111.29,1
70.089,22.855,3.178,0.1328,0.0773,39.961,52.703,9.046,3.2454,226.96,1
89.487,33.683,3.9396,0.1254,0.0682,13.748,74.593,-29.477,0.009,280.33,1
25.756,14.637,2.3711,0.4,0.2106,-36.533,-12.889,13.06,46.401,88.191,1
19.964,9.4513,2.3032,0.592,0.3159,24.955,8.0911,-4.1738,49.037,37.826,1
33.597,20.15,2.749,0.3012,0.1702,-38.103,-24.952,12.02,10.355,183.66,1
41.904,22.856,3.1612,0.2263,0.1259,32.22,31.438,11.269,15.748,137.39,1
20.337,11.499,2.29,0.5795,0.3154,11.067,19.306,-8.4367,38.681,155.85,1
62.152,20.099,3.0563,0.2486,0.1585,49.242,59.87,11.275,0.5862,231.63,1
71.652,24.22,3.4689,0.1831,0.0973,-75.759,49.583,-18.012,4.126,253.24,1
38.726,21.951,3.1059,0.2821,0.1524,35.95,23.44,15.079,2.507,142.51,1
22.793,16.376,2.586,0.4099,0.2062,19.497,10.026,11.805,9.132,176.01,1
19.624,9.4747,2.3385,0.6009,0.3876,21.452,13.138,2.054,57.761,88.624,1
29.334,12.021,2.4683,0.4184,0.2296,15.953,7.2054,-8.0449,0.936,197.79,1
35.868,29.035,2.9157,0.2635,0.156,47.374,25.83,-28.305,4.5394,152.47,1
73.481,24.702,3.4501,0.1706,0.0938,46.577,74.59,-10.441,2.797,292.24,1
67.283,16.4,2.7007,0.4223,0.2699,56.834,58.952,-12.27,1.291,223.46,1
17.981,11.467,2.4564,0.6259,0.3269,-11.039,17.418,-9.2546,20.19,222.08,1
51.499,21.972,3.131,0.2404,0.1365,-9.3133,-37.721,-13.85,1.5331,228.88,1
27.646,12.157,2.6928,0.4179,0.2241,-22.577,-23.678,-8.1852,4.9577,204.64,1
50.352,12.791,2.772,0.3804,0.2274,-28.16,-37.619,8.0301,9.6757,179.12,1
35.478,19.095,3.0037,0.2786,0.1423,8.7399,-20.377,-12.522,60.676,49.471,1
20.663,7.0348,2.224,0.7522,0.409,-22.051,-13.054,5.837,36.199,39.086,1
66.804,32.977,3.683,0.1289,0.0721,39.118,66.133,10.477,16.085,148.58,1
42.818,17.58,2.6915,0.3683,0.2004,-41.91,7.2154,-12.357,4.9361,125.49,1
42.258,14.497,2.8454,0.354,0.1877,-45.543,-35.303,11.235,4.1593,211.33,1
45.924,16.928,3.0815,0.3083,0.1587,50.961,42.237,7.9519,4.8845,170.32,1
13.736,12.6,2.5198,0.716,0.4063,-2.989,-6.3322,-7.6312,38.402,215.58,1
50.868,16.839,3.0874,0.2527,0.1353,17.367,47.715,9.487,9.6532,250.95,1
19.18,15.877,2.3395,0.4805,0.2769,-5.5362,17.159,8.2466,15.627,132.25,1
72.007,21.589,3.3841,0.1924,0.1059,27.066,47.274,-13.504,3.422,236.24,1
20.425,11.334,2.3139,0.5922,0.3228,12.793,18.867,6.8393,71.07,121.82,1
22.938,16.139,2.3829,0.5714,0.3416,7.6585,20.671,13.398,56.237,217.07,1
23.773,17.486,2.5769,0.4053,0.2238,31.994,14.253,-12.574,47.735,172.19,1
27.364,11.992,2.5955,0.4213,0.2221,8.459,19.941,10.556,35.37,168.01,1
13.092,10.567,2.1351,0.7766,0.4872,-13.225,-4.3567,9.9715,51.288,216.56,1
45.239,16.348,2.9694,0.3444,0.1776,-11.712,44.007,-9.6365,0.609,233.86,1
38.085,15.303,2.4265,0.4419,0.2491,34.941,20.029,9.3065,16.309,137.1,1
37.835,21.049,2.5105,0.4475,0.2423,14.472,28.183,7.7546,13.932,304.32,1
20.118,7.2985,2.081,0.7386,0.3942,2.4848,-9.6912,-5.3881,74.511,179.28,1
86.049,28.653,3.0276,0.1924,0.1159,-92.427,72.593,-16.619,21.984,269.68,1
31.041,19.451,2.5514,0.3567,0.1868,28.909,21.707,-11.532,14.111,158.62,1
70.836,12.476,2.9178,0.3372,0.1734,37.222,77.285,-6.4622,1.046,166.39,1
12.984,11.26,2.2082,0.7492,0.3808,-14.997,3.5058,-11.784,40.463,222.71,1
25.737,16.499,2.721,0.4392,0.2519,16.669,23.335,-8.9524,17.512,152.87,1
12.661,11.75,2.273,0.7093,0.376,-15.683,8.378,10.605,15.499,165.81,1
55.48,27.161,3.1826,0.2299,0.1225,43.102,54.256,13.741,32.222,262.18,1
23.578,10.54,2.4354,0.5394,0.2734,-15.412,-17.423,-6.9925,50.598,178.9,1
62.963,19.393,2.9654,0.3649,0.2214,-43.502,27.367,-21.859,2.217,318.39,1
40.951,16.084,2.5521,0.3534,0.2006,-1.638,15.514,-4.2558,4.131,208.52,1
82.593,29.251,3.0633,0.2161,0.1327,-138.21,71.498,-14.879,34.303,269.97,1
30.288,12.826,2.4601,0.3882,0.2409,-28.918,-17.866,6.5964,26.845,229.35,1
47.48,15.989,2.9928,0.2806,0.1805,22.802,32.628,7.919,7.2636,160.62,1
24.833,19.329,2.6444,0.4512,0.237,-15.17,-8.5614,-15.464,12.974,194.34,1
21.477,12.062,2.6058,0.5601,0.3185,-1.5605,9.3728,-7.7419,36.335,209.94,1
27.751,7.6265,2.281,0.5969,0.3115,19.409,14.016,6.1881,15.261,80.879,1
44.259,17.797,2.6015,0.3805,0.194,-60.619,-17.212,-15.61,2.5856,280.74,1
20.29,7.1413,2.0917,0.7611,0.3927,-22.281,-12.331,5.4784,82.607,158.39,1
128.74,31.633,2.7952,0.5064,0.3309,-92.621,-110.63,16.721,43.513,256.59,1
81.546,29.122,3.8676,0.1309,0.0688,-4.2867,74.572,-10.568,1.8365,256.98,1
48.185,20.775,2.8791,0.2404,0.138,53.88,40.912,-16.526,13.072,234.83,1
28.011,11.989,2.4579,0.3868,0.2003,34.151,22.754,-10.126,0.4067,171.01,1
25.972,22.421,2.3683,0.7495,0.409,29.648,-11.913,22.694,15.733,361.28,1
24.227,17.198,2.541,0.4029,0.2345,12.966,-17.434,9.9375,3.9884,162.99,1
31.441,21.738,2.6594,0.3133,0.1676,1.9765,16.458,13.558,6.283,243.98,1
12.622,11.811,2.0588,0.7074,0.3624,-15.431,6.662,-11.291,57.286,166.29,1
40.53,18.727,2.76,0.3475,0.192,29.674,32.546,-11.333,26.937,132.05,1
17.8,10.926,2.1673,0.5306,0.2687,0,0,2.386,90,194.9,1
17.39,10.753,2.3096,0.6324,0.3211,21.688,10.136,6.1702,10.908,208.75,1
29.76,11.481,2.4005,0.5288,0.2803,27.912,21.799,9.8535,1.363,194.65,1
45.183,17.815,2.6454,0.276,0.1459,67.469,-18.677,-15.131,15.562,212.94,1
13.179,10.768,2.2,0.776,0.4385,14.223,-1.3856,11.432,44.15,72.316,1
29.494,11.549,2.4533,0.4542,0.2412,12.814,20.98,9.859,10.11,134.07,1
68.055,23.113,3.7484,0.1749,0.0906,21.626,53.952,10.716,2.3475,231.5,1
27.492,8.5165,2.3541,0.6018,0.3473,10.808,21.123,1.7764,4.18,90.342,1
25.668,12.791,2.5798,0.4263,0.2461,-18.524,-14.918,-2.5865,1.1917,160.57,1
35.725,12.892,2.5944,0.3664,0.1845,-39.624,17.419,7.7751,5.079,215.6,1
80.411,24.739,3.1181,0.1844,0.0987,-124.43,63.383,20.624,5.4106,276.14,1
48.821,20.079,2.7955,0.2594,0.1321,22.674,37.644,20.191,4.4742,239.74,1
23.422,19.157,2.7271,0.3693,0.2052,-13.705,8.3217,-11.858,18.152,45.98,1
20.339,11.363,2.4691,0.6078,0.3073,-4.6281,11.823,11.018,27.784,103.03,1
13.143,10.69,2.2467,0.7762,0.4618,-13.772,-2.7908,10.879,70.33,253.92,1
54.589,26.694,3.6761,0.171,0.0954,42.31,33.975,-18.718,1.893,146.31,1
13.226,10.807,2.2028,0.7774,0.3918,14.96,-0.646,11.895,63.489,197.71,1
38.707,19.82,3.1494,0.2715,0.14,22.621,27.37,16.352,11.295,206.45,1
57.202,37.119,3.6338,0.139,0.0803,57.629,36.592,-13.865,5.4811,105.12,1
15.951,10.844,2.2765,0.6878,0.463,-2.4098,-3.5824,9.0151,84.005,147.4,1
30.226,15.854,2.7756,0.3353,0.1819,-2.8406,-7.6128,8.1954,24.878,129.45,1
12.886,11.424,2.2492,0.738,0.369,6.806,11.73,0,61.346,68.374,1
30.205,18.882,2.7796,0.3173,0.1902,13.041,23.299,13.07,9.77,132.84,1
49.579,15.948,2.9861,0.2168,0.1172,25.248,-20.662,8.9217,3.751,212.23,1
42.194,19.769,2.9617,0.3069,0.1851,4.2098,37.785,17.587,5.313,186.23,1
20.117,12.543,2.4273,0.6019,0.3271,22.079,16.229,9.1758,20.152,176.13,1
44.479,17.052,2.8957,0.3039,0.171,30.628,19.448,-9.0242,6.165,139.36,1
49.257,18.428,2.8606,0.3846,0.2433,-56.784,-32.511,-20.395,3.3884,273.06,1
34.502,31.587,3.2449,0.1986,0.1033,-17.172,26.098,-19.945,36.155,208.95,1
16.259,11.537,2.4857,0.6078,0.3676,-0.7078,3.8543,-6.9955,33.426,218.45,1
24.541,12.109,2.4609,0.4671,0.2405,18.984,12.836,-9.0567,33.349,153.94,1
39.001,22.918,3.1947,0.2504,0.1523,-7.834,11.839,13.454,9.8286,208.24,1
31.798,23.058,2.8225,0.2769,0.1437,5.8781,-5.1985,14.662,41.924,80.918,1
46.304,26.674,3.1868,0.2276,0.1161,28.128,30.615,-18.855,7.0879,137.22,1
21.529,15.796,2.6527,0.4294,0.228,-9.3012,11.283,-11.824,5.343,69.319,1
30.203,17.583,2.7427,0.3454,0.2016,21.916,22.433,-10.938,18.134,140.07,1
21.308,12.398,2.4464,0.5295,0.3095,-16.655,-15.361,4.747,7.3869,151.44,1
30.136,10.903,2.3953,0.5433,0.3763,14.768,16.357,-8.0895,7.675,202.66,1
48.284,20.638,3.2297,0.2599,0.1405,-78.603,25.964,-12.639,2.228,262.28,1
20.121,11.09,2.2945,0.5685,0.297,8.6478,-18.384,-9.7232,37.606,159.09,1
26.96,13.919,2.4609,0.4256,0.2439,-35.719,-15.202,-13.633,21.556,194.29,1
83.516,35.801,3.4322,0.1213,0.0638,39.054,73.882,27.589,5.473,205.3,1
31.764,11.296,2.5641,0.3493,0.176,-28.482,18.314,-3.8177,16.98,123.71,1
28.759,18.132,2.6898,0.3575,0.2237,-9.2175,20.98,-15.365,18.917,139.74,1
57.278,13.604,2.8808,0.2868,0.1454,-65.726,51.378,9.8678,1.741,264.79,1
37.803,24.197,3.1394,0.2365,0.123,20.224,-28.032,12.648,26.928,206.21,1
70.623,30.137,3.6165,0.133,0.0678,32.951,53.328,17.16,2.043,229.75,1
95.037,22.346,2.6702,0.2714,0.1464,-119.03,54.586,-11.875,5.2528,278.96,1
56.018,14.48,2.954,0.2268,0.1195,72.143,29.077,-9.2597,11.562,144.29,1
13.172,10.877,2.1123,0.7722,0.4131,-14.652,2.9673,-11.743,47.269,123.9,1
24.055,12.836,2.2279,0.5503,0.3166,-27.955,-11.176,-5.4819,44.928,140.65,1
81.62,18.424,3.1559,0.2584,0.1316,79.536,90.206,8.1845,1.821,217.1,1
20.711,7.1883,2.0394,0.7123,0.3607,-1.8892,9.4876,5.9437,21.791,280.77,1
37.365,20.696,2.7235,0.31,0.1673,-22.411,17.994,-16.202,61.033,100.99,1
40.613,23.884,3.0147,0.289,0.1648,2.5821,24.436,-18.286,19.312,184.78,1
76.186,23.894,3.0936,0.2435,0.1528,-50.552,42.969,19.082,2.099,310.87,1
29.852,17.365,2.9289,0.3227,0.1655,17.824,17.996,12.244,4.524,213.75,1
27.304,7.4979,2.3139,0.6019,0.3617,-10.623,-6.131,-2.9807,19.817,171.72,1
24.174,10.633,2.3086,0.5061,0.2924,-7.5514,-18.331,7.1153,16.255,192.51,1
24.024,15.842,2.5746,0.4154,0.2463,19.901,-7.7529,4.4604,30.744,132.41,1
88.281,26.245,3.1239,0.2549,0.1711,-65.918,38.58,14.908,0.618,274.93,1
77.44,22.401,3.418,0.1723,0.093,55.484,78.525,-15.03,1.2989,222.15,1
17.497,7.4656,2.1945,0.7796,0.5463,-0.4062,-1.0474,4.2772,18.256,164.4,1
16.827,11.141,2.3483,0.6188,0.3386,3.7201,-8.2179,-6.662,49.271,43.115,1
26.569,25.741,2.9506,0.2723,0.1552,20.857,19.709,19.201,23.986,208.24,1
20.072,7.297,2.2188,0.7432,0.3958,-2.7155,9.9348,-5.3276,71.524,177.99,1
23.089,12.951,2.2201,0.5964,0.3102,10.149,15.125,5.69,45.055,95.728,1
155.36,19.85,2.6493,0.3475,0.1805,-86.667,-189.12,-18.476,36.245,193.74,1
28.78,15.253,2.3927,0.4251,0.2247,29.807,18.143,-10.543,21.34,164.68,1
20.289,9.1077,2.301,0.65,0.4275,-2.0924,13.333,9.7056,71.35,205.51,1
43.641,30.945,3.2459,0.1822,0.0911,-10.324,-31.642,-3.7498,69.045,138,1
77.192,16.288,2.9845,0.2808,0.1404,89.391,64.465,-7.8153,8.446,254.59,1
31.462,12.486,2.6154,0.4024,0.2097,17.188,22.264,9.9534,8.062,182.43,1
39.009,20.806,2.7727,0.2937,0.1882,3.2393,30.522,-9.5172,19.937,175.66,1
19.61,10.781,2.3243,0.6303,0.3531,-7.1604,16.971,7.8383,5.895,123,1
91.054,19.431,2.7973,0.2504,0.1364,71.532,95.92,-4.0488,14.368,205.31,1
22.806,12.763,2.472,0.5228,0.3052,23.66,15.62,-7.5697,41.854,116.96,1
24.964,19.895,2.5605,0.3769,0.205,-12.059,-19.595,4.4835,3.412,164.14,1
59.86,21.256,3.3684,0.1893,0.106,63.644,51.307,-10.735,0.1363,194.28,1
63.858,26.198,2.7608,0.3018,0.1639,33.87,58.596,15.111,41.888,79.011,1
81.227,19.05,3.4007,0.2468,0.1337,41.297,89.587,-3.2657,1.893,257.39,1
81.49,24.572,3.1494,0.2063,0.1117,0.3066,34.319,-16.52,5.35,225.23,1
22.956,11.747,2.4609,0.519,0.282,11.283,7.3312,-5.2572,11.32,195.3,1
71.007,33.226,3.8316,0.1499,0.0822,58.143,65.049,-9.9478,2.0789,178.23,1
27.556,6.6472,2.3385,0.6605,0.3417,17.796,-12.144,5.4037,21.383,127.21,1
17.065,7.4209,2.2889,0.7969,0.5681,-0.8238,-3.594,4.8799,69.144,231.78,1
59.848,34.084,3.0513,0.2266,0.1195,-2.8265,-41.035,12.544,3.5809,283.91,1
28.874,8.0803,2.1584,0.5486,0.3021,16.644,16.972,-3.6688,48.027,169.68,1
27.608,7.5854,2.2878,0.5928,0.3376,10.478,-8.0901,3.8484,2.676,147.81,1
69.786,30.207,3.237,0.1437,0.0733,27.816,65.037,19.725,21.103,216.03,1
27.407,22.856,3.0336,0.3498,0.2291,-5.118,-14.929,17.33,76.05,102.33,1
86.077,18.193,3.0314,0.2986,0.1549,44.029,98.607,-19.461,6.8267,279.83,1
40.797,8.6015,2.404,0.497,0.2742,25.568,-15.332,-7.8112,6.325,184.56,1
22.266,10.104,2.1553,0.5385,0.2902,4.0873,-16.687,9.9861,21.435,161.46,1
44.37,17.822,3.1131,0.2736,0.1376,-14.106,28.213,7.8892,4.7954,248.1,1
62.329,16.392,2.7447,0.3222,0.1755,42.925,60.105,10.569,17.564,119.11,1
40.559,26.001,3.0249,0.1898,0.0987,18.103,-25.683,-17.925,18.358,166.7,1
48.595,19.347,3.2302,0.2119,0.1151,-6.3322,-24.117,-8.1838,2.794,219.86,1
23.442,15.186,2.5315,0.4353,0.2456,13.654,13.685,10.784,49.711,222.71,1
46.797,17.591,3.3597,0.2446,0.1247,-11.685,34.844,-8.8063,0.372,185.04,1
68.332,28.467,3.3377,0.1273,0.0655,-61.495,-50.691,20.156,23.224,114.84,1
20.006,10.953,2.2878,0.5825,0.3119,-8.4534,18.052,-9.9211,72.935,71.594,1
92.556,39.618,3.8011,0.1339,0.0671,18.115,58.033,22.573,4.893,359.53,1
76.973,19.943,3.2461,0.2077,0.1149,40.769,73.987,-15.748,6.2672,287.42,1
71.293,32.36,3.447,0.2262,0.1513,-65.126,50.067,-32.864,2.6,294.43,1
25.747,16.467,2.541,0.3942,0.1971,20.028,13.593,-14.626,28.412,134.84,1
31.685,16.976,2.6117,0.3203,0.1724,-26.708,-18.69,13.212,2.198,183.43,1
93.06,26.306,3.8134,0.1421,0.0746,64.454,72.138,-20.455,0.558,261.18,1
67.842,36.3,3.7223,0.1435,0.0721,54.103,80.51,20.716,21.905,140.12,1
42.26,20.183,2.9322,0.2583,0.1701,35.351,26.806,13.248,6.81,139.88,1
47.504,20.155,3.0424,0.2286,0.1166,34.443,33.542,-3.0585,9.826,221.72,1
81.434,32.56,3.527,0.1694,0.103,-40.935,54.547,26.506,3.511,290.06,1
60.258,26.288,2.5581,0.4786,0.2863,-50.608,-47.929,19.724,7.944,275.46,1
101.55,40.472,4.0642,0.1061,0.0554,80.511,68.983,12.207,0.2386,318.63,1
64.921,28.273,3.206,0.15,0.0905,39.245,39.969,-18.023,3.321,143.3,1
59.048,24.811,3.2908,0.1566,0.0852,42.76,-23.843,14.024,8.161,226.06,1
35.753,18.194,2.9547,0.2697,0.1371,50.16,-18.592,-5.5471,4.507,209.09,1
39.375,19.933,3.0312,0.2857,0.1587,1.6643,-33.789,-10.617,3.97,226.6,1
62.434,40.755,3.0308,0.1938,0.1104,-34.984,52.442,31.86,30.608,328.35,1
25.909,15.008,2.6037,0.3935,0.2005,8.2414,15.484,7.6827,89.502,183.49,1
31.957,17.105,2.6415,0.3265,0.1655,17.465,-28.323,10.923,3.1113,233.67,1
26.659,15.6,2.5237,0.4611,0.256,16.914,16.257,-9.0758,2.148,243.22,1
22.4,10.068,2.3483,0.5919,0.3027,30.381,-14.931,-4.9499,18.907,186.46,1
28.388,13.667,2.4886,0.4903,0.3328,24.055,26.733,-9.0928,19.803,191.8,1
41.121,12.891,2.7247,0.3054,0.1555,37.594,-5.9903,11.542,5.2825,173.33,1
24.954,16.325,2.4014,0.4246,0.248,22.968,10.897,-7.8145,11.713,129.66,1
55.968,14.186,2.7745,0.2672,0.1571,54.63,-28.482,12.367,19.147,222.66,1
25.187,16.603,2.5447,0.485,0.2981,14.022,-12.789,9.8892,3.873,194.37,1
24.97,13.554,2.3375,0.5057,0.2736,-17.564,-12.671,-12.033,5.3656,149.16,1
50.205,20.052,2.8225,0.3341,0.2235,-39.855,-45.928,-14.862,16.239,205.74,1
23.894,18.073,2.699,0.33,0.175,30.22,17.358,-8.4548,76.007,158.39,1
18.344,9.9863,2.3201,0.6986,0.4569,5.4333,-14.257,-7.0224,15.644,123.78,1
62.687,19.894,2.9926,0.2187,0.1175,58.386,43.599,12.596,2.3854,216.69,1
77.295,24.091,3.2658,0.1876,0.0995,75.822,61.534,13.358,7.626,230.41,1
58.424,12.181,2.6955,0.4335,0.255,-77.797,19.461,-11.521,7.512,264,1
33.294,16.217,2.6781,0.3421,0.1899,-14.39,21.459,-5.2885,5.2329,225.77,1
76.417,23.23,2.9759,0.2167,0.1179,43.365,59.082,-7.1795,9.7797,261.64,1
13.1,10.886,2.1569,0.7666,0.4425,14.194,-4.4901,-11.04,43.273,138.36,1
30.343,15.158,2.6138,0.326,0.1764,3.335,10.365,-6.7473,42.619,76.494,1
12.963,11.295,2.0663,0.7468,0.382,-15.005,4.0567,-11.754,61.557,137.26,1
34.475,23.818,2.7279,0.29,0.1731,39.088,22.238,-14.841,22.715,171.41,1
42.682,17.653,2.8159,0.2872,0.1474,7.3513,38.706,-6.9802,5.212,194.61,1
20.814,8.5075,2.3243,0.6777,0.4336,-21.057,-14.727,-1.3472,9.508,189.24,1
19.297,9.9982,2.2405,0.5517,0.2787,25.832,4.0307,-4.1581,26.997,233.16,1
51.472,10.411,2.5453,0.3276,0.1838,73.545,17.703,-7.1886,16.778,176.56,1
19.157,7.0447,2.2214,0.8228,0.4174,-20.328,-12.722,2.8133,41.337,196.53,1
25.083,11.527,2.5172,0.4833,0.2781,7.0474,11.062,-9.8903,41.399,234.51,1
26.89,16.325,2.6232,0.369,0.2321,7.832,22.745,8.6482,71.498,141.53,1
46.8,28.049,3.2139,0.1778,0.0975,23.156,35.179,18.519,18.651,155.62,1
69.743,27.426,3.3414,0.1572,0.0795,14.857,55.671,-5.4001,2.414,224.78,1
43.227,23.174,2.9743,0.2164,0.1141,47.955,35.313,10.315,26.055,282.84,1
20.883,12.902,2.4495,0.5364,0.2966,-11.114,-10.511,7.0717,18.761,231.21,1
19.17,17.539,2.4969,0.4299,0.2245,14.305,12.844,15.747,12.502,203.27,1
63.193,20.584,3.1334,0.1486,0.0805,-15.43,19.689,-14.893,0.431,228.74,1
31.63,26.834,2.8287,0.2997,0.1639,29.119,20.5,-10.403,16.007,132.66,1
22.349,10.766,2.3032,0.5274,0.2761,15.5,17.912,8.1003,52.817,132.54,1
69.738,22.046,2.4928,0.418,0.217,37.86,43.811,-9.3744,0.306,245.7,1
18.368,10.503,2.2095,0.5556,0.2994,0.3493,-4.7146,-5.4332,63.084,115.97,1
65.692,20.417,2.9576,0.2271,0.1141,-94.611,58.313,16.177,6.115,192.6,1
23.602,17.034,2.7589,0.4303,0.2169,-0.6405,21.005,7.9662,17.238,79.409,1
46.851,20.009,3.2301,0.2691,0.1398,15.55,38.791,-18.583,6.56,182.05,1
21.07,9.7165,2.2742,0.6649,0.375,20.612,18.804,11.42,6.7698,111.11,1
40.751,29.003,2.7966,0.3419,0.1861,-5.5718,41.84,-30.167,20.762,239.26,1
40.339,18.331,2.8932,0.335,0.1694,7.4195,-28.793,-11.854,2.9018,115.64,1
86.401,30.646,3.6466,0.1771,0.0983,-74.693,50.096,17.127,4.1261,287.02,1
81.263,20.078,3.0271,0.2236,0.116,87.591,71.385,19.913,2.447,237.36,1
20.896,10.555,2.3766,0.6218,0.313,17.295,16.987,-4.8137,50.047,158.44,1
99.971,41.362,3.8151,0.157,0.0902,17.402,32.35,20.872,0.459,379.02,1
21.491,15.654,2.5328,0.3871,0.2009,28.255,3.828,6.4868,70.199,161.57,1
49.685,16.493,2.9358,0.2643,0.1571,32.117,47.52,10.415,1.3506,219.43,1
20.742,10.359,2.3222,0.619,0.3119,21.633,18.133,-10.965,14.987,121.75,1
110.1,27.431,3.0168,0.2357,0.1304,97.917,113.71,18.716,5.346,257.74,1
101.96,53.854,4.4168,0.048,0.0242,53.646,85.65,-23.044,1.971,246.46,1
48.615,24.041,2.8822,0.2597,0.1357,-22.914,-40.983,17.951,88.242,78.438,1
67.864,18.576,3.1082,0.1988,0.1002,52.903,53.271,14.076,2.5919,211.42,1
77.602,25.863,3.1364,0.1746,0.0895,-87.144,-23.52,-12.567,4.629,275.34,1
29.795,18.036,2.5899,0.383,0.2044,18.87,13.764,12.833,5.2474,198.7,1
25.379,10.339,2.4306,0.4638,0.243,-4.5621,-19.961,7.0176,30.07,185.97,1
78.885,11.171,2.7412,0.3321,0.1824,-78.997,59.003,6.6305,2.6813,262.41,1
27.962,11.717,2.4654,0.4795,0.2894,-32.545,-19.652,-6.3207,16.729,149.65,1
12.34,12.151,2.1189,0.6768,0.3384,14.998,1.0015,-11.07,7.271,272.18,1
86.865,30.576,3.4769,0.1974,0.1279,-29.999,63.331,16.468,3.97,332.35,1
45.74,18.79,3.1214,0.3032,0.2038,23.032,36.047,-13.747,4.7763,181.08,1
48.378,23.741,3.1498,0.2139,0.1243,44.028,-18.743,3.8219,8.3229,202.66,1
78.147,21.746,3.0794,0.3065,0.167,46.245,47.632,-18.971,6.181,383.67,1
37.194,22.105,2.9673,0.2598,0.1666,-12.028,-13.792,11.414,4.9759,78.257,1
24.572,12.834,2.5478,0.4504,0.2649,19.913,15.16,-6.7702,1.0147,216.43,1
21.669,15.679,2.4548,0.4351,0.2614,22.419,13.395,-9.3747,22.365,166.47,1
39.508,20.93,2.7828,0.2935,0.1772,-19.899,-33.729,19.486,4.7427,236.41,1
22.372,9.5392,2.2455,0.6023,0.3153,1.3431,-13.885,9.5819,0.3141,168.33,1
90.258,20.306,3.385,0.2769,0.1716,-49.687,70.691,20.218,1.981,312,1
99.531,19.198,2.7924,0.3919,0.2153,-133.53,24.828,22.131,0.6273,287.74,1
22.157,14.733,2.48,0.4536,0.2732,-25.637,-13.437,-3.9279,57.787,185.14,1
31.224,12.029,2.4099,0.3813,0.1965,-18.653,16.159,11.237,31,65.825,1
99.674,17.696,2.7003,0.323,0.1785,98.167,71.406,-15.813,6.932,276.09,1
20.735,11.24,2.2672,0.6162,0.3541,19.283,20.039,-10.984,9.5667,140.4,1
116.27,26.736,3.4509,0.194,0.1322,-62.54,54.59,24.793,7.167,280.24,1
30.063,22.377,2.7723,0.3226,0.1681,-0.1262,-25.768,-20.252,80.895,132.39,1
37.826,15.032,2.7903,0.3517,0.2164,45.448,24.72,-7.7151,8.9491,174.05,1
29.498,12.727,2.4691,0.3905,0.1986,41.428,11.507,9.0066,67.167,288.69,1
12.843,11.382,2.1255,0.7191,0.4232,-14.964,8.5891,6.9418,82.42,183.98,1
24.991,20.581,2.8733,0.3963,0.2617,3.0085,-22.476,-10.038,19.642,229.26,1
26.011,11.241,2.5647,0.5341,0.2929,18.969,11.149,-3.9242,21.922,111.31,1
27.686,20.833,2.4893,0.4246,0.2447,-25.793,-17.536,16.62,37.548,79.657,1
20.75,16.451,2.3064,0.479,0.2395,33.278,-17.504,-11.455,74.477,132.97,1
39.761,20.618,2.9654,0.2859,0.1803,9.6772,32.984,-19.344,2.7224,140.55,1
21.606,15.094,2.6684,0.5086,0.265,12.403,4.0507,13.23,28.138,161.13,1
43.5,21.313,3.1599,0.2318,0.1291,32.727,33.092,13.755,18.541,166.94,1
65.772,23.837,3.2423,0.2015,0.1073,37.743,62.281,8.0582,0.555,234.48,1
20.964,6.8796,2.0737,0.7511,0.4346,21.399,14.156,-6.071,57.837,215.31,1
23.582,10.371,2.4241,0.5461,0.3559,-5.6056,-18.914,-8.4932,17.237,229.38,1
65.151,29.916,3.1392,0.2438,0.144,-41.36,47.674,-19.074,17.772,323.14,1
70.83,24.416,2.8899,0.2668,0.1643,-61.102,61.035,-14.131,5.7941,276.35,1
18.057,12.339,2.5004,0.6477,0.3491,14.346,15.481,2.6816,63.143,146.57,1
20.771,7.0894,2.0881,0.7347,0.3878,-23.004,-11.947,-5.953,19.887,143.92,1
19.338,12.613,2.4091,0.5263,0.2904,-1.9269,11.247,-9.2856,40.707,237.44,1
20.234,18.794,2.5058,0.3775,0.2075,-19.478,-11.795,-11.544,42.79,64.498,1
108.6,51.609,4.3048,0.0621,0.0325,-23.323,82.019,26.282,0.013,291.74,1
50.814,27.774,3.3463,0.1901,0.1061,28.326,39.94,-20.23,4.7419,187.57,1
24.408,19.49,2.9914,0.36,0.2198,9.615,15.303,7.9559,20.487,91.058,1
62.411,31.205,3.4099,0.2222,0.1138,58.605,51.525,25.802,6.1268,267.51,1
20.441,7.2784,2.0273,0.7042,0.3803,-0.8379,6.9937,-5.7382,3.57,77.421,1
20.194,12.063,2.437,0.5265,0.2724,-1.6762,-4.8527,-8.7804,16.326,131.57,1
38.88,21.588,3.0573,0.2025,0.1047,18.757,-24.011,11.623,0.704,185.25,1
35.357,13.679,2.5296,0.4077,0.2201,-35.368,-31.23,7.6363,0.2316,172.42,1
24.277,16.841,2.6274,0.3656,0.1922,17.217,-8.3624,-11.366,12.868,212.43,1
24.218,16.06,2.3936,0.5374,0.3293,-0.0329,12.427,-9.7284,84.137,158.35,1
12.604,11.829,2.0881,0.702,0.3714,-15.903,8.9233,-10.195,70.514,200.71,1
33.273,17.77,2.8366,0.3525,0.1901,1.8486,32.452,12.534,13.234,155.03,1
29.997,25.405,3.1074,0.2593,0.1496,20.53,20.092,11.696,16.23,108.18,1
34.824,18.515,3.0109,0.3345,0.2072,31.235,18.661,-7.5348,14.577,159.61,1
80.402,27.042,3.4859,0.1695,0.0848,82.176,72.995,17.483,4.39,248.09,1
17.124,11.047,2.238,0.6069,0.3324,3.0499,-8.1208,6.41,11.221,187.26,1
21.192,16.508,2.3483,0.3812,0.1996,-23.12,-10.723,2.8633,20.613,286.07,1
45.91,20.715,2.8485,0.2481,0.1254,-7.2447,-22.021,-14.164,7.206,189.41,1
73.198,32.048,3.6917,0.1548,0.089,32.315,63.275,19.786,3.608,228.05,1
34.612,19.795,2.6749,0.3192,0.1977,-26.723,15.647,-14.561,53.218,96.024,1
39.954,24.829,3.3153,0.2385,0.1362,19.215,33.129,13.7,0.139,127.16,1
60.861,21.406,3.2929,0.1844,0.097,25.367,32.184,-15.294,1.277,207.82,1
18.368,10.479,2.2227,0.5748,0.3024,23.498,9.463,-4.5183,70.269,143.02,1
22.046,16.773,2.7259,0.4305,0.2209,-13.993,-12.776,8.1363,42.592,215.89,1
69.751,34.873,3.5986,0.1804,0.0971,-34.661,43.438,27.26,1.9807,295.4,1
75.611,29.549,3.2041,0.2419,0.1497,21.732,60.338,33.457,3.808,296.38,1
26.04,9.8212,2.4661,0.6154,0.388,-18.473,-10.914,-6.9071,31.678,94.597,1
75.458,36.395,3.8115,0.1655,0.0907,-74.958,41.752,-24.294,4.6873,255.25,1
23.393,17.642,2.4401,0.3557,0.1942,-10.544,8.1856,-15.325,23.078,175.29,1
63.4,24.627,3.3913,0.1336,0.0693,-20.371,34.936,-9.0404,2.0648,213.28,1
30.434,11.774,2.5465,0.4148,0.2088,-10.295,-15.562,-11.063,12.703,217.84,1
112.95,39.337,3.2619,0.1335,0.067,137.95,80.076,-18.352,0.938,197.97,1
41.802,16.753,2.841,0.4585,0.292,25.125,55.008,-10.422,20.203,206.75,1
40.831,17.232,3.0154,0.251,0.1337,-42.774,-17.563,9.6436,0.573,167.22,1
24.715,10.169,2.3757,0.5389,0.3305,9.7469,17.712,-8.1566,24.991,170.58,1
26.529,15.919,2.5988,0.4005,0.2481,24.602,21.35,9.8111,1.578,84.193,1
50.419,16.118,3.1106,0.2419,0.126,-31.919,-30.42,11.91,9.691,126.38,1
90.189,28.558,3.6162,0.1989,0.1023,-2.5555,61.991,21.687,1.932,327.52,1
16.431,11.309,2.3345,0.6204,0.3727,2.7526,-6.3198,7.4272,6.8181,210.84,1
89.369,31.292,3.5514,0.2104,0.1215,-5.6407,51.938,-22.745,0.022,334.96,1
71.973,22.511,3.2503,0.1984,0.1037,33.037,63.468,17.227,1.7301,273.15,1
26.096,16.083,2.5179,0.3551,0.1806,-31.493,-14.398,9.9377,17.638,103.52,1
27.037,9.9898,2.4822,0.5766,0.3081,19.19,-11.213,-3.5857,20.843,230.98,1
25.111,12.901,2.4472,0.4714,0.2589,21.554,8.8261,-7.4514,26.46,155.67,1
21.836,17.453,2.4232,0.4528,0.2887,5.5204,18.352,15.72,53.28,194.94,1
67.837,24.127,2.9664,0.2442,0.1226,21.48,76.676,17.377,5.0087,204.39,1
67.457,22.019,3.2475,0.2132,0.1292,50.219,71.019,-15.071,2.653,229.73,1
30.041,14.531,2.6698,0.4428,0.3155,16.836,23.425,-12.428,9.1325,155.28,1
22.999,10.038,2.5826,0.5673,0.3359,14.681,-13.533,5.6413,11.301,119.04,1
50.376,21.511,2.9722,0.2303,0.1327,11.352,-25.145,-8.5467,2.857,281.52,1
23.583,9.2915,2.3847,0.5897,0.3897,-11.815,-7.7884,3.1513,40.619,77.8,1
57.014,30.351,3.474,0.1867,0.0989,-8.8212,-41.826,20.638,2.6075,207.46,1
30.276,16.634,2.7493,0.3758,0.2484,27.88,15.698,-12.272,6.723,136.94,1
31.207,27.503,3.0883,0.2521,0.1563,29.236,17.394,13.762,5.8754,188.7,1
93.596,26.91,3.1206,0.2023,0.1155,81.678,87.765,-7.915,0.25,231.47,1
23.83,9.5854,2.2504,0.6067,0.3848,27.584,-8.0138,7.7657,20.927,104.34,1
19.633,9.6145,2.29,0.5949,0.3359,-23.598,-10.47,4.444,4.2029,158.86,1
31.795,12.08,2.356,0.3656,0.1828,27.603,16.578,-11.131,5.629,102.62,1
18.277,17.7,2.3191,0.4652,0.2422,10.347,18.063,-10.13,53.82,145.46,1
46.782,17.685,2.8887,0.2662,0.1415,-14.749,31.352,12.953,7.6187,212.68,1
56.522,20.461,2.9661,0.2411,0.1238,49.451,52.296,-12.639,3.306,288.36,1
19.544,12.623,2.4735,0.4639,0.2471,1.4751,-3.9319,7.2393,31.933,165.87,1
64.585,14.983,2.8633,0.2534,0.1582,-16.046,-51.255,9.8347,7.6842,219.67,1
79.817,17.65,3.1767,0.251,0.1521,-43.293,46.946,6.8252,3.144,287.52,1
19.63,9.4028,2.3711,0.617,0.3936,21.235,13.356,-3.6052,11.997,208.19,1
89.927,38.673,3.7577,0.1838,0.0979,-139.9,37.79,-24.374,0.42,400.62,1
72.926,24.683,3.363,0.196,0.1051,55.493,59.403,-18.507,3.3709,251.88,1
35.584,27.957,3.3001,0.232,0.1295,12.932,23.269,8.3618,15.712,94.689,1
32.174,8.6703,2.3551,0.4547,0.2494,-9.7892,-22.663,9.8775,5.0804,157.62,1
20.358,12.836,2.3493,0.5101,0.2841,-10.979,-14.809,-8.5912,28.31,206.5,1
35.037,14.467,2.7255,0.3198,0.1665,2.0845,11.758,-10.792,11.385,221.44,1
39.957,18.198,2.842,0.2705,0.1432,46.416,24.261,-9.5293,22.14,117.6,1
92.751,16.949,2.749,0.3672,0.213,-35.637,-90.423,-13.099,16.214,97.652,1
31.903,14.83,2.8052,0.3978,0.2028,16.546,19.945,14.206,6.9052,224.64,1
63.743,39.033,3.2621,0.2773,0.1955,-22.008,-19.673,-30.678,18.009,312.64,1
33.333,17.415,3.1432,0.3013,0.1514,-12.345,20.364,10.938,8.866,154,1
85.315,28.767,3.6874,0.1171,0.0611,-111.58,74.053,15.772,0.7571,218.33,1
20.307,12.665,2.3971,0.505,0.2585,-25.352,-13.495,-9.3335,64.14,131.57,1
84.696,12.576,2.6985,0.2362,0.1191,-22.894,-45.472,-9.2525,0.7814,233.22,1
43.395,20.147,2.9694,0.2811,0.1636,4.8949,-31.911,-1.8713,5.069,219.88,1
39.807,25.621,2.699,0.242,0.137,7.2806,31.457,19.704,29.426,186.21,1
81.866,22.585,3.0037,0.2062,0.1076,-98.913,56.382,15.65,4.4916,242.72,1
32.273,12.828,2.3483,0.3856,0.213,32.554,-15.318,-5.9688,14.411,215.42,1
66.244,31.157,2.8756,0.2184,0.1125,22.644,41.413,20.619,0.7187,288.74,1
52.874,30.087,3.5654,0.157,0.082,28.587,38.146,-24.742,2.7843,184.12,1
49.27,19.101,3.1229,0.3188,0.1654,22.189,49.044,-16.561,8.8233,231.3,1
30.062,20.68,2.9976,0.3007,0.1624,9.3778,25.264,-4.6608,32.173,111.02,1
83.18,33.719,4.0186,0.1093,0.0552,21.211,71.087,23.61,1.051,203.73,1
22.639,16.444,2.415,0.4769,0.2942,-6.7748,-18.268,15.239,52.38,182.57,1
81.486,36.644,3.6535,0.1799,0.0907,-27.457,65.256,33.572,2.1539,302.71,1
68.972,25.826,3.083,0.1644,0.0962,-16.81,-35.258,-11.34,6.3019,209.91,1
22.849,13.972,2.485,0.5401,0.3322,-10.205,-14.535,12.388,35.283,161.54,1
20.011,14.582,2.3918,0.5436,0.3671,18.54,20.133,-1.8952,53.008,159.32,1
45.399,15.964,2.9513,0.2282,0.1169,-17.502,-23.588,9.2705,2.1063,216.3,1
84.522,18.467,3.0763,0.2315,0.1179,40.334,88.309,5.3147,0.794,221.36,1
38.521,19.031,2.8929,0.2444,0.1312,15.077,27.647,5.3609,2.0933,225.23,1
24.74,14.739,2.5112,0.416,0.2265,19.685,-9.1181,8.4874,25.467,111.68,1
23.037,20.124,2.6425,0.41,0.2335,4.8559,12.646,9.1704,82.507,214.02,1
12.757,11.566,2.1287,0.7063,0.4052,-15.445,9.2566,5.7565,16.342,93.382,1
46.456,18.914,3.0592,0.2906,0.1802,27.094,36.197,15.602,3.5737,194.25,1
38.227,28.401,3.4285,0.2248,0.1333,22.181,-9.7717,18.327,45.889,79.012,1
63.572,19.099,2.6263,0.3499,0.195,69.983,61.316,19.551,11.068,128.46,1
23.026,13.236,2.4857,0.5131,0.3121,5.3137,17.108,-9.1623,17.334,189.92,1
117.09,59.043,4.3359,0.0683,0.036,41.527,101.32,26.032,1.7267,279.21,1
91.426,24.712,3.2034,0.2291,0.1218,7.4172,64.339,-9.7363,2.158,346.78,1
21.805,9.0505,2.3054,0.6287,0.3441,4.5959,-16.011,-10.775,60.775,58.967,1
78.627,22.659,3.2048,0.1548,0.0808,83.454,57.632,14.541,3.4898,203.78,1
33.236,14.499,2.6776,0.3782,0.2048,-19.276,-24.64,14.064,7.387,188.73,1
26.204,12.911,2.541,0.4201,0.223,12.534,15.9,-7.6706,32.021,224.74,1
21.086,12.177,2.3901,0.4847,0.2505,0.2602,-10.142,-10.01,4.209,179.37,1
37.704,15.839,2.7585,0.3784,0.1997,17.371,23.477,-10.688,2.2764,154.65,1
19.501,12.449,2.3531,0.5322,0.2993,3.1483,-12.526,-10.155,27.644,214.81,1
54.044,15.64,2.891,0.3252,0.1677,34.823,49.344,12.384,9.0974,281.65,1
19.164,9.9135,2.3711,0.6851,0.4277,4.3343,-14.437,4.9822,24.619,228.02,1
38.284,20.986,2.9722,0.2516,0.1434,8.9897,-18.645,-9.8651,8.648,233.98,1
47.865,15.571,2.8228,0.2466,0.1406,-83.814,32.117,-8.9144,5.359,257.75,1
35.158,16.109,2.6279,0.3039,0.1708,38.939,23.953,14.975,2.6246,188.23,1
24.453,14.862,2.6069,0.3659,0.1916,4.3642,14.589,-3.0224,43.624,50.88,1
41.121,20.247,2.7889,0.2569,0.1439,9.0304,-22.63,-11.617,6.0005,233.69,1
24.452,9.8128,2.4322,0.5693,0.3604,-8.7205,-17.829,-8.4405,19.571,175.64,1
21.922,20.385,2.6656,0.3758,0.2041,13.668,9.5162,4.1968,63.492,184.21,1
18.419,10.412,2.3032,0.5871,0.306,23.408,9.6154,4.9907,4.5866,205.73,1
30.977,12.573,2.6972,0.4458,0.262,26.982,26.47,9.7728,10.829,182.34,1
37.848,13.712,2.7312,0.3083,0.1643,16.165,-19.582,11.751,3.1288,198.94,1
106.75,28.009,3.3472,0.1488,0.0762,11.846,89.859,11.744,3.972,298.14,1
12.978,11.104,2.2467,0.7479,0.4391,-14.402,6.747,-10.044,0.131,64.93,1
24.908,20.878,2.4639,0.3814,0.2045,14.282,-16.873,8.1076,0.8302,254.28,1
59.396,20.639,2.3927,0.5263,0.2652,-65.395,-51.241,-17.581,37.841,450.4,1
21.541,18.913,2.357,0.4484,0.2352,-33.813,18.174,12.187,42.731,89.267,1
45.978,23.334,3.2887,0.2006,0.1016,16.149,41.314,-18.715,3.1102,151.55,1
84.487,42.268,3.6857,0.2056,0.1034,-31.86,15.322,-32.517,7.9479,391.88,1
21.704,10.824,2.179,0.5629,0.3212,-21.534,-19.408,-10.724,5.904,187.51,1
25.517,7.0857,2.4082,0.668,0.4121,9.0383,9.5293,5.747,11.804,191.67,1
29.238,18.142,2.7122,0.3337,0.1678,42.896,3.665,-9.0457,4.5201,133.31,1
61.806,21.566,3.3999,0.1903,0.0958,22.817,34.01,-8.4499,3.415,238.55,1
35.746,15.177,2.7619,0.3253,0.186,-3.6735,22.279,6.2145,1.2204,176.11,1
23.066,13.974,2.5353,0.4985,0.3192,2.6213,17.947,-11.126,0.922,161.35,1
67.505,23.12,3.2704,0.1722,0.0968,-70.966,-33.132,14.262,4.18,270.56,1
21.499,10.673,2.2672,0.5676,0.2892,5.063,-17.36,-7.3988,6.6566,164.39,1
81.382,30.485,3.786,0.1688,0.0862,-56.951,67.618,16.223,2.9274,284.59,1
33.794,23.223,2.989,0.24,0.1236,12.136,-17.762,12.46,12.603,150.14,1
41.331,15.06,2.799,0.3733,0.2089,16.657,36.433,-0.5875,9.116,183.48,1
65.908,27.402,3.0569,0.2465,0.1355,40.121,59.404,-5.9048,17.399,274.02,1
96.865,48.287,4.1929,0.0759,0.038,84.255,86.043,30.675,0.6288,214.29,1
26.117,22.131,2.7642,0.3201,0.1609,6.6033,-14.847,-19.936,17.312,243.36,1
36.873,33.01,3.4899,0.1958,0.1015,21.871,17.165,-11.683,22.961,116.49,1
19.746,7.2753,2.1508,0.7703,0.4064,-4.0446,10.944,-4.8256,32.467,188.59,1
93.008,34.653,3.9308,0.1391,0.0734,48.179,75.758,-21.237,1.3818,333.72,1
57.828,21.788,3.1697,0.2327,0.1377,33.742,49.569,14.769,1.965,243.87,1
36.074,12.693,2.5563,0.375,0.2458,38.624,26.419,8.9849,25.864,138,1
31.336,20.195,2.6395,0.3394,0.2122,-20.696,-16.138,-11.32,26.032,188.17,1
87.257,23.283,3.0183,0.2167,0.1146,-31.456,68.772,-4.4924,2.3986,297.91,1
17.79,10.591,2.3483,0.6143,0.3341,21.567,10.874,5.0219,13.325,208.15,1
27.056,13.479,2.616,0.4794,0.2869,-7.6385,-20.082,-9.8318,14.852,171.69,1
33.877,14.58,2.6355,0.3912,0.2141,22.786,24.106,13.155,17.282,208.6,1
39.745,14.476,2.7255,0.3443,0.2004,52.572,20.388,6.2605,23.228,149.83,1
42.023,28.694,3.0404,0.1868,0.1061,32.647,27.287,20.156,16.08,126.66,1
31.957,11.018,2.6542,0.5166,0.3093,20.535,26.446,11.715,4.0232,186.82,1
78.651,31.031,3.2848,0.1744,0.0927,81.82,76.371,32.684,9.2693,263.06,1
20.733,7.1075,2.0737,0.7342,0.384,-23.114,-11.753,5.9262,0.208,211.14,1
21.736,10.536,2.2695,0.5753,0.293,17.526,16.887,-4.7663,41.156,80.234,1
20.602,19.49,2.6196,0.4538,0.2653,14.546,-10.175,13.195,89.659,197.12,1
27.924,20.482,2.7189,0.2904,0.148,-21.996,17.672,-7.2268,81.466,62.173,1
20.947,12.872,2.3375,0.4828,0.246,18.217,4.5452,-3.9038,34.493,100.97,1
23.848,12.111,2.5145,0.4404,0.2217,7.2266,4.5911,5.9242,11.498,218.96,1
27.308,21.357,2.6101,0.3018,0.1509,-18.595,14.607,16.438,38.171,123.34,1
25.945,15.711,2.57,0.4603,0.2921,32.181,13.438,-10.851,24.248,238.54,1
58.88,17.045,2.8774,0.2507,0.1267,-58.515,46.998,-14.473,2.622,246.01,1
12.701,11.676,2.0846,0.7078,0.3909,15.695,-9.2572,8.8155,18.557,174.25,1
36.883,12.123,2.8149,0.4165,0.2351,30.745,30.145,10.032,1.1687,189.48,1
51.89,25.418,3.1181,0.2301,0.117,-66.636,39.368,20.054,1.075,274.19,1
43.767,29.797,3.4,0.1855,0.1037,21.561,33.417,-23.08,27.622,131.26,1
24.772,10.554,2.3683,0.4711,0.2762,6.0089,19.289,7.2154,1.094,113.67,1
25.119,16.357,2.2707,0.4504,0.2332,-11.063,-17.487,14.599,27.401,170.74,1
55.03,26.433,2.8287,0.2953,0.155,-67.738,27.14,-16.118,8.2667,274,1
60.897,23.653,2.9974,0.2626,0.1514,-56.121,20.117,12.779,0.411,273.24,1
12.993,11.03,2.3149,0.7506,0.4479,-14.21,6.459,-9.7896,50.922,48.618,1
41.326,15.812,2.6479,0.3127,0.1609,-15.269,19.75,-7.493,13.429,36.181,1
27.501,16.783,2.9836,0.3801,0.2248,12.395,23.804,6.1622,1.5129,91.763,1
57.778,15.216,3.1327,0.2063,0.1138,-21.68,38.659,-4.4539,3.0035,212.74,1
23.037,7.4659,2.5132,0.7301,0.3819,14.485,7.8437,-4.1482,37.469,212.49,1
25.283,9.7658,2.4417,0.5353,0.3165,-9.2094,-17.217,-7.93,37.32,136.06,1
28.108,16.651,2.7059,0.4114,0.2392,26.577,18.91,7.0052,43.177,55.555,1
29.694,18.496,2.6117,0.3521,0.2262,2.5285,-13.079,-10.059,35.505,56.18,1
52.496,25.985,3.2056,0.2068,0.1124,39.479,31.19,-11.331,8.9195,246.59,1
24.827,19.604,2.7903,0.3517,0.1807,-9.3369,12.244,-9.8358,5.132,144.52,1
22.759,16.461,2.7003,0.4905,0.2662,0.1207,22.097,-13.188,32.01,133.19,1
29.942,14.592,2.5955,0.3604,0.2221,-10.701,21.144,8.245,5.9751,198.41,1
25.938,16.295,2.3901,0.4644,0.2424,36.757,-14.778,12.552,26.632,107.97,1
38.241,15.806,2.9063,0.2605,0.1445,18.012,16.616,3.7254,13.963,223.69,1
16.902,10.896,2.248,0.6215,0.3983,-0.7233,4.1971,-7.7875,67.477,68.208,1
42.453,15.28,2.7007,0.3008,0.1863,41.163,25.746,-3.4215,11.939,122.81,1
31.752,14.932,2.6817,0.3517,0.1883,-8.1542,18.497,11.589,4.706,202.46,1
119.11,17.918,2.5237,0.3563,0.1871,-136.41,97.714,-12.294,3.444,320.56,1
27.309,18.196,2.5922,0.3274,0.1752,23.536,19.515,-11.472,40.08,235.58,1
62.16,19.173,2.9304,0.2617,0.1403,26.206,42.068,-13.31,2.228,235.66,1
25.915,15.446,2.695,0.4823,0.3239,5.4772,-22.174,-9.1538,42.979,71.338,1
28.085,12.857,2.5927,0.4981,0.3282,2.4313,13.043,-6.9039,25.408,179.11,1
69.106,26.462,3.0156,0.1495,0.0767,-13.777,-23.621,17.617,9.783,172.12,1
23.146,10.428,2.3118,0.639,0.3293,-19.247,-16.816,6.931,60.52,102.47,1
81.197,35.969,4.0645,0.1032,0.053,86.311,69.289,-10.237,0.614,236.32,1
71.572,18.161,3.141,0.1843,0.1124,-96.182,25.666,11.095,4.6137,234.69,1
40.279,23.311,2.8476,0.4006,0.282,-45.691,-28.125,-16.802,2.0323,284.66,1
48.212,17.22,3.0063,0.2316,0.1217,7.9032,-22.417,-11.236,4.4309,205.19,1
23.218,10.698,2.2945,0.6548,0.3579,17.942,18.284,7.7301,13.098,194.16,1
22.793,12.769,2.3253,0.4775,0.2388,1.5677,-11.195,3.0901,8.78,105.52,1
41.783,19.747,3.1945,0.3355,0.169,29.189,25.776,6.237,1.328,187.95,1
30.284,7.9487,2.281,0.5183,0.2592,37.986,15.13,-5.592,9.0681,155.16,1
59.08,25.791,2.9457,0.2538,0.1422,-38.361,50.54,-17.104,1.0501,290.78,1
29.805,12.387,2.4579,0.4146,0.2317,-3.3275,22.195,6.8552,41.347,194.71,1
24.089,8.8371,2.301,0.635,0.3975,26.975,9.164,-9.5814,41.976,229.27,1
34.844,21.567,2.711,0.2879,0.1527,15.901,12.888,-19.526,5.8769,117.46,1
41.88,22.128,3.3672,0.3164,0.1801,44.798,29.473,19.6,2.2801,200.62,1
67.058,35.809,3.0506,0.2118,0.1073,-103.56,31.277,-22.867,7.3095,283.96,1
42.587,21.564,3.0235,0.3439,0.2108,36.865,37.691,16.828,18.593,167.47,1
29.105,14.287,2.4864,0.3687,0.2104,42.303,-15.184,7.4776,0.0578,224.78,1
16.95,10.594,2.3385,0.6697,0.4151,2.5271,-6.1621,8.1174,69.105,200.56,1
102.86,37.438,4.155,0.0953,0.0487,113.67,85.577,23.92,1.037,272.22,1
18.06,14.436,2.4281,0.6903,0.3825,4.5549,13.774,-9.1656,9.44,112.54,1
95.818,18.8,2.6405,0.341,0.1751,-48.944,-60.679,15.585,6.415,244.67,1
23.39,17.174,2.5334,0.4305,0.2592,2.121,18.754,-7.6769,12.661,62.38,1
17.561,10.841,2.3385,0.5826,0.3096,22.288,9.9063,-3.7475,16.735,158.61,1
37.069,16.538,2.6498,0.3337,0.1736,-29.161,-11.345,11.491,2.76,129.66,1
27.988,12.732,2.4579,0.4913,0.277,7.4178,-19.26,-9.2377,6.261,188.48,1
35.879,20.559,2.7716,0.3198,0.1616,-33.308,7.2215,-15.632,10.257,127.46,1
41.7,19.117,2.7931,0.2222,0.1167,65.211,30.587,12.717,22.723,149.87,1
36.478,13.547,2.7328,0.3589,0.1933,-8.1838,-32.006,7.7308,6.2452,231.05,1
61.449,24.043,3.2683,0.1822,0.0925,-101.76,37.303,14.82,7.3758,262.07,1
104.11,41.21,4.1523,0.096,0.0545,-28.482,83.511,20.834,1.828,311.28,1
20.928,12.063,2.3064,0.5037,0.2741,-1.2498,7.948,-11.115,18.549,154.76,1
90.552,36.402,3.9952,0.1171,0.0632,-38.416,71.38,-10.431,4.077,294.69,1
115.33,57.14,3.3983,0.1467,0.0937,-37.608,-79.594,53.439,4.588,303.81,1
72.656,21.788,3.1421,0.2091,0.1294,38.101,78.301,-10.251,11.658,140.96,1
65.819,21.708,3.2692,0.2185,0.1111,-77.72,45.994,14.599,3.2964,252.71,1
20.232,15.84,2.5752,0.4176,0.2274,-1.7113,10.165,-4.5919,78.633,161.13,1
37.781,15.03,2.6522,0.3653,0.2327,16.78,36.828,-7.6542,11.192,262.71,1
23.311,17.672,2.4409,0.4312,0.2627,-9.3867,-18.977,-15.063,82.058,168.58,1
43.206,15.019,2.8417,0.3297,0.2009,26.712,35.045,-7.2156,4.438,193.44,1
28.552,16.86,2.5832,0.4021,0.2676,21.523,19.403,-8.3458,17.652,208.25,1
12.922,11.217,2.2292,0.7375,0.4336,-14.601,7.5715,9.31,82.752,126.24,1
64.032,14.56,2.8376,0.4157,0.2362,49.759,63.065,8.6793,4.13,207.66,1
31.888,16.651,2.6091,0.31,0.1587,25.27,17.542,-16.307,31.321,68.341,1
20.858,7.1651,2.0588,0.6987,0.3537,1.2862,-8.4705,-6.0613,41.218,240.02,1
59.343,20.151,3.1977,0.3476,0.2204,-32.917,50.946,-16.89,3.982,298.24,1
49.951,20.144,3.2653,0.1873,0.0953,16.911,17.983,-5.7283,0.4481,226.75,1
68.529,29.077,3.519,0.1495,0.0752,24.354,52.152,15.991,4.265,191.39,1
103.3,23.459,3.4281,0.1552,0.0841,106.97,95.168,-10.494,2.053,274.18,1
32.772,22.312,2.5775,0.2328,0.1204,5.8112,18.685,19.862,27.309,95.815,1
19.439,16.92,2.273,0.4747,0.2747,12.539,18.499,12.5,29.742,101.56,1
19.299,7.4549,2.0774,0.7364,0.4477,-0.7668,5.6973,-4.4063,2.182,129.43,1
74.441,31.977,3.4806,0.1333,0.067,28.152,54.688,10.417,5.3512,236.4,1
25.741,16.052,2.5416,0.4282,0.217,7.7326,22.728,-8.1339,17.059,185.85,1
24.862,17.498,2.6469,0.3811,0.1995,22.313,25.044,6.9124,30.876,127.09,1
21.347,10.27,2.2504,0.5955,0.3006,-6.894,17.941,10.742,51.857,157.86,1
26.236,13.226,2.444,0.482,0.2752,17.752,-5.925,9.7261,34.849,199.67,1
24.302,11.426,2.5391,0.5231,0.2702,-1.7621,-17.832,8.0081,35.861,189.42,1
73.843,25.457,3.1664,0.244,0.1483,-47.151,37.749,-28.389,9.4318,279.03,1
22.404,12.816,2.6767,0.4253,0.2284,-7.2648,-3.59,7.0587,34.361,78.561,1
39.481,18.959,2.9687,0.2773,0.1392,-9.235,24.785,10.364,10.02,159.24,1
38.813,32.043,3.0986,0.2127,0.1167,45.264,25.733,-24.076,34.586,130.51,1
58.328,31.48,3.4804,0.1647,0.0848,21.235,47.874,12.987,3.8333,229.25,1
27.284,15.132,2.567,0.3767,0.2344,14.164,16.162,-7.6536,11.648,241.79,1
56.101,20.836,2.932,0.2339,0.1433,60.688,46.346,14.414,12.322,141.82,1
36.766,14.326,2.7875,0.3344,0.1688,7.6486,27.153,-5.9178,1.892,114.97,1
26.023,14.375,2.5453,0.4644,0.3006,31.398,17.105,-12.039,13.986,139.17,1
30.59,16.596,2.7063,0.3441,0.2016,5.9967,17.863,10.778,15.884,195,1
29.402,10.313,2.4125,0.5687,0.3656,-23.418,-26.229,7.5898,11.165,145.47,1
58.793,18.827,3.1844,0.1995,0.1043,-9.4101,-33.669,-13.957,5.3936,200.62,1
21.87,18.169,2.4935,0.3628,0.1878,10.774,-9.1789,-13.193,65.514,87.223,1
37.477,24.828,2.9643,0.2877,0.1656,50.318,20.562,12.967,8.441,180.57,1
17.494,10.076,2.4456,0.6631,0.4283,17.974,13.496,3.6117,38.527,121.59,1
35.743,11.365,2.5496,0.4062,0.2271,-50.155,-12.062,-2.3443,20.028,215.09,1
40.208,20.548,2.7623,0.2921,0.1755,36.107,23.018,16.219,9.545,144.55,1
31.451,22.262,2.8943,0.338,0.1805,14.485,18.209,-17.406,9.1233,242.49,1
48.962,21.845,2.8736,0.2903,0.1559,25.029,45.37,-10.898,9.569,66.844,1
27.863,9.4193,2.5792,0.5296,0.278,5.7706,21.302,-8.251,10.305,229.91,1
33.117,21.978,2.6702,0.3056,0.187,5.5666,-23.834,17.923,17.397,222.22,1
28.731,9.3927,2.5769,0.4715,0.2556,-35.263,-19.619,6.1274,6.8387,146.82,1
53.168,24.107,3.2047,0.1673,0.0927,42.93,-25.011,10.068,13.48,175.32,1
23.59,18.645,2.6702,0.3868,0.2105,-13.2,-19.002,-9.3453,46.813,41.622,1
19.783,6.4294,2.2956,0.8304,0.5392,-16.785,-17.06,-5.0057,78.864,130.99,1
21.648,6.754,2.1477,0.7117,0.4235,-22.608,-13.368,6.4993,1.7721,159.76,1
99.43,31.469,3.6788,0.1689,0.0885,3.2842,72.327,-27.036,0.041,343.06,1
80.888,25.746,3.2017,0.1596,0.082,-159.91,65.224,-12.713,10.461,229.06,1
75.507,25.994,3.4212,0.2457,0.1598,-48.755,74.39,15.543,4.096,291.43,1
88.541,29.544,3.5244,0.1456,0.0782,54.959,76.142,20.905,2.2359,251.15,1
24.048,18.822,2.8192,0.37,0.2039,-13.283,-7.1612,14.886,10.666,168.98,1
49.947,13.455,2.6217,0.4922,0.2855,25.342,43.237,10.64,19.672,188.32,1
34.063,12.306,2.4346,0.4559,0.2776,-10.64,14.872,5.8357,24.444,126.23,1
73.761,26.38,3.3736,0.1468,0.0742,-9.4464,40.129,-19.505,1.574,245.45,1
96.295,37.594,3.6512,0.2069,0.1231,-81.447,45.754,28.363,2.399,340.27,1
36.78,21.855,3.1297,0.2248,0.1154,5.8438,-23.665,-15.238,7.243,198.62,1
23.875,10.105,2.4125,0.5609,0.381,5.5444,19.458,-8.8501,45.653,100.01,1
46.922,21.558,3.123,0.1943,0.0998,-41.923,21.512,7.0413,10.582,141.37,1
95.564,28.85,3.6901,0.1525,0.0811,-62.842,73.005,16.486,3.2455,277.62,1
55.056,33.424,3.0453,0.2685,0.1482,-17.261,24.776,27.476,7.286,340.01,1
60.959,24.477,3.2129,0.193,0.113,33.853,45.904,21.315,3.7653,230.5,1
15.451,11.807,2.4757,0.6288,0.3595,4.1191,-5.2152,-6.9408,37.127,161.67,1
60.285,25.111,2.9967,0.261,0.1345,39.895,54.455,18.41,0.681,309.9,1
85.969,46.078,4.1192,0.0875,0.0471,80.442,77.75,-37.179,4.561,188.57,1
37.742,12.836,2.5804,0.3233,0.18,30.258,19.824,8.698,10.813,198.75,1
24.568,20.98,2.6031,0.3641,0.2232,-13.728,-19.725,14.07,13.143,168.47,1
41.351,24.002,3.066,0.2637,0.1482,12.261,37.64,-10.003,22.015,95.863,1
31.888,11.849,2.3865,0.4353,0.2361,-19.068,17.691,-6.1399,19.907,180.8,1
104.35,36.187,3.9498,0.1207,0.0639,-96.603,81.121,22.548,1.422,244.63,1
46.193,12.418,2.6238,0.3496,0.1748,48.541,33.931,-4.0739,10.733,153.35,1
23.535,15.016,2.5198,0.4834,0.2674,6.6035,13.029,5.5875,5.8248,163.18,1
70.563,21.467,2.9133,0.3968,0.2497,5.7695,-45.179,-14.536,5.8556,336.14,1
115.52,12.777,2.6279,0.3062,0.159,-134.56,96.551,-6.8273,6.817,227.68,1
12.894,11.355,2.0917,0.7368,0.4089,14.983,-7.2857,-10.761,58.035,89.533,1
21.099,16.885,2.4306,0.5121,0.2764,-12.024,10.348,-10.302,20.075,94.007,1
28.967,11.861,2.48,0.4007,0.2003,-0.6387,18.079,-9.4519,46.063,119.58,1
18.514,15.655,2.3253,0.5248,0.3002,6.4237,-16.609,-10.887,86.076,211.16,1
23.27,10.713,2.4232,0.7057,0.417,-16.994,-19.761,9.6537,12.99,163.59,1
69.06,15.969,2.8831,0.2003,0.1119,57.989,46.419,4.9476,13.13,175.97,1
19.25,14.336,2.3608,0.5664,0.3377,-19.14,-18.821,-1.5301,7.7706,177.84,1
66.621,15.709,2.9717,0.3074,0.1585,-17.026,33.401,10.328,0.573,228.32,1
13.019,11.183,2.2565,0.7535,0.3961,14.906,-4.7356,-11.692,76.118,185.25,1
48.988,13.884,2.8306,0.2511,0.1292,-44.324,29.348,-7.4223,8.287,153.18,1
32.855,12.621,2.699,0.426,0.285,9.0347,19.04,10.858,5.647,140.2,1
37.259,18.139,2.6902,0.4286,0.2786,3.5964,-35.611,-7.801,15.136,228.59,1
33.961,15.692,2.6785,0.3291,0.1876,0.3453,-20.581,5.4396,2.818,194.57,1
13.158,10.705,2.2135,0.7768,0.4557,13.893,2.6508,-11.07,63,92.555,1
58.891,20.384,2.9484,0.2376,0.1188,48.727,51.134,-10.603,2.718,258.23,1
28.757,22.879,3.0147,0.2832,0.1542,-8.4752,8.9526,-17.846,51.789,65.751,1
82.996,33.91,3.8066,0.1464,0.0848,36.925,75.847,-12.784,0.638,306.93,1
54.461,17.22,2.7631,0.2865,0.1786,46.455,42.125,10.415,0.046,226.42,1
87.06,34.097,3.8268,0.1097,0.0586,62.246,78.647,19.757,2.127,152.33,1
33.46,9.3442,2.4232,0.3698,0.1868,50.965,8.0618,4.3085,4.457,188.4,1
70.184,30.189,3.4552,0.1725,0.0934,57.916,64.34,-11.242,2.4324,240.52,1
35.829,28.737,3.1713,0.213,0.1116,29.714,14.305,8.4391,17.283,179.1,1
148.32,22.586,2.854,0.2869,0.1547,-148.4,88.192,-17.258,27.127,207.41,1
84.647,20.584,3.3742,0.2125,0.1193,-75.79,69.578,21.628,0.4746,285.56,1
32.556,12.742,2.527,0.3893,0.2244,18.672,22.461,3.236,1.1232,149.37,1
95.399,28.821,3.4232,0.2638,0.1481,21.578,-64.245,22.613,0.9064,351.8,1
26.921,23.68,2.846,0.2865,0.1504,36.204,20.675,10.889,26.989,144.94,1
12.997,11.229,2.2109,0.7508,0.3908,14.956,-4.606,11.719,67.496,166.97,1
35.057,22.792,2.8182,0.2705,0.1467,16.865,29.671,20,46.912,179.9,1
92.235,24.244,2.8525,0.2458,0.1341,89.997,80.238,14.914,6.12,238.28,1
37.526,21.725,3.0988,0.2087,0.1087,37.144,8.3872,8.8451,7.3742,141.91,1
67.338,29.022,2.9012,0.2524,0.1387,-14.421,48.103,-27.831,5.176,328.09,1
48.728,20.226,2.8357,0.3431,0.1861,33.84,55.251,-7.8846,49.347,105.53,1
12.902,11.207,2.1222,0.7245,0.4415,-14.506,7.9426,5.3656,59.898,70.825,1
43.614,17.416,2.6853,0.2497,0.1249,-0.739,17.34,-13.011,8.783,181.3,1
77.227,11.962,2.3531,0.5233,0.2816,-85.162,31.901,-10.539,13.761,177.63,1
12.796,11.537,2.1569,0.7247,0.3937,-15.31,7.8431,10.713,76.533,122.76,1
28.576,12.414,2.5916,0.4507,0.2446,18.687,20.622,-6.2372,15.48,212.35,1
75.71,12.376,2.637,0.2791,0.1465,-33.806,-66.458,6.7663,7.051,198.08,1
28.108,11.045,2.5072,0.5505,0.2939,35.462,17.67,-10.646,14.948,165.69,1
32.517,20.278,2.7828,0.3479,0.2003,-3.0618,-21.312,16.818,13.229,134.95,1
114.41,19.906,2.6238,0.4257,0.2342,-136.03,84.626,13.974,4.901,205.84,1
66.404,9.2183,2.6618,0.4139,0.2538,-53.55,47.481,-10.309,1.257,308.17,1
19.278,7.4611,2.0917,0.7287,0.4494,0.2475,-3.8873,4.3855,89.703,21.742,1
53.592,19.007,2.4594,0.4236,0.224,53.289,42.234,-13.564,78.558,103.79,1
45.07,9.8641,2.5982,0.3808,0.2081,-60.312,-27.546,-5.6833,7.7364,205.82,1
18.702,9.7132,2.3304,0.6402,0.4136,-19.551,-13.869,-3.7129,0.8576,188.3,1
26.775,9.4358,2.3064,0.4691,0.2691,12.685,-14.101,-5.5031,24.607,175.84,1
31.34,23.545,2.9863,0.258,0.1336,-0.5112,19.198,12.626,43.544,111.73,1
51.216,14.464,2.8376,0.3198,0.1897,44.573,41.913,14.309,12.321,149.97,1
24.879,13.553,2.3334,0.5104,0.2947,-15.126,-13.326,-11.75,8.407,116.32,1
82.963,31.968,3.6151,0.1271,0.0649,59.057,72.894,15.012,0.1512,178.55,1
67.15,22.108,3.5688,0.203,0.107,23.031,73.552,-2.8329,2.0821,233.18,1
28.744,12.541,2.4771,0.4533,0.2483,-15.454,-14.075,6.6917,0.3681,92.03,1
30.156,18.157,2.6937,0.4757,0.2925,11.498,26.656,9.4439,17.775,112.27,1
15.151,12.168,2.5092,0.6594,0.3483,-0.619,1.8562,-4.9772,75.415,201.12,1
24.109,8.6111,2.485,0.6514,0.4959,5.2618,19.92,-6.2099,59.461,134.97,1
33.538,14.085,2.5539,0.3436,0.1802,-20.731,-7.6258,9.9982,35.259,103.75,1
74.951,24.003,3.3358,0.1809,0.1018,18.334,36.532,-7.4881,2.0296,244.76,1
95.03,44.331,3.9174,0.1385,0.0703,-30.804,46.951,31.256,1.676,343.87,1
30.351,16.979,2.6551,0.3673,0.2046,38.9,25.419,-14.894,8.379,188.17,1
25.039,17.057,2.4646,0.5729,0.3585,18.574,21.598,13.412,23.722,190.99,1
48.803,14.676,2.7384,0.2886,0.1525,32.673,39.399,5.7309,27.623,243.87,1
37.788,27.329,2.7101,0.2885,0.1706,-12.727,-15.531,18.542,7.342,167.04,1
41.972,21.352,2.9863,0.2786,0.1481,11.332,33.239,14.302,0.094,198.53,1
27.114,20.381,2.7197,0.3108,0.1592,7.3527,19.447,16.229,47.397,71.111,1
18.257,9.5406,2.3385,0.6743,0.4839,-4.995,13.644,-9.4229,46.98,143.74,1
20.849,7.134,2.1414,0.7148,0.3646,24.056,10.361,6.0394,0.0546,179.88,1
13.029,11.109,2.081,0.7552,0.4191,14.65,-5.6726,11.271,58.173,200.62,1
52.834,31.026,2.7818,0.4066,0.2653,36.869,12.177,20.176,1.1826,377.36,1
23.999,15.344,2.3909,0.4024,0.2297,13.245,10.289,-12.389,10.856,200.96,1
41.566,17.818,2.9243,0.2976,0.153,-3.7194,-15.949,8.8863,1.314,222.81,1
26.037,9.3234,2.4691,0.5739,0.4194,4.8807,21.005,-4.8025,19.042,202.13,1
31.387,10.121,2.6042,0.4726,0.255,-17.659,10.774,4.7319,53.34,37.097,1
19.402,12.811,2.5838,0.5476,0.3194,-12.082,-15.446,-7.1279,12.602,195.1,1
88.958,25.692,3.3422,0.1546,0.0816,-137.73,72.187,-19.026,1.39,294.68,1
92.564,28.548,3.4125,0.193,0.1182,-19.275,64.857,-15.296,2.868,310.1,1
28.16,17.012,2.433,0.417,0.2417,0.2165,-13.741,-13.174,8.395,198.85,1
20.634,7.0359,2.1833,0.7541,0.4098,21.987,13.097,-5.8091,79.252,195.74,1
18.294,12.93,2.3918,0.5233,0.2819,-0.5436,7.4971,6.7502,43.525,59.035,1
19.761,17.642,2.4886,0.4448,0.2744,15.775,18.156,11.305,18.758,124.06,1
79.101,13.386,2.738,0.3108,0.1673,55.249,64.499,-9.1456,3.0091,282.12,1
25.769,20.917,2.7439,0.3408,0.1939,20.802,15.288,16.232,17.452,84.578,1
33.961,12.673,2.5533,0.372,0.1916,-32.087,-15.175,-7.4428,43.391,226.42,1
92.941,24.255,3.1906,0.2753,0.175,2.7068,68.718,23.258,4.7062,365.38,1
17.508,10.469,2.4425,0.6282,0.3773,19.698,12.128,3.3264,44.495,172.13,1
90.797,19.278,2.6227,0.3194,0.1776,67.7,88.53,13.367,3.75,157.05,1
97.876,18.699,2.7566,0.4203,0.2426,60.358,94.007,13.834,2.909,198.09,1
59.762,13.912,2.6808,0.39,0.2054,44.899,50.853,14.911,10.544,278.35,1
42.798,12.241,2.6964,0.503,0.3853,-47.859,-21.371,-8.7955,15.563,294.67,1
41.735,16.041,2.9513,0.2785,0.1482,-37.492,-21.69,-2.3961,5.686,201.08,1
40.906,26.059,3.1635,0.2478,0.1479,17.023,32.289,19.079,12.925,145.81,1
24.239,10.873,2.5308,0.5184,0.3108,3.8759,20.813,8.0599,13.001,120.32,1
52.237,45.616,3.8024,0.1494,0.0749,10.94,35.527,-46.814,20.595,37.254,1
36.284,20.971,2.8974,0.3344,0.1995,15.073,26.861,-17.105,1.2146,260.58,1
48.065,6.4926,2.4433,0.5369,0.355,-5.5375,-11.558,4.9494,12.597,256.03,1
31.683,9.8633,2.3294,0.4309,0.2178,35.443,25.222,9.4138,65.85,75.53,1
13.05,10.684,2.1833,0.7672,0.482,13.383,-2.7243,9.4369,86.767,168.88,1
50.886,18.601,3.0471,0.3122,0.1575,56.99,39.537,-8.4796,3.597,239.74,1
38.493,19.022,3.1481,0.2993,0.1788,19.8,25.402,11.382,4.217,178.68,1
33.648,21.412,2.7532,0.2648,0.135,16.501,-8.8087,17.583,26.137,175.25,1
20.541,13.453,2.5575,0.5429,0.3033,2.4761,-10.792,6.0168,34.219,196.32,1
65.038,10.826,2.49,0.4595,0.2411,31.27,65.218,6.4885,11.394,139.27,1
34.666,12.573,2.5472,0.4113,0.2227,23.538,11.992,12.403,6.9113,205.61,1
12.976,11.262,2.3434,0.7483,0.3923,14.965,-5.0459,-11.662,44.47,193.79,1
94.147,18.941,3.0249,0.3154,0.1903,-14.127,67.902,-20.165,1.505,347.55,1
46.288,19.729,3.0037,0.2519,0.1334,30.444,33.075,14.053,13.536,242.07,1
45.359,23.555,2.9643,0.2562,0.1341,33.363,42.59,-17.398,22.33,244.68,1
42.571,15.531,2.4921,0.3929,0.2045,-0.217,31.867,-4.9576,12.21,261.45,1
47.311,16.067,2.7835,0.2568,0.1292,-46.14,-34.855,-10.934,0.069,163.86,1
48.539,19.371,2.4401,0.3775,0.1942,35.158,33.385,-14.009,9.9947,163.2,1
28.27,6.5766,2.3522,0.6089,0.3622,-31.086,-19.789,-4.1616,10.181,185.31,1
21.924,12.37,2.3493,0.4608,0.2707,-28.22,-8.1482,9.9155,15.61,200.7,1
121.29,26.95,2.634,0.2857,0.1498,61.137,86.799,-17.581,5.5164,269.02,1
58.442,19.695,2.4764,0.3806,0.1953,-44.121,-59.466,-18.418,19.889,190.75,1
28.344,13.967,2.5999,0.392,0.2224,22.61,15.822,-4.2037,11.473,128.2,1
31.64,17.139,2.7324,0.4296,0.2213,29.905,21.673,13.598,16.713,162.99,1
22.696,15.702,2.4749,0.5528,0.3199,24.013,13.863,-13.848,13.373,181.64,1
27.009,24.942,2.6628,0.2717,0.1424,28.552,3.091,12.26,55.309,161.03,1
61.066,26.47,2.7007,0.2908,0.1643,-82.608,-41.84,21.742,0.151,247.38,1
24.275,15.607,2.5276,0.4392,0.2685,7.9587,19.197,14.835,15.417,125.03,1
35.748,22.835,2.9699,0.2722,0.1367,44.53,27.389,-10.128,13.977,147.63,1
22.192,10.513,2.233,0.5497,0.2836,17.648,16.773,5.9768,33.726,187.82,1
85.838,28.102,3.3598,0.1153,0.0583,-36.116,-36.849,15.354,2.5365,250.3,1
46.202,14.239,2.7574,0.3427,0.2124,-56.035,23.32,-12.518,16.24,191.1,1
73.295,42.319,3.6665,0.1981,0.1006,65.165,68.597,45.362,8.681,234.4,1
62.115,22.075,2.846,0.4376,0.2815,36.497,64.601,-18.525,22.76,227.69,1
26.712,20.829,2.7931,0.3752,0.2134,22.195,22.037,10.075,44.012,196.33,1
27.696,16.971,2.5605,0.3989,0.2022,-6.9001,19.165,-12.895,40.736,204.36,1
21.352,16.41,2.6263,0.3853,0.2139,-24.525,-13.101,6.2545,2.933,133.72,1
20.875,10.015,2.4378,0.5766,0.3595,-4.036,15.692,-9.3417,47.878,113.65,1
51.903,14.242,2.9209,0.2448,0.135,-10.897,-12.226,6.8359,7.684,184.28,1
34.989,15.914,2.5653,0.4871,0.3143,-30.587,-30.685,-12.938,68.617,50.858,1
32.658,16.731,2.7585,0.3522,0.177,41.659,23.44,-6.9897,6.5984,148.98,1
12.793,11.57,2.0626,0.7273,0.368,-15.082,4.1787,-11.634,27.042,199.19,1
21.064,6.6794,2.1222,0.7623,0.4717,-20.148,-15.61,6.1427,50.094,234.34,1
60.859,23.106,3.3442,0.263,0.132,-60.201,49.063,14.472,0.7451,270.19,1
24.529,14.295,2.5641,0.4611,0.2442,-23.555,12.84,8.2298,2.189,113.83,1
29.121,18.071,2.4893,0.3598,0.2058,37.947,21.368,-15.164,27.67,170.51,1
32.425,9.629,2.4393,0.4364,0.2564,-2.2216,23.961,4.2002,6.6791,165.52,1
39.774,19.974,2.9138,0.2878,0.1945,34.135,25.562,12.662,3.288,154.05,1
60.813,38.973,3.8601,0.1286,0.0677,16.144,47.267,8.2626,11.863,103.75,1
93.369,29.923,3.2874,0.2203,0.1287,-22.022,89.186,-12.891,18.761,294.35,1
19.98,17.314,2.5545,0.4407,0.2385,24.985,10.139,12.256,0.2194,76.334,1
44.703,17.133,2.7356,0.2592,0.1406,40.896,34.19,12.071,4.2607,178.77,1
29.77,17.625,2.6928,0.3854,0.1957,17.651,26.925,15.067,22.139,229.28,1
22.202,6.5999,2.1861,0.7362,0.4072,-24.017,-11.537,6.728,20.202,194.7,1
21.667,6.6144,2.1021,0.7273,0.4545,-21.421,-14.887,-6.4934,4.344,134.69,1
52.851,34.106,3.3817,0.1412,0.0712,2.9004,42.117,30.855,37.194,146.97,1
26.293,14.771,2.6817,0.4495,0.2758,11.589,12.336,-11.077,1.8019,178.6,1
83.949,44.988,3.3242,0.2512,0.1676,-28.964,-47.018,34.377,8.252,305.97,1
71.846,21.057,3.4625,0.1855,0.0984,-63.567,55.771,13.094,1.9065,265.76,1
24.407,9.7823,2.4158,0.5067,0.3013,16.904,-14.88,4.8608,15.678,104.58,1
26.968,15.105,2.4609,0.4048,0.2266,39.349,-11.651,-14.232,33.814,196.21,1
51.081,14.518,2.8774,0.431,0.2566,-35.72,35.15,9.2712,0.559,294.75,1
50.699,39.432,3.3919,0.2052,0.1142,22.213,45.036,24.943,9.5042,43.753,1
99.324,29.16,3.5856,0.2599,0.1458,-4.3638,22.774,17.003,1.3072,357.39,1
27.866,13.812,2.5484,0.3989,0.2136,-16.611,13.442,-5.3983,20.874,166.63,1
12.91,11.384,2.0846,0.7407,0.3745,15.024,-3.4639,-11.739,14.351,200.06,1
35.875,17.244,2.9499,0.2884,0.1487,38.271,-16.361,8.1999,10.037,221.93,1
17.804,9.3625,2.3655,0.6897,0.5065,5.1677,-13.071,-9.6262,25.387,219.4,1
75.371,19.275,3.1515,0.2032,0.1104,4.4977,63.848,-12.533,5.284,261.21,1
19.974,16.299,2.5593,0.5103,0.28,24.494,11.63,-8.7452,8.793,182.31,1
19.12,12.814,2.3314,0.5175,0.2727,1.6022,-10.351,8.2765,41.795,195.77,1
21.22,6.5774,2.1446,0.7599,0.4839,19.875,16.07,-6.2487,18.981,155.03,1
54.618,15.03,2.705,0.2821,0.1548,-32.594,-33.404,6.2599,5.3885,163.71,1
73.725,15.597,2.8338,0.2639,0.1371,-56.286,-63.027,-7.1354,3.531,209.78,1
36.378,10.361,2.2742,0.6223,0.3537,28.294,25.907,7.6178,19.434,134.41,1
21.843,15.476,2.3775,0.499,0.2537,11.627,19.564,10.11,86.235,100.74,1
30.974,18.229,2.6395,0.4381,0.2672,7.0214,30.003,19.377,30.144,161.15,1
80.225,25.295,3.3416,0.189,0.0945,55.278,84.202,13.702,2.792,222.57,1
97.455,24.256,3.2872,0.1734,0.1102,-45.432,84.416,-18.741,6.3678,286.73,1
21.372,12.778,2.4273,0.4561,0.2299,29.394,-5.7645,8.0277,10.636,138.61,1
12.984,11.129,2.0846,0.749,0.4321,-14.514,6.6103,10.485,49.891,148.16,1
34.951,19.998,2.905,0.2626,0.15,7.0531,-3.3165,16.772,19.885,186.14,1
30.916,20.548,2.7164,0.4419,0.245,26.257,28.144,-16.909,14.437,145.02,1
90.407,30.283,3.3527,0.1669,0.0886,98.658,73.439,-15.213,9.2458,279.7,1
67.307,28.73,3.095,0.2194,0.133,-38.102,52.516,-23.41,4.0631,291.65,1
33.3,11.546,2.5938,0.3669,0.2025,27.63,23.501,-7.1995,3.807,184.5,1
23.722,13.379,2.3918,0.4706,0.2657,26.823,7.1654,-7.9641,37.143,90.502,1
18.758,12.805,2.5085,0.5333,0.2775,16.767,11.344,-4.1454,24.632,71.749,1
26.208,9.7841,2.4108,0.6175,0.3825,-17.243,-12.47,-6.0277,61.722,104.26,1
59.261,18.65,2.9717,0.1857,0.0945,20.766,41.696,11.821,10.336,200.28,1
28.045,12.814,2.4108,0.4932,0.2544,-23.454,-2.5723,-4.9605,4.8014,233.65,1
77.423,23.635,3.2464,0.1656,0.0887,74.707,66.344,13.555,3.438,224.03,1
55.676,25.696,3.4948,0.2272,0.1339,50.167,44.595,14.218,4.2001,246.6,1
22.796,10.658,2.5031,0.5997,0.4003,11.346,20.563,8.9411,42.293,210.98,1
66.969,27.065,3.1652,0.2768,0.1576,-27.922,27.979,-23.383,2.619,313.46,1
12.355,12.135,2.2135,0.6728,0.3456,17.003,-10.7,-0.9435,60.17,86.444,1
31.182,14.847,2.3149,0.4697,0.2542,-28.483,-24.113,7.8002,22.923,107.93,1
26.942,20.114,2.769,0.3557,0.2051,12.629,10.36,16.768,3.9876,149.78,1
16.451,11.222,2.3263,0.6274,0.3892,-2.2667,5.6423,7.7692,31.76,247.82,1
92.694,25.545,3.1623,0.3297,0.1855,-4.4943,32.24,-28.655,2.62,357.02,1
28.681,12.979,2.5484,0.3932,0.2362,-1.6727,-10.47,-3.6762,5.8695,104.39,1
39.482,17.451,3.0569,0.2702,0.1408,-22.649,7.0397,-10.657,1.9918,187.34,1
63.285,24.576,3.0772,0.2403,0.1352,-58.271,37.254,13.682,4.104,278.34,1
79.713,20.76,2.9012,0.3704,0.2316,-84.736,-25.709,-24.59,5.3899,337.54,1
73.453,20.293,2.9745,0.3043,0.1766,-52.188,44.584,9.6189,0.288,278.24,1
29.654,16.377,2.3355,0.4665,0.261,29.764,24.308,14.385,25.558,250.51,1
16.488,11.433,2.29,0.5897,0.341,2.5672,-6.7324,6.3345,33.458,129.21,1
31.449,14.632,2.7657,0.3791,0.193,5.7791,-26.614,10.366,14.121,194.79,1
24.657,16.192,2.6335,0.4884,0.2477,31.215,19.942,-15.801,17.585,210.84,1
42.068,9.8012,2.4579,0.4321,0.2178,44.842,34.679,-9.2528,0.3486,211.64,1
83.796,25.543,3.5502,0.1786,0.0987,53.131,77.285,13.004,1.9876,263.15,1
45.194,26.435,3.1055,0.229,0.1235,11.295,39.522,22.868,7.8797,116.31,1
50.274,29.846,3.6069,0.1951,0.1042,27.224,42.186,-14.058,16.692,85.991,1
19.142,18.273,2.2304,0.5412,0.2794,27.83,-13.995,16.622,42.063,150.09,1
23.528,9.5551,2.3692,0.6624,0.391,-27.031,8.6299,-5.9169,24.368,106.05,1
35.456,14.099,2.4533,0.3944,0.206,2.3575,17.754,-14.943,2.075,235.55,1
18.903,9.4943,2.3674,0.6824,0.4657,2.9614,-13.291,-7.2136,64.045,215.76,1
54.591,21.889,2.917,0.3329,0.2076,-62.309,-32.422,17.984,0.626,278.29,1
40.185,20.793,2.9012,0.3139,0.1588,14.34,-7.9486,-16.11,7.848,191.31,1
45.667,21.1,3.0924,0.1779,0.0942,25.569,22.833,15.153,3.197,133.45,1
44.218,17.529,2.5717,0.3646,0.1917,-42.175,-19.047,17.563,18.537,168.48,1
60.344,39.43,3.7198,0.134,0.0716,42.693,47.923,-13.308,12.864,103.3,1
19.979,12.692,2.4541,0.5448,0.3462,12.693,16.866,-5.0556,12.759,205.86,1
29.951,15.455,2.6405,0.3547,0.1888,4.5319,15.162,7.4995,23.962,133.1,1
22.718,8.7598,2.4346,0.6544,0.3842,-22.543,-18.768,-11.105,6.1543,174.7,1
92.105,50.669,3.6836,0.1256,0.0668,29.788,82.905,63.9,6.5297,271.79,1
43.208,22.308,3.0804,0.2102,0.1059,61.041,24.751,-10.253,3.4828,169.39,1
27.504,17.633,2.4541,0.3445,0.174,-6.0405,7.7084,-16.042,31.28,159.28,1
12.96,11.136,2.2,0.7445,0.4385,-14.445,7.0352,-9.7628,63.541,229.43,1
70.483,23.829,3.5782,0.1783,0.0992,58.618,71.142,-6.3053,4.159,226.18,1
53.783,16.996,2.6571,0.3414,0.1729,58.441,36.402,-13.179,2.081,244.07,1
17.822,16.548,2.404,0.5128,0.2702,15.347,15.841,-12.722,36.972,143.13,1
32.349,12.91,2.5999,0.4347,0.2324,16.861,21.997,8.4481,20.553,211.08,1
21.561,6.7887,2.07,0.7149,0.4213,22.592,13.308,-6.4567,10.302,180.16,1
24.66,10.982,2.5792,0.5086,0.2569,-7.8453,-19.655,3.6629,6.516,209.64,1
24.409,12.813,2.5065,0.405,0.2103,21.256,-5.3426,-6.1367,22.24,133.16,1
72.116,26.527,3.5358,0.1634,0.0837,44.869,71.667,15.133,15.27,176.9,1
95.386,43.162,4.0435,0.091,0.0478,-69.495,87.85,-17.343,4.0819,291.3,1
86.791,29.381,3.5011,0.2741,0.1642,36.509,43.531,12.005,2.284,375.97,1
21.145,7.0922,2.2082,0.6749,0.3375,0.3624,-5.7146,6.258,13.757,214.1,1
25.231,12.004,2.4857,0.4183,0.2369,-6.5118,-16.019,-6.3149,1.6585,72.397,1
17.328,10.918,2.1703,0.5946,0.3547,1.021,-5.5946,6.8793,82.268,184.3,1
80.771,32.444,3.6469,0.1073,0.0538,47.197,51.529,20.534,3.2797,227.56,1
20.265,10.176,2.2923,0.6224,0.375,-4.2702,15.558,7.6127,19.359,124.87,1
74.861,28.592,3.6254,0.1756,0.0935,26.051,7.0047,-12.1,0.098,282.26,1
112.57,49.618,4.2261,0.0774,0.0407,129.86,82.845,-20.779,1.064,288.64,1
74.345,29.657,3.6303,0.1148,0.0587,61.334,63.496,-20.588,7.6188,200.48,1
13.371,10.496,2.1717,0.7946,0.4007,14.94,2.0921,11.902,47.994,180.74,1
38.025,15.97,2.5353,0.312,0.1822,-15.777,23.407,12.462,12.157,191.62,1
26.32,22.606,2.5955,0.3655,0.2272,2.4853,-21.559,-15.005,30.58,159.85,1
13.413,10.192,2.1861,0.8078,0.4593,13.806,6.1638,11.624,4.157,133.43,1
13.235,10.265,2.1804,0.7987,0.4917,13.06,6.659,10.949,25.938,197.83,1
91.748,22.929,2.9219,0.3208,0.1957,-109.89,67.235,-23.341,9.9993,222.72,1
25.533,14.464,2.472,0.4283,0.2479,3.4272,19.427,-10.587,30.713,181.51,1
30.12,27.438,2.6959,0.286,0.1621,5.8084,21.304,15.666,51.11,115.3,1
30.902,17.617,2.6021,0.39,0.2612,21.487,24.574,-9.8571,10.678,202.23,1
39.232,18.751,2.9586,0.3113,0.1777,22.934,40.227,7.8823,14.293,230.91,1
19.541,7.0622,2.2135,0.8073,0.419,-20.597,-13.099,-4.1841,16.693,111.76,1
37.273,14.573,2.4742,0.4027,0.203,25.499,17.587,13.299,18.199,132.69,1
83.195,20.979,3.3075,0.2094,0.1278,25.842,76.137,11.554,2.2045,242.23,1
29.692,17.465,2.716,0.4288,0.2625,9.0854,-20.872,13.885,11.116,197.1,1
23.451,21.371,2.7966,0.3738,0.2133,11.423,10.907,16.09,3.386,177.42,1
64.334,17.45,3.3917,0.2905,0.1743,-63.409,46.041,-10.034,4.3085,298.41,1
32.386,11.552,2.639,0.3628,0.194,28.903,14.507,-6.3446,7.4884,212.65,1
52.444,18.378,2.9053,0.2127,0.1088,2.2138,-44,4.2712,3.3763,182.35,1
43.009,17.247,2.636,0.3075,0.1699,-53.554,28.124,11.456,13.933,126.74,1
73.557,28.736,3.4992,0.1353,0.0689,40.572,70.519,-15.719,3.062,171.53,1
12.522,11.941,2.0022,0.6965,0.3532,15.454,-6.4495,11.223,35.255,86.864,1
46.989,27.147,2.9009,0.2437,0.1225,63.712,28.585,-23.854,29.221,147.53,1
21.484,6.96,2.1508,0.6855,0.364,24.936,8.883,6.4455,66.491,60.623,1
65.876,25.225,3.3128,0.1737,0.1083,50.248,51.994,8.0935,1.8283,230.29,1
22.021,6.5474,2.2956,0.7392,0.443,-22.285,-14.151,6.6458,47.246,153.2,1
22.556,6.4609,2.2055,0.7539,0.3832,-25.666,-6.3922,-6.8247,3.9937,156.62,1
20.137,10.938,2.243,0.5886,0.3171,-7.6972,17.833,9.0805,27.881,228.74,1
43.027,13.894,2.4385,0.5209,0.2969,27.621,14.635,-10.96,20.823,262.12,1
22.289,12.242,2.472,0.5295,0.2648,25.954,6.9253,9.6848,14.999,159,1
25.591,0,2.1414,0.7365,0.4152,27.184,14.455,0,16.345,184.65,1
103.23,23.656,3.6799,0.1381,0.0737,48.533,103.77,-17.646,0.2615,245.26,1
38.962,8.2674,2.3775,0.5493,0.3375,41.356,28.819,-4.7539,1.5978,223.92,1
56.047,19.836,3.2051,0.2657,0.1587,-79.326,31.113,-14.762,3.164,250.21,1
25.921,17.526,2.9413,0.4293,0.2181,29.724,25.549,14.664,1.567,159.67,1
26.738,24.503,2.7312,0.2563,0.1291,2.7024,-21.936,-13.14,33.424,221.1,1
17.682,10.766,2.179,0.5828,0.3411,0.5898,-4.9879,6.5403,61.229,219.28,1
26.315,18.459,2.8274,0.3884,0.2418,7.8003,-12.879,-14.355,13.776,117.24,1
48.853,15.848,2.7084,0.3327,0.1791,52.099,14.94,-14.08,4.4388,183.25,1
21.364,7.0174,2.1383,0.6764,0.3455,-25.625,-6.1481,-6.3851,17.541,82.257,1
96.618,34.473,3.268,0.1646,0.0947,-14.337,46.829,-18.616,2.6775,316.37,1
37.49,25.027,3.1722,0.2388,0.1201,-16.149,-19.764,10.678,75.311,44.818,1
34.594,22.723,2.9423,0.2821,0.1456,49.758,26.846,-14.403,7.1144,128.76,1
45.342,21.661,3.1103,0.2529,0.1509,33.768,43,-12.115,5.028,267.26,1
34.969,20.997,3.0237,0.3229,0.1813,14.067,31.074,-12.193,4.116,151.73,1
24.125,15.343,2.5366,0.5087,0.3096,-4.6924,-19.994,-14.514,35.433,28.665,1
38.507,15.778,2.7384,0.3434,0.1726,55.571,-21.727,12.596,2.37,115.61,1
35.421,15.477,2.7701,0.3345,0.2063,21.209,26.083,4.4635,8.507,180.07,1
17.005,11.285,2.3979,0.568,0.306,-1.6498,6.6965,4.7586,52.599,169.95,1
39.734,15.347,2.9415,0.2517,0.1356,23.84,-17.35,-2.7189,20.042,85.656,1
45.421,31.901,3.5653,0.1711,0.0869,46.004,40.579,-17.861,11.608,165.6,1
16.938,11.222,2.2148,0.5793,0.3445,1.2678,-5.7428,-6.51,13.295,214.12,1
24.816,22.852,2.6309,0.3368,0.1977,7.4441,18.016,11.047,42.368,140.99,1
23.57,14.86,2.3971,0.509,0.2585,-11.125,-14.872,11.438,21.769,166.97,1
94.408,32.239,3.8232,0.1293,0.0695,-72.139,78.018,-17.377,2.3937,268.61,1
45.033,32.279,3.4412,0.1781,0.0892,1.7996,37.324,18.487,38.027,65.759,1
19.901,17.868,2.499,0.5071,0.3027,-14.044,-15.236,9.7605,49.186,245.62,1
29.482,12.011,2.7193,0.4847,0.2929,10.488,-18.297,5.0949,76.322,27.953,1
21.75,9.7791,2.2201,0.5964,0.3343,2.2004,-14.678,-9.1681,10.709,82.343,1
79.273,14.843,2.6618,0.2723,0.1383,87.969,76.28,-11.166,12.424,248.13,1
24.928,11.479,2.3883,0.5235,0.3333,3.7608,17.851,-11.14,12.744,168.97,1
74.479,20.954,2.9985,0.2007,0.1129,-20.532,59.246,-18.577,10.928,220.25,1
20.553,7.038,2.0881,0.7592,0.4122,-21.809,-13.208,-5.7289,75.842,99.95,1
28.126,19.727,2.7774,0.3038,0.1845,12.613,19.537,11.979,20.468,198.97,1
100.01,33.422,4.0373,0.1147,0.0576,-42.92,71.009,-7.2555,1.9529,298.43,1
75.325,31.193,3.2191,0.2174,0.1132,-29.538,-78.225,-23.953,29.81,246.75,1
30.882,23.384,2.6201,0.3621,0.1859,-29.049,-23.435,16.125,27.082,129.17,1
22.046,10.105,2.1987,0.6139,0.3703,-21.255,-19.574,-11.361,63.367,145.03,1
19.645,14.862,2.5024,0.478,0.2846,2.3679,-10.132,5.8533,19.405,162.78,1
27.485,17.014,2.6542,0.3747,0.1874,3.743,24.416,-6.0413,6.422,63.007,1
87.351,17.232,2.9987,0.2979,0.15,100.56,71.537,-12.663,0.156,256.42,1
57.404,31.087,3.2531,0.2831,0.1823,-40.433,40.588,18.917,6.389,302.48,1
113.16,35.688,2.9645,0.1812,0.0917,103.11,55.708,20.974,8.8474,234.23,1
27.737,18.685,2.6753,0.3738,0.2017,-5.8412,19.783,-12.675,52.527,163.28,1
85.564,28.446,3.1652,0.2515,0.1288,-6.9911,53.008,30.71,0.4362,332.21,1
13.027,11.182,2.1717,0.7542,0.3872,-14.96,3.7922,11.789,14.639,153.75,1
17.444,10.918,2.1959,0.586,0.3408,-1.1321,6.014,-6.5272,17.837,53.731,1
16.368,11.592,2.4814,0.5974,0.3053,2.0152,-6.3907,-3.35,12.324,214.63,1
25.443,14.411,2.4969,0.5191,0.2882,8.642,18.93,11.3,12.861,164.61,1
39.003,17.41,2.7517,0.2781,0.1408,11.611,-25.295,11.689,8.0864,198.18,1
35.561,22.027,3.2682,0.2232,0.1151,-24.124,-15.575,8.6244,0.5877,183.18,1
103.33,50.55,4.258,0.0875,0.045,32.339,74.277,-29.277,3.4381,290.43,1
28.473,6.8137,2.1461,0.5286,0.2679,9.9974,12.43,-2.5218,12.945,66.705,1
29.844,10.081,2.3589,0.4814,0.2429,40.825,-13.134,2.8983,29.43,48.898,1
68.01,21.626,3.1313,0.3089,0.1837,-61.701,60.126,17.041,4.0577,268.33,1
54.663,18.921,3.3003,0.2054,0.1029,46.33,47.25,11.468,1.7,213.29,1
15.615,11.31,2.3201,0.6555,0.4474,-1.8753,-3.6582,-8.8845,2.599,207.34,1
64.407,23.943,3.3524,0.2279,0.1219,40.985,57.518,8.8787,4.8251,238.27,1
12.654,11.768,2.2516,0.7115,0.3613,-15.245,5.5036,11.447,66.081,213.99,1
31.727,16.055,2.4208,0.3378,0.1689,-1.4761,25.355,-14.131,11.328,88.985,1
68.618,25.668,3.2476,0.1956,0.0992,-22.981,62.58,-12.154,0.334,215.01,1
21.959,16.073,2.5563,0.4444,0.2375,6.9527,8.9352,-7.7108,19.662,220.26,1
30.672,22.214,2.7771,0.3024,0.1629,6.1392,17.415,8.0693,27.715,115.39,1
12.934,11.181,2.0952,0.739,0.4378,14.508,-7.4438,-9.1835,44.462,208.14,1
13.021,10.051,2.2292,0.7965,0.5398,11.923,7.7178,9.11,11.842,208.12,1
20.805,6.9185,2.0846,0.7572,0.4321,21.326,14.055,5.9449,19.327,51.07,1
13.202,10.498,2.1973,0.7873,0.473,-13.498,-5.2649,11.008,52.167,109.21,1
59.192,25.783,3.344,0.2319,0.1293,13.178,31.437,-19.371,4.605,222.93,1
92.247,32.851,3.4813,0.2248,0.1144,-33.743,-55.352,26.962,2.235,307.61,1
25.658,9.6231,2.4764,0.5275,0.3422,-8.4837,-18.526,8.3947,29.802,86.728,1
81.36,29.386,3.1695,0.1854,0.0937,36.258,74.881,-20.567,8.8992,278.53,1
42.115,18.972,2.8052,0.3743,0.1934,38.491,43.579,10.355,16.906,248.17,1
25.781,18.825,2.4601,0.3466,0.1889,-3.9316,-21.624,13.263,3.0162,203.17,1
44.725,24.525,3.1733,0.1939,0.1057,35.533,26.633,-19.667,4.908,144.14,1
120.04,22.227,2.8567,0.2058,0.1064,-92.369,-102.47,-10.405,61.074,139.29,1
26.689,15.129,2.4793,0.3781,0.2272,7.0688,20.555,-8.417,34.4,139.76,1
39.533,15.262,2.7931,0.3994,0.2262,44.792,35.857,-11.527,4.914,152.73,1
37.34,20.437,2.8907,0.2842,0.1846,32.758,26.311,9.0852,3.892,139.33,1
20.83,12.967,2.3334,0.4965,0.2622,15.745,8.4718,-2.2807,2.799,135.77,1
24.006,17.655,2.6053,0.3697,0.2072,-7.8864,-4.5617,10.459,43.73,149.7,1
77.727,28.544,3.6814,0.1608,0.0944,-89.29,48.11,-7.142,5.68,241.26,1
30.654,13.207,2.6212,0.39,0.2309,27.648,14.23,-10.353,12.886,86.978,1
32.969,16.501,2.7875,0.2985,0.1737,-7.8186,-7.1389,8.9015,3.638,208.72,1
82.529,21.565,3.4733,0.2354,0.1317,59.599,87.015,-14.297,2.176,247.04,1
70.782,23.331,3.051,0.2161,0.1143,-40.658,46.171,-10.388,0.97,320.67,1
67.837,19.902,3.2491,0.2835,0.1434,35.736,79.903,-10.669,6.1571,232.26,1
35.464,19.974,3.1358,0.2992,0.2023,-5.447,18.801,10.185,20.565,151.71,1
31.639,12.691,2.5126,0.4916,0.3057,20.702,21.05,12.107,68.429,43.622,1
36.634,17.359,2.8924,0.296,0.157,19.065,31.279,6.2182,11.7,200.64,1
23.822,15.636,2.5099,0.4049,0.2087,12.348,13.72,-9.4416,17.721,140.77,1
61.253,23.028,2.7328,0.2479,0.1341,50.671,53.272,-11.83,24.24,257.39,1
27.536,16.529,2.5321,0.4376,0.2511,1.3195,18.732,16.049,3.459,159.46,1
35.515,29.084,3.2052,0.2525,0.1344,17.727,29.122,-20.54,26.577,117.03,1
20.659,10.662,2.3945,0.621,0.3165,5.7293,-17.131,-3.5068,14.135,123.73,1
21.621,16.591,2.6698,0.4257,0.262,27.39,9.4802,10.358,34.221,230.01,1
75.966,27.219,3.1582,0.1813,0.0962,7.7136,57.359,14.641,2.993,276.02,1
109.8,34.376,3.2403,0.1369,0.0687,37.906,121.02,28.006,73.68,120.45,1
30.558,16.125,2.5938,0.4102,0.2229,-22.169,-21.054,9.2193,14.043,118.63,1
19.836,11.43,2.4116,0.5891,0.3004,19.387,19.091,9.9913,24.926,130.39,1
96.719,33.687,3.9202,0.136,0.0711,26.804,80.498,12.298,2.0169,326.51,1
100.81,22.857,3.0864,0.1926,0.1201,-83.185,-55.583,16.674,3.8175,258.56,1
71.763,26.869,3.0099,0.2845,0.1686,-76.098,47.004,11.184,11.803,266.94,1
20.291,16.02,2.4183,0.4084,0.2271,-1.7118,8.3607,-7.6019,12.229,244.88,1
27.605,18.767,2.6972,0.3896,0.2098,5.1623,19.106,14.155,76.963,69.242,1
80.222,27.295,3.3912,0.2056,0.1221,78.054,67.214,-19.278,1.547,258.05,1
109.72,51.169,4.2302,0.0627,0.0328,87.209,83.877,22.623,3.4161,283.83,1
19.252,16.834,2.4265,0.4831,0.3352,13.986,17.701,-11.065,47.858,136.63,1
30.533,21.696,2.6248,0.382,0.2432,-7.9124,-28.865,-15.425,0.1224,188.34,1
18.134,14.674,2.3664,0.5462,0.3247,-7.9164,16.418,8.1317,39.134,150.23,1
26.503,15.847,2.6721,0.3596,0.2138,9.1556,16.53,4.1781,24.301,130.7,1
26.677,17.304,2.7168,0.3455,0.1814,-8.8224,20.078,14.166,6.8488,230.36,1
36.585,13.103,2.6021,0.3825,0.1963,50.661,17.606,-8.9989,10.337,208.04,1
29.031,11.616,2.3414,0.5194,0.3257,33.95,14.354,6.8154,15.802,227.16,1
55.714,19.198,2.9335,0.2494,0.1335,-75.247,-37.358,16.593,1.386,286.07,1
36.735,16.879,2.7105,0.3486,0.186,-8.7051,-30.336,7.5822,4.147,201.48,1
20.082,7.0172,2.2109,0.7877,0.4277,20.773,13.723,-5.1582,34.358,127.01,1
34.963,20.901,2.7885,0.3092,0.1961,-12.363,21.805,14.504,3.901,203.15,1
56.805,19.257,2.6154,0.3442,0.1782,-70.127,-29.089,-13.416,0.3475,270.22,1
96.646,12.206,2.5112,0.3606,0.1926,63.174,55.714,-10.067,45.43,101.75,1
23.826,12.549,2.3464,0.6532,0.4032,23.27,18.35,-7.988,21.788,76.502,1
31.797,17.488,2.7931,0.2834,0.1441,2.519,-24.142,11.437,18.694,214.05,1
103.88,45.33,4.2128,0.0983,0.0539,-89.181,72.105,23.833,0.9908,295.99,1
17.276,17.19,2.5334,0.5124,0.2914,-0.014,1.225,18.4,25.764,144.19,1
18.796,10.259,2.233,0.5497,0.3129,-23.549,-9.8311,-2.0507,82.243,211.83,1
67.409,28.387,3.3531,0.1925,0.1005,-34.71,59.816,19.055,1.25,306.06,1
58.03,22.779,3.1171,0.1634,0.0851,-30.215,37.949,-17.825,4.9761,167.01,1
73.338,18.727,2.4425,0.4729,0.2473,-48.022,-70.533,-15.559,1.0184,226.93,1
66.157,19.632,3.2564,0.1856,0.1011,42.606,47.905,5.61,5.6351,209,1
74.799,20.086,2.9757,0.3765,0.2195,-22.987,-40.094,-8.8413,7.8318,308.87,1
35.678,16.743,2.5922,0.422,0.2852,10.734,26.725,12.192,0.789,190.69,1
47.132,23.485,3.5004,0.2284,0.1177,10.074,31.024,-15.622,8.902,166.25,1
12.67,11.743,2.0394,0.7123,0.3699,15.476,-7.2067,11.194,82.249,189.34,1
80.303,33.295,3.5595,0.1748,0.0942,-57.431,62.086,17.89,2.6827,304.53,1
30.377,18.495,2.6222,0.3914,0.2136,6.5992,27.165,12.674,0.059,267.75,1
22.054,14.344,2.451,0.5239,0.2991,-30.587,15.237,-9.9131,3.13,136.54,1
20.069,14.448,2.4786,0.5216,0.2708,-4.548,13.763,5.9206,24.509,128.51,1
69.892,18.95,2.8283,0.294,0.1656,-120.5,58.475,-9.0489,4.442,260.14,1
36.511,16.997,2.7924,0.3016,0.154,-5.9952,10.336,7.5573,25.117,184.73,1
90.666,37.735,3.5818,0.2266,0.118,-15.79,-38.752,-19.065,2.481,404.33,1
83.502,31.123,3.7774,0.1493,0.0754,66.654,74.637,-24.583,4.43,249.71,1
20.872,12.409,2.3243,0.6588,0.4573,9.9618,17.865,-10.541,23.769,195.09,1
79.502,26.56,3.652,0.1413,0.0741,49.91,75.682,17.357,3.5757,200.29,1
41.827,26.368,3.0422,0.235,0.1202,24.134,40.136,20.474,29.392,173.61,1
20.985,12.564,2.3253,0.539,0.2955,24.45,14.962,9.6203,14.578,237.5,1
17.677,10.814,2.3838,0.5785,0.3037,-22.655,-9.6813,-3.9859,23.666,145.94,1
20.842,7.157,2.07,0.7064,0.3532,24.541,9.3895,6.0436,20.042,221.38,1
39.003,15.898,2.7832,0.3921,0.2166,26.949,39.272,-12.74,11.479,235.55,1
35.521,19.079,2.7683,0.2592,0.1356,-7.2942,26.588,8.2989,3.6208,203.09,1
27.503,16.813,2.5763,0.366,0.1976,-27.946,-13.427,-12.658,21.937,124.45,1
42.517,29.038,3.4363,0.1765,0.0987,32.246,25.801,-11.024,11.891,85.297,1
20.456,10.967,2.2856,0.6114,0.3083,14.721,17.88,-5.9276,23.821,229.16,1
42.191,18.356,2.8513,0.2761,0.1458,-1.7343,40.929,-6.4425,1.7355,243.82,1
104.06,14.115,2.6527,0.4249,0.2436,67.036,97.673,-7.7866,0.091,197.5,1
26.711,20.18,2.7284,0.3738,0.2084,-19.958,-20.414,-10.429,78.74,80.255,1
28.361,21.333,3.0404,0.3098,0.1626,-10.285,20.857,-10.945,61.7,75.302,1
33.425,19.232,3.0092,0.2761,0.1522,14.058,17.74,8.5339,62.169,45.957,1
24.598,11.334,2.4354,0.5541,0.2844,13.857,21.286,3.034,61.302,203.1,1
51.741,18.913,2.9289,0.298,0.1667,45.749,44.942,17.107,6.405,229.03,1
34.768,19.02,2.6857,0.3918,0.2134,33.846,30.668,10.906,0.281,268.15,1
21.753,6.7839,2.0881,0.7102,0.4041,23.54,12.05,6.5592,5.706,154.56,1
17.809,10.849,2.3284,0.5587,0.2887,1.8017,-7.7886,4.6985,73.417,94.904,1
36.755,15.483,2.5231,0.3538,0.1784,-49.463,-23.984,-12.892,61.492,44.524,1
53.013,14.053,2.3395,0.5034,0.2586,69.233,-32.748,11.065,10.865,188.36,1
19.308,12.345,2.3551,0.521,0.3201,2.5526,-10.472,-10.721,60.871,189.05,1
26.466,13.691,2.608,0.3748,0.201,34.543,14.005,7.1748,4.0277,114.14,1
26.929,11.955,2.4495,0.5648,0.286,-22.738,-13.388,10.905,26.935,165.47,1
43.875,29.479,3.6885,0.2002,0.1112,13.2,37.509,-11.706,9.6642,118.3,1
74.4,38.007,4.102,0.0982,0.05,65.166,74.974,19.62,4.6957,173.58,1
44.237,20.961,2.8904,0.2548,0.1293,44.105,42.489,-11.919,37.234,196.14,1
76.838,26.577,3.5931,0.2389,0.1494,-54.926,23.532,12.02,4.154,275.72,1
29.471,13.416,2.42,0.3878,0.2034,-19.359,18.179,-9.9381,1.643,147.59,1
25.021,21.125,2.7976,0.306,0.1761,-3.3811,-10.319,8.1751,24.474,99.743,1
29.972,19.244,2.7505,0.2753,0.1394,-0.0369,-16.094,-12.897,11.911,187.84,1
47.303,16.532,3.0398,0.2673,0.1382,48.57,26.467,-8.3448,17.262,169.9,1
35.093,14.411,2.6532,0.4267,0.2211,35.255,9.6713,10.404,7.5143,193.41,1
16.321,10.697,2.3483,0.6861,0.4507,-2.4424,3.415,8.742,6.0909,206.25,1
121.66,16.087,2.5378,0.5101,0.3203,-140.29,47.855,10.378,1.662,245.55,1
19.115,11.682,2.3962,0.6345,0.3675,11.435,18.986,2.3154,31.686,124.92,1
41.816,21.133,2.8132,0.2706,0.1668,27.743,32.256,14.212,34.216,148.83,1
57.614,18.587,2.7686,0.3612,0.1934,-33.325,-29.62,16.188,0.127,227.55,1
12.994,10.934,2.1021,0.751,0.4625,13.903,-6.1426,-8.8707,74.997,121.4,1
29.953,16.768,2.525,0.3522,0.1836,2.8502,-21.067,-9.285,8.402,160.31,1
84.44,35.381,3.742,0.1953,0.1004,-6.9577,52.009,7.6456,1.17,353.44,1
30.156,11.965,2.5422,0.4419,0.2626,6.1629,-13.559,4.3853,18.682,78.734,1
24.063,10.246,2.4601,0.5269,0.2652,-15.226,16.2,6.3309,11.625,94.088,1
32.829,21.066,2.7694,0.3265,0.1828,38.471,23.99,-11.517,32.43,107.77,1
37.289,21.596,3.3735,0.2924,0.1729,15.443,9.1394,-7.3324,3.2352,145.57,1
50.106,18.33,3.1541,0.2139,0.1238,38.259,28.623,11.838,4.0106,186.29,1
25.221,0,2.0952,0.7068,0.3574,0,0,-6.24,29.9,119.88,1
27.221,6.9613,2.248,0.5876,0.3305,-14.766,6.1527,4.6093,18.719,125.41,1
30.554,21.181,2.7509,0.2715,0.15,2.1798,-20.894,-15.226,2.2982,197.39,1
32.882,24.087,3.0149,0.2647,0.156,1.7784,-17.071,-18.678,10.197,111.48,1
83.05,30.402,3.6171,0.2113,0.1221,-25.293,67.66,8.5092,0.181,314.94,1
27.173,11.315,2.4564,0.451,0.2535,8.108,13.587,7.8429,15.612,144.48,1
50.486,20.471,3.1313,0.2912,0.1578,-75.663,-20.637,16.009,8.648,267.82,1
51.008,25.243,2.734,0.2214,0.1153,-74.841,33.896,16.304,19.198,256.3,1
26.274,11.996,2.6085,0.4507,0.2426,24.74,20.762,2.3155,4.849,54.363,1
32.203,27.857,2.9974,0.2384,0.1242,-11.84,12.734,-21.903,15.646,148.29,1
47.391,29.576,3.4302,0.1523,0.0826,15.084,-9.0918,20.507,3.5846,202.7,1
77.044,26.147,3.2184,0.2141,0.117,58.594,72.981,-11.082,0.357,245.94,1
84.963,27.024,2.9993,0.2384,0.1347,-66.874,51.025,-17.77,1.346,263.65,1
60.074,18.208,3.1339,0.2182,0.1231,-18.828,18.27,-6.69,5.624,250.57,1
26.152,17.5,2.792,0.4019,0.2107,-6.3634,16.679,-11.484,10.669,153.7,1
53.238,20.45,3.0406,0.2723,0.1389,54.004,43.694,12.996,5.6926,235.78,1
42.745,17.66,2.7412,0.2976,0.1642,5.3478,22.423,14.159,8.9172,252.14,1
61.517,26.477,3.3753,0.1572,0.0845,3.5699,40.082,-15.508,3.0791,211.05,1
29.663,9.2293,2.4125,0.4913,0.2921,5.207,24.598,-9.9884,8.1489,83.588,1
13.068,10.797,2.1287,0.7658,0.4647,13.767,-4.3048,10.188,84.709,273.66,1
32.353,18.797,2.8106,0.3016,0.1663,-0.0796,-19.265,-7.4905,2.021,181.88,1
22.488,16.027,2.6959,0.3927,0.1984,-21.06,8.754,11.654,6.62,55.598,1
20.91,15.231,2.4487,0.4484,0.2331,-0.7028,-7.7378,-7.4624,16.552,101.88,1
75.688,16.518,2.8089,0.2314,0.1157,4.1543,49.099,11.636,6.228,248.18,1
66.52,22.72,3.038,0.2217,0.1214,64.309,51.45,-13.04,3.481,261.51,1
57.416,17.476,2.8344,0.2738,0.1428,22.477,60.28,12.218,14.643,202.66,1
33.305,14.583,2.5569,0.4827,0.3343,33.717,31.656,14.914,28.993,187.75,1
53.508,19.912,3.2121,0.2283,0.123,60.31,34.182,8.1916,0.487,247.39,1
37.963,15.999,2.7825,0.2937,0.1741,-18.323,14.161,13.472,0.0895,140.29,1
117.69,13.761,2.9292,0.3014,0.1736,78.717,136.44,5.6508,1.9331,208.95,1
66.467,35.612,3.2838,0.2102,0.1178,-53.385,50.301,33.24,0.106,276.74,1
27.163,17.707,2.616,0.3947,0.2094,-3.2049,14.775,8.4814,74.502,168.73,1
44.809,25.045,2.9167,0.2071,0.1157,24.61,-23.686,-14.051,22.096,216.64,1
156.37,32.932,3.3676,0.2089,0.1087,-289.95,165.7,17.132,15.657,252.14,1
56.673,13.668,2.618,0.3639,0.194,-76.405,-34.999,-14.763,7.2332,255.55,1
57.694,18.316,3.0273,0.1606,0.0803,22.261,22.161,11.46,0.122,178.1,1
133.6,35.586,3.0312,0.1796,0.0926,219.9,-125.08,-25.445,74.66,230.87,1
13.947,8.8242,2.3454,0.8668,0.4582,14.328,6.0618,-11.396,25.153,66.166,1
84.571,19.596,3.238,0.2168,0.1136,5.4504,97.165,9.914,4.2254,192.53,1
50.081,21.307,3.1225,0.2202,0.1188,51.047,40.889,11.854,5.8695,127.36,1
113.49,32.243,3.4706,0.1645,0.0882,-72.148,64.421,-16.849,1.2941,327.43,1
103.8,41.69,4.213,0.079,0.0428,-45.786,81.494,-20.273,2.833,280.41,1
21.062,12.064,2.4601,0.5026,0.2686,28.416,-8.6851,-7.3859,22.862,106.71,1
43.515,14.318,2.8075,0.3115,0.1846,16.44,37.926,-7.6022,4.1022,273.15,1
91.735,36.023,3.4097,0.1729,0.096,-25.561,70.986,31.519,2.8204,313.17,1
20.769,10.351,2.3054,0.6535,0.4282,-18.202,-20.29,-11.714,2.752,298.11,1
36.945,12.899,2.5593,0.3531,0.1779,-25.182,28.51,4.3445,2.242,154.76,1
18.925,9.182,2.2833,0.6615,0.4661,17.998,15.461,-2.7311,18.715,184.02,1
19.061,9.8311,2.2967,0.6212,0.3157,-23.792,-9.6045,-5.6369,2.805,80.207,1
73.658,27.536,3.5329,0.2184,0.1195,-36.872,53.183,10.255,1.321,290.96,1
129.76,31.193,3.1814,0.1916,0.109,-171.91,54.674,-22.788,15.467,271.93,1
28.738,12.184,2.5484,0.4017,0.2192,-16.146,13.098,-10.124,8.0769,164.83,1
38.447,14.792,2.4456,0.4946,0.2993,18.101,30.973,-10.152,22.313,94.833,1
19.891,16.732,2.3355,0.4342,0.2194,10.693,18.122,-7.8787,11.5,102.65,1
123.99,17.471,2.7906,0.298,0.1547,-190.1,84.486,13.037,0.813,351.04,1
46.289,12.399,2.8651,0.3165,0.1671,-82.482,37.196,-6.6611,10.638,280.2,1
78.883,27.055,3.4497,0.1811,0.0932,53.49,66.841,-14.53,3.939,291.22,1
30.653,18.998,2.7774,0.3573,0.2028,24.323,13.771,13.563,37.007,27.187,1
45.624,17.151,3.0269,0.2481,0.1245,20.786,36.879,-8.153,6.262,150.75,1
81.244,42.142,3.7943,0.0999,0.05,83.938,71.345,-24.007,7.946,190.6,1
44.509,14.759,2.721,0.3118,0.1816,-66.239,25.602,-11.124,3.81,195.22,1
72.48,30.416,3.8673,0.142,0.0716,-19.998,79.775,-19.35,1.3082,241.58,1
15.847,11.864,2.2718,0.6257,0.3182,1.2776,-4.6367,3.1949,48.699,199.13,1
47.347,11.796,2.596,0.3676,0.1939,21.803,41.023,7.6897,12.801,82.264,1
20.945,7.127,1.9978,0.7035,0.3568,-24.518,-9.5235,-6.1163,53.159,44.699,1
106.09,18.968,2.9225,0.2104,0.1118,91.377,114.89,-11.082,2.801,250.17,1
35.659,23.465,3.1214,0.2707,0.1471,7.5011,16.73,16.896,82.356,50.462,1
26.979,13.929,2.5224,0.4625,0.2568,31.903,18.054,-11.359,72.624,35.026,1
61.822,14.056,2.4116,0.4496,0.2616,-88.323,47.814,-6.6789,1.251,252.89,1
23.307,17.421,2.444,0.4532,0.2608,8.7773,4.4608,10.781,2.7033,218.54,1
90.663,35.157,3.2034,0.1909,0.1161,7.8809,38.156,16.739,0.4799,348.96,1
52.394,19.664,3.38,0.2709,0.1536,24.207,43.449,-11.078,8.7641,174.07,1
26.76,16.615,2.5065,0.4829,0.2695,-19.225,-14.547,8.6584,23.959,128.88,1
26.704,9.9059,2.4807,0.4231,0.2231,14.651,-17.912,5.7653,7.055,180.7,1
32.764,20.137,2.8331,0.2746,0.1476,-32.252,-30.04,-10.274,6.2504,228.15,1
68.916,7.9361,2.2201,0.5422,0.2741,-75.733,-31.233,4.9703,19.048,185.54,1
50.704,11.61,2.608,0.434,0.2626,42.825,40.082,7.7336,3.9822,173.18,1
39.303,16.202,2.6299,0.354,0.1817,13.977,36.788,11.884,23.734,203.76,1
78.583,31.973,3.3153,0.1161,0.0602,-1.2141,61.103,24.384,6.4886,215.23,1
60.905,20.422,3.1955,0.1874,0.1042,75.238,42.198,-15.262,6.978,235.03,1
12.918,11.2,2.224,0.7343,0.4388,14.523,-7.7005,-8.4019,17.455,73.177,1
20.462,7.0807,2.0881,0.7592,0.4041,22.025,12.847,-5.647,25.224,107.29,1
16.606,11.48,2.233,0.5906,0.3304,0.8373,-4.8092,-5.6688,45.071,257.16,1
91.426,25.44,3.8901,0.1301,0.0652,-0.1459,87.721,-7.6524,3.1195,245.11,1
18.017,17.388,2.4871,0.5277,0.3762,13.581,15.986,16.668,57.922,155.34,1
28.981,20.905,2.9405,0.2936,0.1542,7.621,16.532,-11.956,46.863,108.97,1
55.362,33.223,2.7983,0.3214,0.171,1.9585,-33.795,-12.664,13.822,351.56,1
36.047,9.6582,2.5993,0.4478,0.2553,10.756,-27.961,10.515,18.862,87.957,1
61.077,22.135,2.9317,0.1966,0.1012,16.439,-22.859,9.5081,7.7011,183.49,1
84.767,25.048,2.9009,0.25,0.1438,7.0941,87.526,19.518,8.012,184.75,1
57.945,31.834,3.271,0.1843,0.0935,44.213,39.015,28.034,5.7196,260.73,1
13.23,10.583,2.1383,0.7855,0.4545,-13.89,-4.5036,11.353,58.504,246.04,1
29.844,16.233,2.4742,0.2987,0.1527,37.132,-16.267,-8.4272,15.521,198.97,1
77.734,30.206,3.926,0.1333,0.0674,16.704,69.886,-19.333,1.5881,233.13,1
69.687,32.513,3.2821,0.2857,0.1486,25.733,51.743,25.364,5.4304,362.99,1
49.5,20.167,2.9682,0.1947,0.0984,-17.566,18.333,-15.092,12.703,183.15,1
13.201,10.427,2.3064,0.7901,0.4815,-13.306,-5.7732,10.898,40.863,121.95,1
17.257,11.1,2.2695,0.5645,0.2876,2.7427,-8.4161,-4.0082,13.267,136,1
97.697,38.735,3.7623,0.1796,0.1057,8.5151,61.596,-33.682,1.141,369.88,1
53.62,20.226,2.6547,0.4009,0.2492,48.177,47.95,7.6072,41.257,158.95,1
41.772,24.656,3.2041,0.205,0.1028,49.257,-15.436,-16.301,23.56,166.84,1
45.62,33.144,3.2983,0.1847,0.0938,-19.235,7.2994,-19.315,3.6192,280.96,1
88.982,30.85,3.2423,0.1969,0.1125,-39.258,72.53,-25.388,2.6107,320.38,1
31.576,26.407,2.8552,0.2917,0.1528,15.604,14.973,-20.07,87.716,122.93,1
78.163,27.382,3.3964,0.1726,0.0881,3.0264,70.004,-27.301,7.741,241.7,1
93.678,37.337,4.0157,0.1141,0.0573,52.858,75.758,21.596,0.667,286.92,1
21.083,16.541,2.6015,0.4155,0.219,-27.112,5.5636,-11.502,48.777,106.31,1
53.072,22.588,2.9467,0.2973,0.1668,32.026,53.219,-17.95,8.118,139.59,1
17.917,10.85,2.3263,0.5236,0.2712,0.751,-5.9624,3.3192,7.9443,105.69,1
23.278,12.769,2.4533,0.5211,0.2623,3.1716,18.152,6.4226,4.3351,200.44,1
30.334,20.65,2.6739,0.286,0.16,32.875,-16.756,10.4,9.129,112.46,1
20.017,9.5305,2.2175,0.5939,0.3061,25.509,6.2839,-3.2733,55.331,90.375,1
16.561,11.519,2.2601,0.5934,0.3269,-0.4669,3.9436,5.4076,38.001,98.58,1
18.965,12.981,2.527,0.523,0.3105,10.154,12.806,4.7404,18.749,187.02,1
18.303,7.4384,2.1629,0.7904,0.4983,-2.5708,6.582,2.7875,17.005,158.26,1
96.1,21.538,3.1321,0.2398,0.1243,-88.516,66.391,-14.9,5.9111,251.35,1
82.799,19.429,3.0856,0.2479,0.1351,55.394,82.31,-15.485,0.2339,237.81,1
77.332,27.601,3.5761,0.146,0.0776,19.307,70.846,-18.193,4.744,226.56,1
39.017,23.4,3.1053,0.237,0.1377,8.3237,-22.454,-21.336,3.2298,139.1,1
28.406,21.18,3.0077,0.2672,0.1478,-14.156,13.318,13.642,11.239,153.27,1
71.828,25.117,3.2619,0.1762,0.0933,33.495,73.599,-22.172,5.3892,238.19,1
21.081,6.8859,2.1508,0.742,0.4276,21.792,13.832,6.1605,9.294,230.81,1
35.059,9.7044,2.5635,0.4153,0.2227,41.821,29.315,-6.6261,4.005,237.86,1
59.173,30.527,3.6819,0.1876,0.1045,-64.005,20.088,18.648,1.806,266.12,1
59.441,21.11,3.2783,0.1644,0.083,-13.703,45.06,11.017,3.819,252.33,1
47.249,18.837,2.9151,0.2517,0.1331,-9.9978,-34.286,13.753,0.7073,199.99,1
64.4,31.208,3.2383,0.1976,0.102,15.898,57.101,18.792,8.889,248.69,1
41.814,22.462,2.7828,0.211,0.1113,-30.883,34.485,-4.5173,58.9,106.33,1
30.512,11.062,2.4014,0.4484,0.2282,-46.045,20.127,-9.5436,56.063,44.504,1
27.692,9.9536,2.3847,0.4536,0.2412,34.107,21.087,-7.3498,2.0797,113.55,1
36.076,24.255,3.0467,0.2551,0.128,6.2996,25.485,-8.1573,4.6563,144.01,1
21.603,0,2.1319,0.7749,0.476,0,0,10.379,82.495,198.92,1
54.699,27.755,2.9621,0.228,0.1173,-87.178,31.111,19.839,23.358,278.17,1
44.51,21.327,2.9467,0.2634,0.143,36.343,14.49,15.967,2.472,203.5,1
30.244,26.465,2.7589,0.2456,0.1298,16.546,11.603,-4.8562,28.51,138.82,1
21.15,10.634,2.281,0.5812,0.2958,22.033,18.447,-10.57,22.674,132.15,1
98.588,31.727,2.7189,0.3534,0.2149,-51.406,-83.829,20.409,6.4959,391.96,1
35.281,21.229,3.1204,0.2524,0.1285,36.896,23.773,-14.707,4.4652,167.01,1
19.13,9.0426,2.2833,0.6719,0.4714,3.9814,-13.562,-10.103,38.478,208.72,1
24.079,11.866,2.6294,0.5023,0.2758,9.9897,14.982,-11.213,22.926,161.42,1
87.388,29.353,3.6577,0.1223,0.0628,46.176,107.71,-18.122,5.6,177.61,1
23.247,18.405,2.6839,0.4286,0.2764,-9.8798,10.664,-10.272,34.217,75.377,1
36.181,17.944,2.6015,0.2803,0.1414,21.726,14.442,-10.29,8.2714,179.44,1
54.807,22.349,2.7259,0.5226,0.2829,-51.646,-56.179,18.753,6.3332,311.55,1
40.882,12.253,2.7578,0.3022,0.1546,21.784,-23.012,5.3826,16.879,195.09,1
36.613,15.191,2.5927,0.3653,0.1954,-36.559,-34.177,-8.3285,2.269,201.71,1
35.346,17.06,3.0523,0.3316,0.184,-23.157,10.446,-5.8566,7.6086,216.97,1
46.256,19.155,2.9609,0.2276,0.122,52.605,21.597,-10.37,6.5852,161.7,1
12.988,10.72,2.2055,0.7477,0.4891,13.273,-4.5371,4.7611,26.41,161.68,1
101.55,27.573,3.7108,0.2041,0.1128,-41.854,81.537,15.434,1.7955,319.76,1
21.053,10.507,2.2014,0.5597,0.3176,-5.7473,17.236,-9.4586,2.989,181.27,1
29.839,14.591,2.6503,0.4116,0.2584,-17.448,10.631,9.7966,3.7372,238.47,1
16.531,11.128,2.3874,0.627,0.3258,-20.669,-9.6798,-5.4375,60.649,67.022,1
19.074,10.102,2.2148,0.561,0.3018,-24.401,-8.6983,4.2673,65.738,195.95,1
21.728,10.629,2.3139,0.6019,0.3519,17.442,17.904,-7.5813,32.767,217.68,1
97.209,33.244,4.0381,0.1009,0.0536,-21.596,85.667,-9.6149,0.6959,282.71,1
36.519,19.785,2.4571,0.377,0.1937,-45.558,-15.54,-14.708,17.633,212.52,1
71.087,24.702,2.9795,0.2432,0.1242,-47.662,66.852,25.119,24.096,285.29,1
33.929,12.166,2.5296,0.3929,0.2378,44.523,20.158,-8.8548,11.448,73.31,1
22.397,15.282,2.4425,0.4693,0.2942,13.844,15.23,10.554,18.996,118.24,1
41.118,15.269,2.5126,0.3717,0.2043,58.116,-25.683,7.7235,6.1592,109.51,1
39.018,16.308,2.749,0.2816,0.1471,49.005,-26.294,-12.975,0.783,178.98,1
31.177,20.139,2.8666,0.2842,0.1638,-0.3975,17.272,6.4543,7.611,131.34,1
35.882,16.423,2.4997,0.3924,0.1978,44.896,-12.358,10.096,12.438,166.37,1
24.104,10.508,2.4322,0.4843,0.2717,3.9049,19.213,-7.1906,0.134,111.34,1
62.707,11.807,2.616,0.3971,0.2288,-95.337,49.842,6.4025,6.0467,246.64,1
33.522,26.041,3.4344,0.2376,0.1227,35.551,22.968,-21.53,13.501,112.33,1
32.893,14.758,2.5763,0.5066,0.2613,4.6285,-13.797,14.056,10.796,214.96,1
34.753,16.38,2.6212,0.2703,0.1376,21.945,23.661,7.2786,16.531,158.12,1
21.482,12.629,2.3253,0.4444,0.2293,28.153,11.134,9.8983,35.828,71.743,1
32.309,21.224,2.8373,0.2415,0.1215,-42.075,-14.805,-15.104,36.13,154.79,1
31.372,23.389,3.071,0.2896,0.1592,18.684,22.657,-15.99,28.632,90.001,1
48.806,34.677,3.6885,0.1516,0.0868,37.458,38.753,-7.6062,1.4845,116.03,1
19.363,7.4401,2.0737,0.7426,0.443,1.2864,-6.8666,4.4826,60.349,111.75,1
21.343,16.256,2.42,0.4144,0.2186,28.116,-9.8288,11.271,0.6445,131.01,1
51.988,17.73,2.836,0.3253,0.1875,15.498,51.273,-3.2394,3.8346,224.91,1
17.941,7.4752,2.2889,0.7815,0.5219,1.2938,-4.1966,-3.522,2.105,105.24,1
22.487,10.229,2.4241,0.6139,0.3145,13.429,16.592,-8.0406,5.507,194.34,1
27.349,19.425,2.7474,0.347,0.203,19.155,-16.154,-13.832,23.736,185.71,1
26.818,15.938,2.485,0.4092,0.2144,14.346,9.0264,5.468,78.539,214.32,1
30.526,17.915,2.7945,0.3162,0.1693,24.907,-17.831,-6.4695,65.959,45.796,1
37.597,13.53,2.4942,0.5,0.3285,45.512,-8.699,-9.8457,13.599,173.08,1
53.988,17.591,2.8423,0.2416,0.1344,51.127,19.199,-13.836,5.2981,237.02,1
21.342,10.108,2.2788,0.6,0.3132,-6.4027,17.53,-10.711,51.719,158.05,1
106.42,36.766,3.9834,0.1246,0.0683,-20.727,62.648,21.27,0.6179,340.78,1
83.381,26.181,3.4373,0.2671,0.1405,9.4793,65.738,13.427,2.332,347.91,1
13.03,11.181,2.1351,0.7546,0.3773,15,0.4644,-11.825,35.096,146.66,1
31.019,15.699,2.3253,0.4965,0.2577,-33.805,-20.421,3.8618,19.333,146.45,1
34.863,20.573,3.1017,0.2809,0.1404,39.17,26.935,-9.652,14.161,91.54,1
25.444,16.322,2.5605,0.3769,0.1884,29.096,19.939,10.387,17.21,112.25,1
38.825,16.474,2.7899,0.3228,0.1679,17.477,34.486,-9.777,0.804,254.65,1
16.974,15.682,2.3304,0.6355,0.4042,1.4646,15.468,8.3497,51.396,138.54,1
71.595,19.355,3.1949,0.1966,0.1018,44.053,65.852,5.1734,0.8714,210.65,1
21.418,6.9042,2.0473,0.7085,0.3991,-23.32,-12.116,6.3918,39.577,38.356,1
24.543,15.947,2.3191,0.4892,0.3046,7.1094,15.225,-10.296,61.886,152.96,1
77.716,30.142,3.8886,0.1406,0.0711,44.837,63.585,-23.623,1.0204,261.15,1
104.32,68.684,4.3813,0.083,0.0428,-115.61,67.379,26.535,2.8968,340.43,1
60.178,22.47,3.1116,0.2042,0.1071,79.653,44.151,14.277,1.877,246.78,1
28.175,12.494,2.4526,0.3845,0.2099,-14.796,-7.7343,10.274,22.765,97.13,1
60.026,19.591,3.0362,0.1858,0.0961,-1.2711,47.217,8.4799,2.832,136.37,1
66.049,19.023,2.4893,0.47,0.2707,56.469,45.5,6.7123,5.112,271.72,1
57.266,15.509,2.7292,0.2687,0.1483,68.96,37.581,-11.459,4.819,199.81,1
35.088,26.297,3.0288,0.2508,0.1418,8.172,17.246,11.285,15.532,166.34,1
48.2,25.648,2.76,0.3527,0.1972,-60.626,22.539,19.692,26.818,301.24,1
38.97,19.549,2.8865,0.3208,0.1942,41.232,31.227,15.844,21.461,136.61,1
27.495,16.467,2.5112,0.4099,0.2142,33.652,17.05,7.0734,7.113,161.22,1
26.942,9.7191,2.2467,0.4646,0.2408,-11.489,15.202,4.2848,10.626,91.534,1
34.737,23.541,3.0175,0.292,0.1715,30.296,29.342,9.1531,39.615,84.441,1
27.009,12.994,2.6632,0.4756,0.2986,-0.695,13.403,9.5451,20.582,133.81,1
14.387,11.585,2.3766,0.6933,0.5021,0.3622,3.734,-9.7663,20.35,193.22,1
107.25,62.925,4.4209,0.0654,0.0331,-91.862,80.134,38.866,2.5599,307.67,1
12.909,11.236,2.2516,0.7339,0.4342,14.623,-7.7891,-8.7673,0.3707,224.63,1
36.558,21.801,2.9263,0.2832,0.1712,-4.7287,24.77,-15.937,5.614,178.32,1
18.886,7.3566,2.2911,0.7928,0.4578,3.9281,-9.2363,2.8273,2.783,186.63,1
43.282,8.7109,2.2068,0.5466,0.2764,28.22,27.611,-5.5561,6.025,255.66,1
32.984,17.073,2.5647,0.3869,0.2057,45.615,-22.613,-9.1443,2.3056,176.51,1
20.579,7.1865,2.1746,0.7291,0.3645,23.728,10.664,-5.8163,56.336,94.489,1
31.084,6.1756,2.3979,0.58,0.314,37.733,13.631,-2.1975,28.549,150.6,1
93.003,28.149,3.6363,0.1608,0.0817,-67.517,73.348,-9.9072,1.64,293.82,1
77.605,18.381,3.0222,0.2489,0.143,-67.085,43.398,14.544,4.328,263.57,1
38.738,16.502,2.7551,0.42,0.2118,19.249,32.587,-6.4778,7.3257,152.57,1
25.495,23.168,2.3414,0.7062,0.4032,-30.985,18.599,12.378,84.793,394.21,1
67.89,32.905,3.2645,0.1866,0.1047,-96.098,41.818,31.182,18.478,243.44,1
24.657,18.885,2.7443,0.409,0.2225,-31.404,17.982,-12.192,20.618,188.55,1
32.891,13.678,2.5635,0.3115,0.1571,-25.196,6.4356,-11.554,18.356,246.62,1
27.52,11.123,2.3598,0.4629,0.2467,19.25,-17.658,10.094,57.613,151.04,1
12.624,9.2136,2.2467,0.8215,0.6204,9.8606,10.054,-6.7862,47.441,57.796,1
75.55,29.285,3.5567,0.2734,0.1625,8.599,53.199,13.898,3.6374,339.73,1
27.344,9.4993,2.4338,0.4715,0.2449,13.219,-16.653,2.1875,21.36,236.93,1
55.812,16.969,2.9872,0.2255,0.1241,8.824,44.714,7.8019,14.328,218.38,1
30.333,23.707,2.7608,0.3469,0.1847,15.15,29.938,18.43,6.8354,45.372,1
25.823,11.662,2.4886,0.3961,0.2159,-9.6338,-11.466,4.2261,20.852,114.08,1
68.237,16.943,2.9101,0.1993,0.1125,41.984,13.451,10.292,4.6306,149.58,1
25.476,16.971,2.7789,0.371,0.2055,28.735,15.774,-12.14,1.0915,195.54,1
38.165,23.378,2.9452,0.1997,0.1015,33.78,25.214,10.02,18.682,170.92,1
55.293,13.384,2.8636,0.2902,0.154,68.995,-11.624,6.3705,4.5618,200.34,1
26.495,9.9971,2.3738,0.5032,0.2685,31.341,21.291,-6.0532,36.725,237.49,1
19.593,10.276,2.2856,0.658,0.3912,-5.206,15.587,-6.1643,44.724,130.79,1
50.52,17.566,2.9692,0.2598,0.1315,8.4112,43.074,-14.499,12.511,241.87,1
44.86,14.831,2.993,0.2754,0.1621,-24.721,20.948,-6.3106,5.874,237.14,1
23.856,12.233,2.4346,0.4522,0.2739,7.6639,11.391,8.8336,20.725,219.95,1
26.452,0.0001,2.2443,0.7977,0.4701,-0.0001,-0.0001,-17.327,81.274,171.26,1
22.373,10.9,2.4057,0.5737,0.336,-12.91,-18.841,8.2273,12.697,224.7,1
23.441,12.402,2.7059,0.4902,0.249,17.386,17.003,-6.9224,34.484,153.35,1
86.269,27.227,3.5583,0.1883,0.1124,47.504,99.861,20.04,4.8363,263.01,1
51.07,18.51,2.9521,0.2848,0.1703,19.375,47.92,13.304,7.48,257.95,1
38.653,18.266,2.7839,0.3158,0.1785,-24.837,-25.246,-12.082,8.8024,214.18,1
30.456,12.308,2.5557,0.3783,0.1961,28.482,22.349,-4.7752,10.909,240.72,1
41.555,17.822,2.8768,0.2776,0.1481,21.759,21.603,6.1443,26.574,174.03,1
19.326,9.8381,2.2529,0.5698,0.3492,22.642,11.509,-0.1793,4.1946,205.06,1
31.416,23.233,2.8588,0.2796,0.1433,23.94,15.406,-14.552,4.6173,180.39,1
39.499,14.016,2.7832,0.2949,0.1623,-40.703,-20.79,-7.1121,2.188,141.83,1
40.197,23.25,2.7352,0.2833,0.172,19.569,42.332,-16.568,8.6032,77.47,1
26.156,19.825,2.5139,0.4564,0.2404,-0.6801,25.988,19.889,49.568,169.8,1
81.213,18.773,3.0981,0.2377,0.1376,75.841,66.15,15.614,0.193,258.16,1
13.318,9.929,2.2055,0.8162,0.5078,12.684,7.8602,11.104,42.856,70.596,1
31.032,15.705,2.86,0.3175,0.1649,45.959,5.9295,13.451,8.7828,151.22,1
23.043,18.017,2.7324,0.3296,0.1769,-6.7698,-13.864,10.422,0.326,175.72,1
36.871,17.28,2.8549,0.3184,0.1906,2.5011,19.83,-9.8739,0.8432,133.21,1
46.738,15.303,2.9886,0.2382,0.1227,43.815,30.026,-10.944,3.111,211.05,1
32.397,15.682,2.6946,0.3899,0.2515,10.837,19.876,12.802,20.731,188.1,1
18.995,7.009,2.2418,0.8309,0.4212,-20.065,-12.686,1.1677,10.318,225.18,1
90.322,27.295,3.6603,0.1801,0.104,-58.925,76.471,16.418,3.7332,281.18,1
89.776,39.597,3.3517,0.2207,0.1257,-84.93,-51.956,42.461,4.3596,358.22,1
37.701,17.005,3.0883,0.3011,0.1922,-3.1865,15.403,13.229,12.836,156.69,1
28.653,14.773,2.4548,0.4105,0.2158,33.114,20.756,7.4549,22.384,201.03,1
78.639,16.803,3.006,0.212,0.1119,95.953,53.51,-11.467,2.261,233.27,1
54.085,22.18,3.1256,0.167,0.085,17.198,39.854,17.793,1.185,224.59,1
97.796,28.081,3.6101,0.227,0.1508,-15.814,66.259,12.825,7.8023,324.54,1
21.996,15.665,2.3664,0.5161,0.2903,-31.506,16.607,-10.876,39.342,51.742,1
17.01,11.258,2.3139,0.568,0.318,1.6458,-6.5998,-5.4826,34.507,189.77,1
49.492,16.734,3.0015,0.298,0.15,29.291,44.018,-13.832,9.8863,247.39,1
24.312,11.903,2.5105,0.4383,0.233,7.5545,13.49,3.2922,17.458,229.88,1
16.844,11.418,2.1959,0.5796,0.2962,0.1683,-3.085,-3.167,16.009,162.36,1
57.56,14.762,2.4976,0.3879,0.2051,44.063,48.289,12.873,18.058,148.61,1
81.896,21.738,3.4041,0.1849,0.0964,77.125,76.025,-15.571,0.219,244.12,1
64.088,15.047,2.7084,0.3699,0.2241,54.88,70.624,-12.095,0.27,237.16,1
19.427,12.149,2.4541,0.5554,0.304,-1.6748,12.123,-7.7484,23.911,198.97,1
27.055,12.083,2.3212,0.4821,0.2649,-17.697,-11.069,-9.7611,38.674,134.37,1
92.999,20.728,3.2358,0.2266,0.1554,-43.693,77.305,-13.593,2.4491,286.98,1
25.838,10.59,2.4257,0.4916,0.2608,9.4113,21.797,-5.8969,26.604,74.344,1
65.94,25.077,3.4851,0.1512,0.082,14.201,45.566,8.4624,2.404,209.95,1
21.863,9.4429,2.29,0.5897,0.341,-2.8708,14.985,10.202,65.546,103.15,1
70.321,17.412,2.8567,0.3769,0.2385,-28.654,42.708,-11.837,3.7836,312.67,1
18.038,15.527,2.617,0.5024,0.2669,2.902,-9.3529,8.2196,72.369,208.36,1
62.321,22.336,2.9868,0.2464,0.1366,49.383,51.357,-13.08,12.972,290.2,1
27.535,17.147,2.6637,0.3384,0.1746,-6.5985,18.957,12.986,2.5393,99.17,1
52.326,37.473,3.3359,0.1721,0.0879,17.707,-60.493,16.642,73.755,152.5,1
12.719,11.677,2.0626,0.7186,0.368,15.246,-5.807,11.48,71.792,248.43,1
25.262,9.9929,2.6227,0.5149,0.2658,30.603,20.389,7.405,23.966,253.3,1
70.543,13.041,2.711,0.3774,0.2033,60.102,76.001,-10.001,11.72,190.52,1
60.283,20.709,2.96,0.2412,0.1255,-70.804,48.833,-14.352,0.7044,269.19,1
18.162,17.022,2.4495,0.4902,0.2682,-6.2436,17.18,-8.8036,56.812,206.63,1
102.7,43.758,3.9838,0.079,0.0424,-135.88,75.481,30.09,5.5948,226.24,1
43.077,17.081,2.721,0.2452,0.1245,-3.0213,26.808,-3.4921,15.96,165.81,1
32.146,20.029,2.5664,0.3962,0.2402,-27.995,-25.889,-14.593,8.564,180.59,1
19.972,9.5513,2.2175,0.5939,0.3242,-24.564,-9.0509,2.64,40.808,207.53,1
40.121,12.698,2.5024,0.4057,0.206,-37.484,21.952,-6.2214,7.61,190.45,1
31.903,23.525,2.8146,0.259,0.1341,-26.332,-17.845,13.49,42.012,113.32,1
12.47,12.001,2.1319,0.6863,0.3579,16.442,-9.8819,-9.0805,71.588,121.37,1
66.271,21.14,3.1064,0.2333,0.1209,-35.295,60.087,16.139,5.998,307.17,1
50.91,21.79,3.476,0.2069,0.1051,-9.7378,30.122,14.159,7.0487,199.56,1
91.463,32.573,3.5434,0.2793,0.1501,20.438,-33.417,24.051,2.331,381.87,1
89.722,23.891,3.5741,0.1554,0.0806,48.238,85.261,15.443,2.759,235.46,1
17.069,11.083,2.3674,0.6051,0.3326,3.0182,-8.02,6.3909,73.311,175.34,1
39.58,16.515,2.7239,0.2927,0.1766,-0.2811,14.569,6.9163,10.476,109.62,1
72.914,27.654,3.3523,0.2013,0.1118,-45.711,71.063,-15.435,5.7258,295.98,1
72.927,29.039,3.4131,0.319,0.1682,-32.942,41.406,-10.875,3.908,353.29,1
36.931,19.408,3.0269,0.3101,0.1743,16.941,21.265,-11.29,11.458,166.32,1
26.286,15.124,2.5447,0.3652,0.1869,-40.227,11.143,13,18.858,169.98,1
19.288,10.569,2.5126,0.7035,0.4255,-5.6003,12.553,7.6606,58.763,106.32,1
41.358,26.279,2.9861,0.2375,0.1244,12.549,37.071,22.116,23.065,257.03,1
26.706,18.662,2.8842,0.3499,0.1821,11.967,16.884,14.222,17.71,89.036,1
85.442,33.72,3.5788,0.1279,0.0706,68.364,75.409,-18.736,0.3652,278.28,1
26.01,17.353,2.7763,0.3816,0.2435,6.8952,-11.075,7.3202,34.76,56.389,1
43.269,19.005,2.9511,0.2764,0.1461,31.945,26.929,-8.8186,4.97,139.81,1
28.268,12.178,2.3212,0.4153,0.2124,40.012,-14.961,-8.7399,11.754,203.41,1
34.846,17.048,2.5237,0.4701,0.262,21.911,26.797,14.109,24.113,185.47,1
12.672,11.722,2.081,0.7054,0.3859,15.801,-9.3284,-8.9896,74.518,151.22,1
20.712,15.488,2.7024,0.4802,0.2629,28.411,-10.624,-8.7727,27.142,47.751,1
16.829,10.502,2.3284,0.7042,0.3967,5.4174,-8.3196,-8.336,53.916,124.65,1
13.004,10.791,2.1089,0.7549,0.4786,-13.515,5.1007,-8.1224,11.725,95.079,1
21.806,6.8105,2.1089,0.7082,0.3852,24.432,10.374,6.5916,18.095,188.63,1
85.411,31.59,2.9566,0.3105,0.1707,-73.997,-68.816,-26.392,6.244,288.74,1
12.773,11.567,2.2978,0.7204,0.3955,-15.393,8.3552,10.22,35.844,96.937,1
34.407,15.989,2.9423,0.313,0.1799,-6.4452,18.333,-7.4337,7.166,160.92,1
13.035,10.922,2.2028,0.7586,0.4545,-14.019,5.5664,-10.125,36.275,154.26,1
46.025,15.466,2.9368,0.3239,0.1718,37.747,35.638,-7.7421,3.595,196.88,1
53.36,23.091,3.3304,0.1888,0.11,35.637,28.514,11.607,2.4208,185.79,1
19.241,9.313,2.2672,0.6486,0.4622,3.1977,-13.538,9.3671,11.06,182.29,1
30.889,14.939,2.6064,0.4134,0.2463,2.6081,-19.208,13.524,20.316,160.58,1
28.507,21.93,2.673,0.3248,0.1688,12.22,-19.926,10.298,67.511,106.74,1
24.068,22.533,2.899,0.3748,0.2303,-2.477,21.518,14.65,54.485,86.259,1
33.185,16.838,2.6227,0.3433,0.1824,34.06,27.391,15.285,22.632,138.42,1
25.287,22.695,2.705,0.2978,0.1568,-4.1659,-17.803,17.491,1.151,154.61,1
27.51,19.494,2.8522,0.3753,0.22,8.9912,8.9581,-14.385,8.8963,89.165,1
22.027,12.337,2.5472,0.5645,0.2879,20.555,10.31,-7.1018,7.383,138.7,1
27.224,19.898,2.6547,0.3034,0.1584,-13.514,14.585,-16.032,81.672,167.1,1
93.416,51.669,3.5509,0.146,0.0752,71.414,87.866,49.534,29.881,212.62,1
48.536,15.975,3.0216,0.2521,0.1299,34.079,39.108,-9.7767,1.7215,216.66,1
27.273,15.11,2.5132,0.4663,0.2439,11.059,-17.251,9.0608,21.332,249.28,1
19.758,7.3677,2.0917,0.7449,0.417,2.2005,-8.8224,-4.9836,17.401,136.69,1
71.251,20.291,3.0695,0.2548,0.1521,-36.856,51.763,-11.839,0.738,303.63,1
33.421,18.551,2.7638,0.2808,0.1438,-0.7484,-23.404,13.185,2.584,215.63,1
67.073,22.392,3.0216,0.4272,0.2383,31.977,53.478,21.059,7.7098,362.95,1
52.887,18.899,2.9908,0.2462,0.1272,47.327,42.259,-10.508,5.3358,235.57,1
33.446,20.624,2.7555,0.2581,0.1308,11.712,-19.223,4.5362,8.614,255.49,1
12.895,11.239,2.1477,0.726,0.4377,14.594,-8.0421,6.6514,80.957,150.92,1
41.694,18.28,3.1544,0.2593,0.1489,14.537,31.713,-9.5188,3.4088,173.08,1
27.047,16.396,2.4878,0.3577,0.1837,-11.661,14.527,-8.0182,20.818,176.04,1
25.758,18.088,2.6893,0.4131,0.2219,9.4966,11.049,-9.8209,8.682,216.46,1
56.056,14.94,2.7634,0.3466,0.1957,54.836,43.936,12.678,15.373,234.78,1
87.38,25.165,3.516,0.2115,0.1272,-20.668,69.644,-10.259,0.9488,318.67,1
83.168,17.84,2.6933,0.458,0.2948,-91.683,-47.425,-19.443,6.489,309.14,1
56.938,24.87,3.1612,0.2898,0.1487,-47.421,18.185,6.3902,2.1358,279.86,1
20.649,7.1313,2.0774,0.7364,0.3808,23.146,11.617,5.8569,54.599,164.29,1
58.419,18.713,2.8561,0.2786,0.14,39.988,53.484,14.001,3.8408,250.47,1
54.308,20.922,3.0869,0.212,0.1077,43.442,41.335,8.1936,8.7643,228.84,1
72.555,20.949,3.2222,0.1936,0.0974,24.574,41.188,13.867,5.411,262.86,1
25.398,10.076,2.357,0.4967,0.2527,8.9039,19.79,4.4057,9.2717,89.444,1
158.21,31.188,3.0032,0.1926,0.1027,107.92,164.03,17.564,17.36,238.67,1
35.487,20.253,2.8971,0.2674,0.1439,36.989,23.448,13.818,17.16,98.328,1
25.397,14.733,2.2683,0.4636,0.2453,-11.528,-14.087,-12.657,45.87,85.019,1
52.928,18.793,3.2695,0.2522,0.1315,26.171,41.089,9.2702,3.259,176.44,1
25.056,22.867,2.913,0.3592,0.1839,17.459,20.725,-12.228,30.635,51.835,1
72.666,21.918,3.4352,0.1795,0.0909,5.3974,75.269,11.225,4.838,251.22,1
42.62,19.979,3.0523,0.2145,0.1077,22.339,16.922,-6.3166,0.898,204.77,1
35.307,15.75,2.7966,0.3482,0.2053,46.5,23.951,2.4949,4.2873,196.75,1
22.524,16.722,2.4976,0.4452,0.2909,6.8835,13.387,15.952,44.921,133.54,1
19.695,12.411,2.2911,0.491,0.3043,-0.5092,7.2857,-10.544,3.769,209.89,1
55.661,24.309,2.9841,0.1795,0.0928,-54.639,45.886,-9.7536,6.2916,205.05,1
81.258,35.44,3.6259,0.2305,0.1206,41.017,-41.447,-26.151,0.5417,371.48,1
13.097,10.615,2.1599,0.7751,0.481,-13.37,-3.7041,10.135,66.481,212.47,1
38.336,16.057,2.6959,0.3041,0.1782,-33.497,-32.016,-11.147,6.499,221.53,1
21.064,10.685,2.2253,0.5833,0.3006,21.744,18.57,-10.618,11.615,113.07,1
98.22,29.359,2.9047,0.2802,0.155,-112.69,61.712,-24.286,8.9889,250.54,1
41.761,22.893,3.1783,0.2143,0.1151,-13.887,12.289,13.281,7.4948,174.52,1
63.008,21.164,2.9276,0.2292,0.1164,59.326,25.821,-10.527,10.028,241.02,1
60.054,22.45,3.0561,0.4622,0.2632,-62.215,-48.282,20.268,7.46,335.77,1
88.212,23.793,3.0392,0.2175,0.1156,-116.75,58.501,-15.838,6.246,225.42,1
78.981,42.009,3.9071,0.1108,0.056,11.866,70.591,-56.93,5.7282,176.44,1
20.186,16.288,2.437,0.479,0.2431,2.7154,-16.81,10.957,65.8,180.16,1
66.198,24.745,3.056,0.2426,0.1218,-105.69,34.976,19.365,7.5637,223.7,1
29.968,18.946,2.6294,0.3192,0.189,7.3549,13.07,-12.335,87.736,186.85,1
26.036,12.939,2.7814,0.4036,0.2142,-24.487,-18.454,-4.7631,18.338,146.51,1
35.259,28.721,3.3384,0.2092,0.1053,-5.5941,21.944,11.469,29.804,78.085,1
30.282,0,2.1931,0.6154,0.3173,0,0,-9.7897,77.028,231.48,1
31.677,11.57,2.6107,0.5,0.315,-11.256,15.809,10.683,0.1453,155.78,1
20.808,11.804,2.3971,0.509,0.2986,-1.3538,10.29,11.408,66.158,66.212,1
13.023,10.28,2.1477,0.7829,0.5231,-12.36,-6.5581,-8.6419,66.082,124.33,1
13.379,9.9131,2.2393,0.8184,0.4986,-12.912,-7.7106,11.286,0.708,124.51,1
100.61,18.498,2.2799,0.4672,0.2546,-76.408,-81.174,-10.776,88.247,149.03,1
24.937,19.199,2.6325,0.4429,0.3019,4.5498,14.865,-18.109,83.747,37.39,1
82.879,18.728,2.7899,0.2514,0.1257,61.329,96.609,-11.459,19.081,147.04,1
38.47,12.477,2.5955,0.401,0.2069,1.9553,28.45,-7.6765,37.398,124.77,1
25.153,19.497,2.7857,0.4095,0.2088,4.4912,8.0538,9.883,85.328,156.84,1
54.731,21.495,3.1553,0.2287,0.122,40.958,49.344,-8.4313,5.881,268.28,1
84.581,28.158,3.5255,0.1634,0.0908,-73.653,72.924,-19.167,3.3954,288.41,1
18.087,10.02,2.3365,0.6682,0.394,19.674,12.897,-5.6857,82.82,120.23,1
91.178,24.506,2.993,0.2063,0.1082,78.81,72.001,-14.94,9.031,255.07,1
83.073,33.78,3.4059,0.2867,0.1718,-12.009,-63.606,12.363,0.054,368.97,1
24.688,10.569,2.4786,0.5748,0.3538,-8.9334,-18.703,11.168,3.4541,140.55,1
13.813,9.3185,2.2889,0.8483,0.4344,-14.736,-4.3213,11.624,49.137,232.92,1
20.143,9.9778,2.2695,0.6022,0.3898,-4.7403,15.531,-9.5154,17.646,56.6,1
25.851,12.611,2.6959,0.4894,0.2931,23.175,20.508,8.0023,6.352,161.35,1
18.079,10.219,2.4082,0.6523,0.3613,20.849,11.844,5.8978,24.166,139.1,1
25.236,15.06,2.4857,0.4248,0.2141,35.458,13.72,12.151,47.157,49.225,1
22.829,14.675,2.5132,0.5368,0.3328,-4.5055,-18.547,-9.4986,17.409,98.336,1
31.083,19.618,2.6289,0.3196,0.1774,24.785,-16.443,15.22,1.041,154.22,1
27.493,8.2153,2.1931,0.5962,0.3365,-13.921,-18.935,-4.5283,58.412,143.2,1
50.062,25.526,3.4071,0.2354,0.1302,32.523,39.709,-11.121,3.6587,136.56,1
21.317,15.083,2.601,0.4511,0.2343,1.9166,-10.124,-9.9299,4.7988,160.49,1
21.397,13.078,2.5231,0.5997,0.3103,11.472,-10.095,11.277,14.853,162.48,1
37.914,17.764,2.541,0.3885,0.2288,27.529,21.471,-13.66,0.49,131.4,1
111.76,50.15,3.7825,0.1274,0.0651,97.564,114.57,-32.572,8.428,177.43,1
28.168,20.526,2.8354,0.3506,0.2199,-10.625,-24.683,-10.538,13.937,80.569,1
21.539,11.454,2.2455,0.5909,0.3778,13.585,20.092,6.2059,36.524,105.59,1
32.975,12.418,2.4907,0.4136,0.2601,-8.8324,12.076,10.537,16.239,210.15,1
24.087,0,2.081,0.7469,0.4191,-25.021,-16.273,0,37.389,213.93,1
54.334,14.562,2.5838,0.4068,0.2699,-12.323,-46.889,-11.919,16.129,139.73,1
26.296,20.566,2.74,0.3494,0.2084,5.4321,13.094,4.5499,64.287,80.02,1
91.356,19.796,2.9612,0.3084,0.1657,-50.507,64.172,12.011,0.9563,290.71,1
37.792,19.357,3.0402,0.2999,0.1572,23.392,36.186,-13.598,8.4288,235.57,1
80.009,20.538,3.3846,0.1951,0.1029,14.113,64.128,-10.27,1.454,289.1,1
76.851,25.419,3.1508,0.3208,0.2025,9.6662,27.046,14.82,1.1889,340.19,1
26.303,12.177,2.3936,0.4808,0.2848,8.8077,16.144,-9.5715,5.4587,187.66,1
87.149,31.484,3.4847,0.1399,0.0808,-63.662,54.141,-15.132,0.901,277.53,1
34.033,16.489,2.7505,0.3268,0.1785,9.2587,27.557,9.0456,35.836,126.28,1
20.241,6.9048,2.1889,0.7896,0.4498,-20.131,-14.591,-5.3604,19.249,206.36,1
12.659,11.758,2.0512,0.7111,0.3689,15.494,-7.2481,11.179,73.203,191.67,1
49.724,16.877,2.8779,0.2609,0.1331,53.172,21.472,-15.678,2.233,211.99,1
19.347,12.812,2.4735,0.4941,0.2639,8.6242,11.417,-7.5557,14.634,106.92,1
24.21,17.617,2.7566,0.4203,0.2741,13.575,19.348,12.363,19.142,194.44,1
46.009,11.554,2.5179,0.3429,0.1745,38.638,16.141,-6.5826,13.218,208.13,1
36.186,17.948,2.9222,0.2787,0.1501,-16.072,-17.298,12.018,3.9756,192.6,1
70.757,39.461,3.3164,0.1525,0.0895,-56.403,43.769,-35.609,7.797,287,1
42.97,21.134,2.9518,0.2067,0.1078,-8.9092,25.212,-17.233,0.501,173.21,1
28.578,13.705,2.5085,0.3752,0.1969,-15.08,14.28,-7.5102,14.972,241.8,1
21.236,6.9481,2.1255,0.7191,0.4007,-23.028,-12.383,-6.2814,30.53,157.98,1
77.88,29.827,3.7988,0.1313,0.0699,18.59,62.494,21.605,2.4966,251.29,1
45.166,19.457,3.1486,0.2401,0.1445,-0.0334,21.759,-10.019,2.8997,166.79,1
87.791,37.578,3.712,0.1741,0.0905,10.177,44.041,24.434,1.661,351.43,1
96.555,23.191,3.5286,0.1913,0.1076,52.252,99.391,-12.647,1.5716,278.8,1
96.585,37.475,4.0688,0.0958,0.0512,-52.342,83.213,-19.786,0.846,309.1,1
63.567,23.98,3.3601,0.158,0.0858,17.482,56.069,-9.2849,5.9768,185.19,1
23.759,17.579,2.49,0.4822,0.2443,5.8651,23.675,13.907,9.3392,84.018,1
23.395,21.398,2.5065,0.4393,0.2508,-4.7425,13.764,12.077,25.641,201.29,1
30.194,20.071,2.8222,0.3614,0.186,2.955,-10.27,-18.669,13.715,184.88,1
37.799,18.919,2.9069,0.2999,0.1729,36.045,10.308,-5.1025,16.353,138.96,1
23.893,19.714,2.772,0.3702,0.1868,6.6832,16.718,-7.9014,37.73,87.999,1
61.466,23.918,3.1552,0.1728,0.0906,102.5,30.689,18.612,2.742,210.86,1
95.89,27.855,3.2298,0.1844,0.1057,24.892,74.317,1.8096,13.735,288.69,1
29.826,14.769,2.6985,0.4144,0.2232,-8.459,16.099,-11.368,5.159,178.93,1
23.725,12.741,2.243,0.5657,0.3229,-27.432,-11.576,4.3727,1.7,139.58,1
19.669,7.2387,2.1287,0.7807,0.4052,4.7046,-11.46,-4.6424,79.812,39.133,1
19.833,12.645,2.5459,0.5206,0.3115,16.508,13.899,-4.6716,39.54,135.54,1
71.359,11.985,2.9802,0.4061,0.2412,-37.975,60.799,-9.0666,0.986,323.6,1
73.317,23.581,3.1877,0.2214,0.1133,74.431,73.495,-14.951,2.8894,204.99,1
42.809,18.859,3.0887,0.2275,0.1146,18.219,27.841,-10.742,7.0622,177.94,1
22.865,9.1517,2.5185,0.6182,0.3136,29.843,-12.169,9.8526,7.576,179.58,1
32.377,12.086,2.5244,0.4066,0.2287,11.355,-24.064,5.7086,23.357,206.53,1
13.442,10.108,2.224,0.8119,0.4627,13.743,6.4155,-11.622,76.26,215.79,1
19.51,7.2304,2.1746,0.7893,0.4114,-5.0536,11.5,4.3149,19.071,156.44,1
38.317,19.434,2.9462,0.2105,0.1138,11.45,-11.938,-10.765,11.258,226.96,1
33.417,18.026,2.8882,0.2652,0.1378,-35.972,14.776,-9.0004,15.821,157.31,1
47.544,16.823,2.8152,0.3244,0.189,14.073,35.423,-9.8911,10.21,209.65,1
12.982,11.264,2.1255,0.7491,0.3783,-15,2.9776,-11.792,71.697,227.14,1
13.277,10.689,2.1351,0.7839,0.4066,-14.773,-2.4955,-11.873,41.248,174.19,1
84.31,35.064,3.9292,0.1366,0.0739,-66.256,72.155,19.584,0.147,294.5,1
71.216,31.284,3.5004,0.1479,0.0769,61.683,69.656,23.081,13.011,220.55,1
92.405,31.144,3.8364,0.1593,0.0887,-32.729,68.353,-11.211,0.616,297.73,1
31.35,23.696,2.8179,0.2251,0.1179,-27.305,16.196,-9.2507,18.427,107.75,1
32.087,16.325,2.6776,0.3908,0.2595,15.312,26.099,-14.094,0.2595,225.17,1
93.095,19.946,2.9345,0.3047,0.1878,1.1037,72.709,-24.261,1.18,362.78,1
23.492,16.115,2.3531,0.5055,0.2905,9.4828,18.608,-13.814,21.221,248.01,1
20.822,11.947,2.4464,0.5259,0.2737,-4.0191,13.841,11.312,63.388,185.06,1
32.794,11.663,2.6091,0.4133,0.2079,23.995,16.205,5.2814,4.4626,152.69,1
39.529,14.605,2.5465,0.3239,0.1889,-0.3041,-25.987,-10.999,48.506,224.42,1
34.662,9.2726,2.4456,0.362,0.1846,-53.406,11.752,-3.975,19.514,157.12,1
38.031,12.424,2.618,0.3614,0.2012,-0.432,-31.941,-6.7805,7.966,224.6,1
100.33,17.634,2.9528,0.2865,0.1577,53.352,106.15,-11.864,3.5551,261.14,1
28.728,21.658,2.7076,0.3608,0.248,20.418,22.161,14.727,83.623,61.554,1
21.852,12.513,2.5231,0.4378,0.2264,30.458,-8.9109,-10.148,7.979,198.31,1
27.776,20.037,2.7455,0.3863,0.195,-17.339,-18.017,-12.231,37.865,203.7,1
29.855,15.806,2.8011,0.3526,0.1794,14.427,23.408,-12.384,8.06,152.8,1
90.584,40.482,3.4125,0.2089,0.105,-91.043,-46.4,25.897,4.5116,391.28,1
53.475,21.473,3.1176,0.2029,0.1117,38.77,34.518,8.4768,4.4779,169.97,1
34.498,10.722,2.6091,0.4133,0.2153,26.201,18.347,-11.835,6.43,222.02,1
29.568,12.788,2.5231,0.3868,0.2024,26.506,16.1,-8.7955,37.374,188.41,1
28.446,11.651,2.4997,0.3956,0.2168,-9.045,-13.033,3.5355,30.041,232.14,1
19.356,9.3126,2.3054,0.6337,0.4282,19.681,14.544,2.9802,18.231,47.946,1
49.272,19.988,2.9001,0.2089,0.1064,-9.3446,-19.132,10.889,51.921,109.44,1
40.456,16.824,2.6702,0.3739,0.234,-14.453,-22.077,11.572,18.698,143.71,1
26.845,13.728,2.6594,0.379,0.1961,-6.3537,-17.959,4.7721,8.827,71.944,1
45.439,26.683,3.269,0.1905,0.0988,44.788,37.784,10.395,23.845,152.19,1
42.974,23.58,3.2239,0.2126,0.1185,-4.0812,32.797,17.787,11.061,182.67,1
29.439,24.191,3.1655,0.3149,0.182,27.048,22.768,14.554,6.0268,85.959,1
106.55,31.419,3.3434,0.1397,0.0755,-113.21,53.682,24.395,7.116,216.28,1
50.997,11.508,2.3997,0.4462,0.2649,-32.398,-26.259,3.1136,1.2785,175.45,1
65.232,19.101,2.9227,0.2246,0.1213,61.48,47.185,9.8901,0.961,220.18,1
27.518,10.622,2.5453,0.5071,0.255,36.813,8.5384,6.3812,6.1065,167.72,1
47.027,17.99,2.641,0.3406,0.1771,59.419,-19.544,-12.252,0.5398,196.9,1
21.861,9.5189,2.2601,0.6648,0.4313,19.573,20.294,11.529,5.205,109.9,1
89.344,23.212,3.4987,0.2315,0.1575,-24.801,68.82,15.749,1.3127,305.73,1
25.36,12.096,2.5302,0.4602,0.2404,16.752,14.293,5.2434,19.192,216.88,1
27.689,10.181,2.404,0.4458,0.2308,34.189,21.61,-7.2943,11.201,122.12,1
20.128,5.8291,2.2707,0.8257,0.6139,14.799,19.301,-5.8138,0.351,197.26,1
56.817,19.641,3.1888,0.2311,0.122,72.475,51.981,12.944,8.831,230.44,1
25.649,14.193,2.5723,0.3989,0.2075,22.813,-16.005,6.9977,25.688,135.35,1
13.366,10.491,2.1717,0.7946,0.4141,-14.694,-3.5519,-11.872,5.5558,151.91,1
48.164,21.095,2.637,0.436,0.2318,37.861,46.032,15.829,19.079,262.67,1
154.04,17.314,2.9292,0.2719,0.156,113.92,118.97,-12.607,50.738,71.896,1
77.9,19.967,2.9675,0.2047,0.1029,-76.183,28.159,-10.449,8.333,209.56,1
24.685,16.839,2.6821,0.3867,0.1965,18.009,10.839,-12.551,7.086,147.55,1
13.166,10.683,2.2822,0.7781,0.4569,-13.863,-3.1901,-11.085,2.2784,123.7,1
34.111,15.492,2.382,0.4191,0.2261,40.165,28.083,15.742,9.2366,145.66,1
34.5,21.878,2.9731,0.2394,0.125,18.066,24.752,12.887,22.861,151.09,1
20.107,15.445,2.4232,0.6,0.3264,25.391,-6.7434,-17.246,1.635,180.78,1
30.944,23.093,2.7404,0.3145,0.1682,15.673,20.981,-18.097,23.985,92.876,1
31.391,14.342,2.7803,0.4444,0.2811,-5.8179,-19.225,-12.52,5.4551,250.31,1
71.469,24.024,3.3941,0.2167,0.1132,55.541,74.356,-16.82,2.76,210.59,1
99.492,12.503,2.7076,0.4176,0.2539,61.607,95.158,5.4175,11.865,162.84,1
48.414,17.628,3.0533,0.2574,0.1305,-52.035,-29.489,14.713,0.3636,217.65,1
80.451,23.131,3.1678,0.2705,0.1702,-132.36,68.815,-22.182,0.29,208.78,1
26.765,19.999,2.7173,0.3317,0.185,-11.852,-17.942,-16.446,17.682,187.65,1
21.921,16.679,2.4624,0.469,0.3121,28.241,-11.271,13.034,11.79,223.68,1
61.628,31.644,3.4755,0.1559,0.0801,53.965,50.323,20.694,1.7327,280.45,1
51.929,39.629,3.9398,0.138,0.0761,27.729,38.425,2.9934,15.067,90.453,1
46.321,14.15,3.033,0.2919,0.1478,68.204,16.999,9.5422,1.962,199.04,1
23.374,10.793,2.4526,0.4832,0.2663,8.9849,18.922,3.391,6.5289,214.57,1
78.866,17.395,2.9151,0.3088,0.1574,-94.245,59.581,-18.012,3.4423,304.9,1
43.495,24.962,3.2901,0.2102,0.1192,13.633,-25.659,-14.105,17.388,54.842,1
39.407,9.5119,2.3865,0.5462,0.3676,38.154,32.864,6.586,22.097,244.99,1
101.74,24.928,3.2967,0.1803,0.1028,64.989,99.89,7.1257,7.025,166.43,1
117.03,21.538,2.7181,0.3904,0.2268,-113.58,-64.139,-11.853,2.594,328.77,1
12.94,11.188,2.0986,0.741,0.4343,-14.556,7.3138,-9.678,53.792,156.36,1
81.534,22.343,2.894,0.2591,0.1347,-112.04,73.242,-16.71,3.1709,272.43,1
27.499,18.447,2.8079,0.2942,0.1502,-4.344,14.437,-10.47,19.08,233.58,1
21.352,10.368,2.243,0.5771,0.3171,3.9919,-16.311,-7.5029,57.3,105.13,1
32.002,22.095,2.6149,0.2718,0.1566,-19.68,-25.26,-10.933,19.576,157.84,1
28.593,19.519,2.7344,0.3171,0.1853,-1.6455,-9.0393,-9.3433,4.265,231.37,1
33.383,15.57,2.5971,0.3464,0.1985,32.385,5.802,12.019,6.449,161.97,1
23.435,10.842,2.2577,0.5635,0.2845,-33.81,18.331,-8.2798,57.169,159.18,1
86.371,28.503,3.5611,0.2135,0.1257,-25.259,62.956,-12.111,2.2074,305.31,1
21.571,15.706,2.5416,0.4483,0.2313,-11.1,-10.416,-9.6726,44.497,122.37,1
23.36,17.863,2.2999,0.4361,0.2281,-25.781,-11.963,-8.402,62.949,99.37,1
60.182,45.528,3.5016,0.1267,0.0666,21.641,54.021,-55.352,9.056,250.69,1
38.936,17.852,3.1116,0.2869,0.1435,9.8933,23.912,-9.6162,14.286,110.85,1
81.843,21.433,3.5977,0.1326,0.0741,61.393,75.52,-11.268,2.008,228.57,1
37.118,17.993,2.6998,0.2735,0.1487,37.261,27.851,12.792,0.8845,217.72,1
88.385,29.767,3.3742,0.1876,0.1088,43.919,98.925,-10.979,10.06,173.82,1
23.49,18.565,2.7478,0.3878,0.2046,0.0774,-15.807,-9.7258,15.712,129.39,1
28.5,14.531,2.73,0.3706,0.1927,27.875,23.232,9.5886,1.702,135.18,1
23.04,18.111,2.8417,0.4838,0.3736,1.9443,-18.332,-14.717,17.075,108.32,1
24.724,7.6865,2.3424,0.7091,0.4295,-14.003,-19.452,7.5515,24.664,93.328,1
25.889,16.554,2.8058,0.4238,0.24,22.767,18.18,-10.683,3.6582,181.04,1
54.387,18.586,3.1614,0.2255,0.1134,43.4,42.138,4.8725,2.932,222.67,1
20.313,9.3418,2.2625,0.612,0.3197,-25.271,-7.367,-1.8277,5.5511,157.33,1
92.683,41.355,3.7575,0.1594,0.0812,-74.941,69.818,-39.974,4.663,324.4,1
46.172,13.038,2.8021,0.3186,0.1617,10.59,30.237,7.7737,2.6994,190.36,1
22.308,8.75,2.3979,0.628,0.33,4.3099,-15.986,10.773,4.5212,171.56,1
43.649,17.184,2.7846,0.2496,0.1355,36.979,-25.997,11.346,3.517,194.96,1
48.851,32.41,3.0372,0.2487,0.1537,11.385,52.45,-23.563,5.328,113.17,1
21.135,0.0025,2.2,0.8139,0.4827,-4.3533,12.595,0,24.195,126.78,1
83.628,29.847,3.7147,0.1416,0.0753,-82.406,61.414,15.481,0.439,258.64,1
35.096,24.471,2.7059,0.2362,0.1211,11.127,-21.57,3.9355,1.837,169.96,1
42.222,16.709,2.6459,0.4,0.2362,36.468,37.318,6.702,4.972,186.2,1
65.045,35.027,3.6171,0.1519,0.0805,1.6442,64.116,23.6,18.432,212.49,1
76.472,39.512,3.4648,0.1238,0.0619,73.671,94.346,16.173,9.8048,182.45,1
42.903,19.76,2.955,0.2607,0.1514,-2.7236,-17.847,11.947,9.3727,222.59,1
33.148,17.614,2.679,0.2785,0.1476,-57.777,22.044,15.006,5.5823,159.19,1
26.414,15.007,2.3464,0.4279,0.2545,-36.784,7.7191,-14.218,1.4,229.92,1
59.726,24.671,2.8341,0.2901,0.1941,-14.633,-28.92,-18.942,28.28,200.51,1
36.811,20.025,2.8296,0.2842,0.1429,9.2616,12.428,-12.246,9.546,191.4,1
23.598,17.664,2.6937,0.3887,0.2277,-22.467,17.122,-11.473,87.64,127.8,1
87.668,24.065,3.3732,0.1465,0.0773,101.12,62.753,9.8767,0.145,251.12,1
35.793,16.284,2.937,0.3468,0.1983,-26.791,-16.518,10.058,6.769,181.39,1
65.248,27.047,3.4956,0.2096,0.1254,56.061,61.565,12.16,7.5304,185.25,1
37.464,20.234,3.0022,0.2786,0.1517,-12.552,10.72,14.778,6.867,167.45,1
16.095,11.46,2.2788,0.6158,0.3974,0.6879,-3.1813,-7.8056,32.531,186.92,1
44.963,14.897,2.866,0.3077,0.1627,28.076,-30.569,8.393,7.5196,193.5,1
22.114,9.7491,2.2695,0.6075,0.3199,23.423,17.963,-11.03,5.197,238.8,1
62.686,23.763,3.2362,0.2409,0.1303,-50.357,49.329,-13.686,1.4357,278,1
93.955,42.496,3.2955,0.1332,0.0767,-56.76,53.654,-26.785,18.873,285.59,1
32.691,17.954,2.8065,0.292,0.1475,18.386,-22.11,-12.418,10.018,244.04,1
23.932,12.913,2.5224,0.5225,0.2808,23.324,9.6108,5.8235,7.943,191.47,1
12.597,11.833,2.2266,0.6944,0.3769,16.135,-9.8924,7.468,56.662,192.03,1
17.822,10.763,2.2068,0.5714,0.3012,22.916,9.5784,-3.7268,23.898,110.59,1
26.604,18.656,2.7582,0.3124,0.1702,-16.155,-6.9082,-4.9362,68.213,53.785,1
29.309,17.935,2.766,0.3685,0.2151,18.6,20.541,16.956,24.961,135.51,1
28.68,11.325,2.4023,0.4713,0.2436,27.666,24.581,-6.2009,46.602,136.07,1
18.936,17.91,2.5428,0.467,0.308,-0.5129,-10.945,9.5202,78.822,100.04,1
60.299,11.086,2.3757,0.5095,0.2842,38.671,48.04,4.0346,17.532,198.13,1
18.384,12.303,2.4676,0.5588,0.3492,3.9061,-10.696,-10.746,62.587,99.79,1
44.706,23.122,3.0978,0.1741,0.0874,-8.3978,38.381,-11.902,15.968,224.22,1
22.472,12.381,2.4306,0.5455,0.2876,29.137,-9.8406,-6.1479,18.274,185.34,1
49.176,23.191,3.2172,0.2432,0.1252,49.239,37.255,-17.457,0.7988,231.71,1
74.392,32.057,3.7889,0.1255,0.0684,49.172,66.181,-20.875,5.7626,217.14,1
35.829,16.895,2.8802,0.307,0.1746,38.767,17.251,11.305,0.472,234.87,1
16.507,11.556,2.1931,0.5962,0.3237,0.3593,-3.5917,5.14,0.444,130.24,1
18.067,12.886,2.4158,0.5643,0.3013,2.7454,-10.67,7.8956,86.453,167.37,1
29.063,21.854,2.9528,0.2564,0.1321,-20.156,10.629,-9.9417,18.785,84.809,1
40.006,18.222,2.9101,0.278,0.1691,22.495,15.892,-2.6572,4.611,201.51,1
104.2,30.008,3.3167,0.2214,0.1305,-48.692,68.683,-23.293,1.7621,313,1
29.154,19.347,2.639,0.3559,0.194,29.567,22.499,15.037,23.197,202.71,1
12.962,10.952,2.1538,0.7368,0.4667,-13.854,6.602,-5.0659,3.5444,168.67,1
24.239,10.482,2.5139,0.49,0.2588,11.417,-16.7,-5.3403,9.4811,69.929,1
21.888,6.7399,2.0986,0.7171,0.4024,-23.792,-11.722,-6.6181,15.801,136.54,1
22.87,16.42,2.4354,0.5761,0.2917,-18.857,-18.054,6.0286,2.8735,163.6,1
26.591,22.842,2.8011,0.3368,0.181,-8.2834,-13.463,12.246,36.647,135.97,1
25.657,11.743,2.5944,0.4249,0.215,34.218,17.247,-5.1048,26.393,219.57,1
31.961,15.985,2.8893,0.3135,0.1581,-6.5206,21.602,9.4766,5.658,181.71,1
74.738,19.234,3.0934,0.2452,0.1367,73.666,75.319,-11.198,4.5935,211.81,1
24.873,10.685,2.3971,0.517,0.3307,13.719,20.632,-7.3335,1.727,201.07,1
28.015,12.764,2.5065,0.4611,0.2788,6.0017,-20.697,-5.7731,30.92,91.482,1
65.719,32.382,3.134,0.1689,0.0856,-0.5381,-25.479,-23.804,1.412,254.78,1
30.265,13.329,2.5815,0.5111,0.3526,13.111,26.682,4.2471,8.3257,121.18,1
74.479,25.464,3.5496,0.1876,0.0972,51.909,58.431,12.016,3.4608,289.82,1
33.839,17.046,2.5977,0.3636,0.1982,-21.726,-25.789,-14.479,17.1,255.44,1
28.969,12.705,2.5916,0.3713,0.1857,22.422,19.056,-9.3522,6.8788,68.725,1
20.297,16.599,2.4639,0.4192,0.232,22,14.412,-1.3855,3.637,74.023,1
41.591,23.251,2.899,0.2927,0.1546,15.231,34.574,-20.545,15.967,228.24,1
52.19,14.268,2.6201,0.3477,0.2098,47.38,37.331,-8.7793,3.139,126.02,1
24.514,12.941,2.3901,0.5336,0.3442,-9.4504,-13.59,-12.736,42.044,121.85,1
34.892,19.516,2.6875,0.4086,0.2228,38.942,-24.103,4.0194,8.572,146.94,1
46.096,20.45,3.1313,0.2365,0.126,-3.517,-32.388,14.211,9.399,206.32,1
32.323,16.636,2.9437,0.3449,0.1736,5.7786,16.945,11.198,4.6127,191.31,1
29.476,19.646,2.6479,0.324,0.1631,-17.556,-22.844,-17.235,33.685,112.31,1
68.818,24.138,3.1422,0.1903,0.1027,70.579,-34.379,18.054,3.446,250.75,1
44.613,22.04,3.0717,0.2289,0.1149,-20.698,34.032,-13.35,7.436,110.62,1
40.959,17.595,2.7955,0.2802,0.1817,-7.9106,21.897,-8.4883,2.9065,171.96,1
73.713,31.043,3.7042,0.1951,0.1062,44.139,71.155,17.392,2.3374,277.64,1
80.183,23.768,3.5853,0.1517,0.0944,43.459,61.958,-8.0893,1.891,223.57,1
81.43,19.619,3.3321,0.2048,0.1161,68.725,74.825,8.4793,0.7759,206.22,1
16.492,11.573,2.2504,0.5955,0.3062,-1.0495,5.2501,3.5694,21.362,82.656,1
58.701,29.123,3.5139,0.1703,0.0883,33.192,53.061,-21.922,10.117,199.46,1
48.864,25.806,3.0885,0.23,0.1301,14.923,35.61,-15.124,5.42,230.26,1
26.805,16.656,2.5192,0.3752,0.2194,-16.718,-19.007,10.239,1.897,149.97,1
22.02,16.398,2.6154,0.4485,0.2582,6.6349,14.528,14.425,5.602,204.25,1
30.411,16.521,2.4479,0.5062,0.287,27.125,26.956,-6.3283,15.862,131.1,1
31.294,14.81,2.5993,0.3547,0.1849,-3.1284,-16.703,-9.9743,1.646,163.97,1
29.064,15.864,2.6651,0.3459,0.1762,-37.049,8.4006,8.8706,39.297,112.67,1
45.629,25.057,3.1189,0.1871,0.1106,40.897,-20.708,-11.99,1.198,207.98,1
65.269,32.034,3.6415,0.1384,0.0711,18.348,53.487,21.162,0.968,228.01,1
21.767,8.2326,2.4249,0.7143,0.4192,20.69,18.978,-10.961,23.768,151.17,1
31.284,19.369,2.8309,0.3675,0.197,-10.887,-22.076,-8.2597,5.898,154.43,1
19.881,7.3705,2.1446,0.7312,0.4122,-1.5119,7.907,-5.1664,66.271,201.34,1
45.188,20.64,2.9373,0.193,0.0988,-26.726,-17.922,-10.849,16.521,218.89,1
89.102,39.043,3.9142,0.1186,0.0687,-103.37,70.632,-32.505,5.526,228.14,1
23.738,12.628,2.4023,0.5267,0.2911,-26.107,-14.02,5.1836,15.634,152.44,1
20.635,12.36,2.3646,0.4881,0.2527,-1.219,3.5963,9.8591,0.1708,88.237,1
118.58,32.227,2.8426,0.3491,0.2162,-107.86,-87.374,-20.593,8.2015,273.16,1
77.157,21.963,2.6299,0.4103,0.2075,75.083,50.959,-25.151,0.482,301.25,1
64.62,21.507,2.9692,0.4605,0.2507,26.438,45.553,-13.721,0.6186,356.71,1
30.567,22.822,2.7835,0.2815,0.1638,13.84,19.144,-20.764,43.788,147.11,1
71.76,30.351,3.2045,0.1848,0.0971,47.242,54.785,28.411,2.57,303.35,1
51.216,21.352,2.9576,0.3716,0.2111,-42.989,31.882,-14.196,2.325,296.6,1
78.099,34.529,3.4361,0.3396,0.2046,29.727,45.049,-20.508,1.267,391.41,1
34.356,15.966,2.7927,0.382,0.2087,-24.91,-30.35,15.536,3.198,105.39,1
50.83,11.16,2.6335,0.5047,0.2895,-73.013,37.775,4.0351,2.4634,268.04,1
13.15,10.952,2.1477,0.7687,0.395,-14.889,2.6711,11.853,28.553,192.14,1
127.06,42.396,3.6328,0.0983,0.0516,-130.07,104.72,17.531,8.0112,198.33,1
23.903,17.395,2.5185,0.5121,0.3288,10.598,15.97,-17.708,14.997,203.37,1
64.811,15.738,2.7782,0.295,0.2025,-96.128,24.476,16.144,10.426,236.15,1
21.998,6.653,2.1156,0.728,0.4176,-23.291,-12.665,6.6528,27.974,177.29,1
12.855,11.374,2.1123,0.7259,0.4208,14.959,-8.3363,-8.7452,4.803,202.09,1
59.996,19.734,2.9248,0.258,0.1397,22.84,55.996,10.497,7.8247,257.1,1
20.005,12.592,2.4175,0.5163,0.3002,-18.368,-12.064,7.1382,18.65,104.61,1
19.939,7.0015,2.1599,0.7958,0.4325,20.468,13.831,4.9394,31.028,186.24,1
28.313,13.968,2.6637,0.5119,0.2918,23.546,25.941,-3.6015,8.1316,238.75,1
126.67,50.767,3.4115,0.14,0.0766,-74.133,-59.697,-31.991,14.227,296.47,1
45.845,13.755,2.7135,0.3327,0.2118,-16.843,-31.407,-6.6655,3.3124,216.16,1
62.846,24.034,3.6595,0.1941,0.1033,41.159,62.502,15.895,4.3753,248.37,1
66.002,12.663,2.4616,0.342,0.1744,39.619,63.32,6.2318,58.555,186.79,1
20.368,10.481,2.2304,0.6118,0.35,-5.3881,16.508,7.8064,86.117,34.658,1
13.044,10.75,2.1255,0.764,0.4757,-13.54,4.1221,9.4859,67.492,183.27,1
48.183,20.363,3.081,0.2548,0.1407,15.365,35.087,13.535,4.4764,258.15,1
47.485,23.388,2.9385,0.2154,0.11,76.137,-32.53,11.422,3.0261,224.3,1
18.61,15.204,2.3404,0.6575,0.3356,4.5206,14.005,0.5934,29.191,159.82,1
33.879,13.765,2.7649,0.3127,0.1607,35.146,-24.897,-5.8808,1.085,222.35,1
27.96,20.117,2.7486,0.4103,0.2221,-13.815,12.332,-17.11,13.278,201.19,1
35.876,25.813,3.1188,0.2929,0.1525,26.666,27.302,23.529,14.985,177.84,1
31.042,20.649,2.7517,0.2498,0.1267,-10.134,-24.974,-8.4211,18.789,142.75,1
16.529,10.999,2.3692,0.6581,0.3996,-3.3234,6.3665,-8.1195,11.404,131.5,1
20.809,11.723,2.3253,0.5579,0.2861,3.0502,-10.518,-11.104,61.51,161.4,1
21.902,11.109,2.238,0.6185,0.3844,15.337,19.578,7.9295,56.025,97.413,1
30.444,17.235,2.9327,0.3479,0.2119,-7.3003,-26.439,8.9795,8.849,262.75,1
58.629,24.069,3.2105,0.1509,0.0785,60.427,21.523,-8.1682,2.2837,198.02,1
17.538,10.037,2.3502,0.7143,0.3638,6.3253,-10.636,7.6939,21.666,168.31,1
113.91,23.334,3.0699,0.189,0.1052,101.62,110.17,17.038,10.867,284.75,1
106.44,33.678,3.9115,0.1073,0.0555,14.98,98.101,26.424,4.894,287.3,1
20.785,16.978,2.4518,0.3958,0.1996,6.0928,11.782,-6.6522,80.572,135.54,1
30.285,14.738,2.683,0.3921,0.2147,10.977,-21.773,-5.3946,12.395,238.56,1
22.066,10.888,2.4338,0.5304,0.2744,15.872,-16.346,-0.5974,48.996,32.537,1
25.408,10.615,2.5045,0.5446,0.2833,6.9908,22.618,5.7368,11.311,117.09,1
42.967,27.03,2.9963,0.2421,0.1296,9.2118,28.586,-8.8036,5.212,176.8,1
22.176,22.111,2.5372,0.4354,0.2656,1.881,-3.8675,-18.016,21.346,132.83,1
24.552,15.047,2.5434,0.4635,0.3019,-8.7048,-18.041,-7.4007,64.279,107.23,1
20.554,11.119,2.2945,0.5584,0.2817,20.916,18.794,9.8703,59.294,216.51,1
54.68,21.423,2.8202,0.3812,0.27,-30.791,21.476,-17.928,6.2941,330.62,1
77.06,14.925,2.7259,0.3665,0.2566,-53.224,-39.513,-15.956,2.565,288.18,1
15.765,11.637,2.2648,0.6304,0.3995,-1.2639,3.0816,7.8491,31.962,278.35,1
89.554,21.234,3.2913,0.2178,0.1153,66.424,65.644,-13.187,0.1015,300.69,1
20.911,6.2161,2.2028,0.79,0.5486,17.42,18.019,-6.1225,30.257,242.56,1
26.06,11.773,2.2956,0.5367,0.2962,-20.717,-7.9213,-11.081,84.135,124.26,1
30.279,14.419,2.7344,0.4442,0.2332,21.248,24.592,-10.864,5.858,122.24,1
19.624,12.966,2.3086,0.4963,0.2826,14.502,10.996,2.4047,73.5,41.259,1
30.393,0,2.248,0.6158,0.3927,10.17,20.607,0,0,100.17,1
25.079,18.849,2.4216,0.4356,0.233,-19.163,-17.38,-15.708,42.506,138.95,1
35.268,29.803,2.7585,0.3069,0.177,21.783,33.399,30.393,56.554,118.82,1
22.506,11.178,2.3598,0.559,0.2948,-13.269,-19.477,-8.6011,63.099,56.589,1
45.159,20.371,2.8576,0.2304,0.1159,12.477,32.042,-9.5531,2.219,147.68,1
41.355,19.398,2.9403,0.2742,0.1383,59.077,26.616,-13.168,7.917,167.04,1
58.904,25.55,3.1488,0.2641,0.1608,-43.821,31.397,-19.501,2.3595,286.88,1
80.75,30.581,3.8613,0.1555,0.0832,-53.329,77.733,22.163,5.239,309.13,1
22.022,10.957,2.5257,0.5484,0.3592,2.5675,19.05,8.5085,55.696,70.778,1
50.131,17.967,3.0298,0.2232,0.1134,-13.935,36.545,3.0183,4.7341,242.56,1
106.41,19.166,2.9227,0.2939,0.1476,-51.027,-75.407,12.927,2.0319,310.74,1
28.826,16.796,2.6642,0.3402,0.1701,3.6149,-18.208,9.8634,2.4949,213.17,1
24.2,10.63,2.357,0.5143,0.3319,-5.0412,-20.056,-8.3628,36.105,139.68,1
76.462,19.747,3.1992,0.2042,0.1135,65.872,67.988,17.062,2.091,245.68,1
31.472,14.795,2.534,0.307,0.1623,20.474,15.752,10.867,6.201,215.07,1
33.014,12.929,2.4183,0.416,0.2309,-44.183,15.976,5.7684,5.177,226.57,1
77.855,47.381,3.4034,0.2082,0.1045,0.4826,50.437,-37.194,10.316,331.96,1
40.227,20,2.8038,0.2294,0.117,3.1403,28.075,-15.339,17.067,136.67,1
22.349,11.469,2.5922,0.5396,0.3261,-6.4752,-10.072,-7.5444,9.2904,132.15,1
13.075,10.403,2.1319,0.7823,0.5055,12.783,5.8317,-9.5705,56.449,166.8,1
23.092,21.331,2.7239,0.3532,0.1917,9.9358,9.9506,15.66,75.388,91.337,1
23.742,10.203,2.4074,0.5871,0.3268,-13.839,-18.359,7.9794,14.911,171.39,1
92.667,36.846,4.0284,0.1114,0.0579,18.407,74.35,-18.817,3.692,276.96,1
19.16,16.031,2.5289,0.4793,0.2855,0.3788,-12.828,5.7442,6.2697,216.19,1
84.67,14.457,2.6537,0.4417,0.2741,-74.294,-30.736,-8.6304,2.4533,306.13,1
12.731,11.657,2.0774,0.7197,0.3724,15.309,-6.4504,-11.396,36.458,190.89,1
30.465,14.087,2.6693,0.3276,0.166,19.387,16.772,-10.225,5.4091,214.26,1
41.987,14.896,2.6154,0.3491,0.2218,32.739,38.527,-12.044,18.836,142.2,1
20.013,15.546,2.5688,0.4615,0.2335,-22.736,-18.353,-7.6625,3.443,217.13,1
65.935,17.486,2.4669,0.4983,0.2782,53.541,53.084,-15.608,5.663,162.5,1
26.181,16.328,2.4014,0.4246,0.248,13.72,-18.73,10.378,38.383,166.67,1
35.909,15.361,2.6289,0.2914,0.1469,6.0189,26.413,10.52,26.798,176.47,1
29.183,20.319,2.5641,0.4229,0.2169,-15.699,-18.105,-9.3697,26.398,200.81,1
46.699,18.604,2.7173,0.255,0.1314,49.041,7.0832,-6.4088,5.0738,197.67,1
68.202,25.702,3.4919,0.2078,0.1042,-77.163,38.634,-10.875,0.6463,264.02,1
75.549,24.886,3.3198,0.1853,0.1113,1.4511,57.675,-16.224,4.418,277.09,1
12.653,9.2325,2.2368,0.8232,0.6174,9.9375,10.025,-7.3446,26.61,205.79,1
19.285,11.236,2.3345,0.6759,0.3958,-13.686,-18.591,8.3314,74.888,85.108,1
24.562,0,2.1414,0.7365,0.4368,24.802,16.951,0,77.655,186.17,1
35.057,19.932,2.8876,0.2876,0.1483,29.609,30.259,5.0611,1.273,187.04,1
29.477,20.459,2.6488,0.3681,0.2076,13.299,-22.766,-15.217,78.1,93.773,1
18.125,15.569,2.5441,0.5171,0.3443,1.1429,-10.447,10.069,36.685,190.78,1
37.06,22.886,2.9039,0.2695,0.1454,34.894,34.334,-19.356,3.6658,245.11,1
32.344,18.932,2.7782,0.2833,0.1442,22.01,31.438,8.1766,3.7329,205.82,1
76.127,32.906,3.3737,0.1032,0.0518,39.422,61.159,15.284,19.542,145.53,1
34.015,15.247,2.642,0.317,0.1699,29.453,19.955,8.7978,15.18,227.91,1
78.4,43.193,4.0433,0.101,0.0533,48.704,82.377,26.486,6.463,135.97,1
77.539,28.21,3.889,0.1307,0.0658,50.705,76.722,14.693,2.9112,233.4,1
36.49,14.463,2.828,0.3492,0.1924,7.2028,22.411,6.3171,4.7061,223.76,1
18.393,10.508,2.1903,0.5613,0.2871,-1.2559,7.3274,5.0307,49.511,117.41,1
84.475,21.301,3.1755,0.2664,0.1392,-39.57,61.027,-6.2394,3.18,290.17,1
29.591,13.289,2.6165,0.4571,0.2769,0.5659,-20.464,-11.773,47.723,140.81,1
82.395,35.668,3.5539,0.1176,0.0613,-70.815,70.989,20.865,0.509,257.94,1
19.732,7.3964,2.2589,0.7328,0.4215,-1.3323,7.4065,-4.9944,10.124,184.33,1
43.364,16.21,2.6335,0.3163,0.1616,62.307,-20.664,6.1877,3.7958,182.63,1
23.008,10.626,2.2648,0.5489,0.3016,23.656,18.97,10.364,62.153,168.74,1
92.816,36.542,3.9908,0.1647,0.0916,-15.72,54.307,-22.309,1.7611,314.72,1
86.747,27.131,3.5139,0.1675,0.0853,52.208,82.472,11.741,16.624,218.05,1
52.376,25.165,2.9937,0.2598,0.1385,5.4524,11.124,21.895,13.678,166.77,1
80.517,30.614,3.5137,0.1777,0.0976,-29.97,73.485,-8.0222,7.053,309.39,1
32.619,16.877,2.9175,0.3168,0.1602,-0.6032,19.001,-7.8273,15.634,152.12,1
30.163,22.953,2.8594,0.322,0.1748,-1.6146,11.598,-20.864,87.225,63.418,1
26.993,11.052,2.4175,0.5698,0.3728,26.452,23.941,10.287,7.251,205.72,1
22.089,11.351,2.4526,0.5503,0.3122,10.605,19.247,-5.9711,7.8401,163.86,1
20.46,10.307,2.2504,0.5899,0.3567,-5.3761,16.399,-9.2864,3.294,73.577,1
58.17,23.801,3.5008,0.1963,0.111,39.743,57.964,19.439,15.827,188.19,1
18.882,7.3745,2.2266,0.7893,0.4599,-3.6479,8.9679,2.9357,37.739,100.4,1
36.552,16.993,2.7267,0.3265,0.1848,23.359,18.6,9.827,9.364,143.67,1
17.482,10.818,2.3243,0.5972,0.3199,21.799,10.262,4.2935,76.947,92.118,1
26.725,10.19,2.2844,0.4519,0.2416,12.426,20.113,5.066,82.937,182.54,1
52.574,17.336,2.7408,0.4451,0.2752,-68.01,-21.108,10.632,3.9385,313.17,1
17.261,11.176,2.3075,0.5566,0.298,1.2086,-6.3121,4.4879,48.278,119.37,1
66.964,27.433,3.2438,0.2259,0.1195,-59.801,40.194,-5.8131,2.258,300.6,1
100.15,26.3,3.2772,0.1564,0.0843,-164.15,81.438,-17.823,4.7858,317.88,1
21.105,15.131,2.5623,0.4301,0.237,22.312,10.744,9.3678,34.117,114.06,1
32.866,16.308,2.6707,0.3372,0.2102,-0.8959,21.832,-14.327,3.565,101.94,1
34.033,15.156,2.7368,0.3226,0.1659,0.7921,-11.137,-6.5278,15.139,132.43,1
24.293,18.798,2.5933,0.4388,0.2462,16.319,16.382,12.928,34.356,141.02,1
22.272,0,2.1508,0.7279,0.4488,-0.2118,5,0.0001,46.142,216.19,1
23.035,12.293,2.3883,0.6094,0.4151,13.532,18.171,10.149,89.193,161.43,1
20.985,7.0479,2.07,0.7234,0.3872,23.278,11.77,6.1203,45.312,149.4,1
13.294,10.665,2.1804,0.7855,0.3927,-15,-0.3975,11.905,67.658,118.38,1
34.912,17.531,2.639,0.3398,0.194,13.739,-26.393,9.5327,5.485,223.61,1
27.261,17.465,2.4778,0.3727,0.188,11.321,12.639,15.034,10.741,200.48,1
12.92,11.361,2.2911,0.7417,0.3862,15.041,-5.261,-11.637,30.606,146.48,1
96.068,26.92,3.4808,0.1887,0.1023,-51.028,63.433,22.102,3.045,311.04,1
43.123,20.853,2.896,0.2122,0.1061,67.81,15.377,-14.325,10.922,145.51,1
49.825,30.735,2.8974,0.2584,0.14,-65.114,-31.187,18.581,14.911,300.16,1
83.265,17.863,2.5024,0.4182,0.2154,61.064,52.081,-10.239,19.884,172.13,1
38.48,19.961,3.1335,0.2691,0.1371,30.171,-16.168,9.1699,18.183,133.32,1
29.9,21.151,2.8943,0.2742,0.1397,-1.8965,-20.03,-9.2186,11.964,167.17,1
27.028,10.121,2.4433,0.5081,0.2649,38.401,-16.437,6.4502,65.955,56.267,1
12.759,11.615,2.1538,0.7228,0.3754,-15.279,6.4392,11.408,18.908,166.22,1
47.371,12.44,2.6585,0.3425,0.1811,28.818,32.963,5.8394,3.4872,186.74,1
93.377,33.652,3.4508,0.2901,0.1797,-27.086,-67.233,15.562,4.669,353.46,1
27.663,15.775,2.4997,0.4842,0.3149,-1.4922,21.15,-6.049,3.7736,194.35,1
39.73,17.798,2.7589,0.3014,0.1681,-10.529,-22.717,12.326,5.7523,172.74,1
17.861,10.862,2.3032,0.5274,0.291,-0.0006,-0.3013,-4.7386,45.517,148.32,1
19.155,9.8675,2.29,0.5795,0.3051,-0.1476,3.7763,-5.5089,38.622,99.682,1
25.965,18.648,2.6484,0.4157,0.2124,11.15,-20.31,-16.372,38.236,154.77,1
23.327,18.665,2.736,0.3949,0.2819,8.2379,15.877,-10.475,37.32,64.59,1
38.228,18.739,2.899,0.2801,0.1634,27.166,31.688,9.4953,23.28,128.97,1
21.248,9.1648,2.3927,0.6316,0.3826,-1.7807,13.562,-9.8848,42.015,105.27,1
15.901,11.823,2.4713,0.625,0.3429,0.5862,-3.4544,-5.6358,14.781,54.346,1
31.361,16.137,2.8663,0.3401,0.2088,22.1,21.339,-9.7653,0.094,159.32,1
53.052,22.055,2.9196,0.1805,0.0969,44.624,23.927,-11.146,11.985,151.2,1
58.35,12.916,2.7497,0.331,0.202,-82.308,-37.657,10.999,2.826,248.44,1
21.549,13.43,2.5999,0.5176,0.3178,12.878,-8.3443,11.395,15.682,238.77,1
24.148,13.848,2.3646,0.4708,0.2441,25.552,11.922,4.9203,4.458,258.24,1
71.441,14.601,2.7152,0.3121,0.1647,70.346,70.299,8.8099,21.936,112.14,1
21.129,7.0541,2.0273,0.7042,0.3709,24.145,10.44,6.2328,34.139,189.2,1
103.7,45.978,3.934,0.1194,0.0721,-87.612,57.176,27.507,3.809,270.66,1
12.678,11.727,2.1688,0.7119,0.3763,-15.6,8.0692,-10.805,49.757,96.182,1
15.166,11.779,2.4116,0.6589,0.4322,0.7063,3.0524,-8.5378,61.787,114.63,1
46.549,16.723,2.8837,0.3712,0.2268,16.867,42.238,-11.306,14.536,171.49,1
25.534,22.829,2.8762,0.3431,0.1722,1.4113,13.01,18.588,61.252,33.106,1
45.584,18.804,3.1745,0.2329,0.1275,38.815,34.681,-10.306,10.351,168.25,1
27.983,25.185,2.8182,0.2964,0.1588,-7.6944,-18.777,12.62,31.247,188.17,1
12.52,11.937,2.1804,0.6865,0.3663,16.434,-10.211,6.6055,9.612,147.12,1
34.134,21.96,2.7173,0.2416,0.1237,-9.711,-28.783,9.0372,6.902,199.28,1
33.755,11.216,2.4921,0.3736,0.2077,16.002,22.159,7.0006,11.318,198.53,1
34.862,15.66,2.6101,0.4049,0.2245,9.8875,26.449,10.02,9.2301,173.22,1
39.27,16.244,2.7466,0.3728,0.2482,17.264,-12.039,10.443,12.605,125.97,1
27.556,17.268,2.5237,0.3293,0.1901,-3.8289,18.361,11.162,63.146,130.11,1
29.76,10.987,2.5315,0.4353,0.2485,9.9874,22.557,9.6102,38.46,65.147,1
26.31,12.087,2.4843,0.5574,0.3066,22.49,23.788,9.4817,14.572,206.08,1
20.166,10.812,2.2304,0.6294,0.3265,-6.6795,17.325,5.3727,74.454,148.08,1
50.805,30.005,3.6055,0.1577,0.081,42.969,40.376,-11.468,10.922,148.85,1
26.358,14.505,2.4289,0.3464,0.1993,-8.242,-14.975,8.7465,22.106,128.52,1
44.554,11.955,2.7071,0.2807,0.1482,-8.9761,-19.548,-7.2974,3.2582,236.53,1
35.919,17.255,2.9557,0.2724,0.1489,34.822,17.817,7.8104,2.7747,164.9,1
34.837,24.86,2.9834,0.24,0.1397,22.25,23.81,-10.555,10.441,130.47,1
29.615,20.073,2.9058,0.3155,0.182,13.004,-21.641,11.243,41.966,74.633,1
37.326,13.951,2.5781,0.4201,0.2523,33.976,17.715,5.3636,9.2321,232.37,1
30.561,15.777,2.4487,0.427,0.2438,0.5383,23.924,-6.0726,0.732,166.65,1
34.627,8.556,2.4601,0.5858,0.3588,38.417,19.918,6.58,1.67,235.16,1
82.43,35.38,3.8202,0.1482,0.0798,64.007,81.421,33.989,1.5887,290.43,1
16.302,11.313,2.2529,0.6201,0.3939,-1.8073,4.8846,7.8204,76.948,198.76,1
17.929,12.884,2.5434,0.5866,0.2933,12.593,12.505,7.3892,12.049,231.18,1
34.54,10.45,2.5587,0.4613,0.2887,3.4799,-3.2643,8.8301,12.336,156.21,1
34.105,19.301,2.7649,0.3625,0.1967,17.055,32.609,-14.619,40.152,156.49,1
61.93,18.977,2.9545,0.1743,0.0872,30.733,-23.758,-9.3106,13.495,160.14,1
21.468,6.9755,2.2028,0.6834,0.3542,25.364,7.4423,6.4396,63.031,172.98,1
22.333,18.456,2.541,0.4288,0.2144,-0.118,19.368,-13.036,51.452,76.994,1
37.389,9.8197,2.4579,0.4599,0.2666,21.146,22.315,6.7807,7.276,218.28,1
25.459,13.029,2.3314,0.5175,0.3147,-8.2082,-13.07,-12.86,14.963,111.54,1
90.341,32.639,3.5998,0.1131,0.0594,17.807,69.539,-22.523,4.7264,256.77,1
17.513,10.489,2.4713,0.6554,0.3767,-2.9326,7.9165,7.4393,67.272,67.476,1
17.125,10.763,2.243,0.6514,0.3743,-3.3785,7.8378,7.5567,87.079,238.21,1
16.078,11.314,2.3522,0.6489,0.3933,3.7689,-5.8336,-8.109,52.09,43.72,1
21.197,12.402,2.4191,0.461,0.2343,-0.7211,5.3653,10.443,0.327,179.09,1
36.025,2.3406,2.4401,0.8348,0.539,10.21,19.326,1.7938,1.608,371.8,1
42.865,23.403,3.1768,0.197,0.1082,-12.041,-16.802,17.231,12.867,167.69,1
69.723,29.411,3.4686,0.1812,0.0926,-39.97,68.335,22.258,2.0787,290.62,1
31.201,16.608,2.616,0.3801,0.2216,-45.061,19.105,-11.118,47.149,70.645,1
58.813,20.097,3.2,0.2353,0.124,-94.091,51.248,-15.139,7.244,236.62,1
16.984,10.793,2.2553,0.6278,0.4028,0.7126,-4.2068,7.8356,33.706,126.62,1
81.138,35.448,3.4147,0.2667,0.1553,23.885,38.047,15.386,3.7004,355.07,1
27.5,21.872,2.9055,0.2834,0.1535,-7.2898,-17.372,-10.768,14.533,184.12,1
46.413,17.808,2.9479,0.292,0.164,-3.0463,28.042,-13.773,0.595,271.67,1
17.578,10.551,2.3522,0.6089,0.38,0.0005,0.4974,-7.3115,19.37,55.079,1
29.624,22.561,2.8506,0.244,0.1375,0.8727,18.012,7.4675,1.1537,120.83,1
20.778,7.1662,2.0107,0.7122,0.3561,2.0146,-9.7705,5.9924,87.787,129.67,1
76.967,21.054,3.365,0.1696,0.0904,44.322,71.12,-9.3964,2.2043,200.03,1
29.188,15.515,2.3802,0.4125,0.2062,38.428,-9.0805,12.103,19.122,176.97,1
96.781,24.13,2.7705,0.3053,0.1586,-115.62,69.978,15.725,5.468,243.32,1
42.725,14.643,2.8303,0.3681,0.2225,41.504,23.166,9.8502,1.5,191.31,1
27.482,12.964,2.7206,0.4738,0.2788,18.012,23.686,3.785,23.478,157.69,1
57.482,19.632,2.8531,0.2426,0.1269,94.716,-41.871,10.529,4.9204,251.69,1
12.985,9.3952,2.2707,0.8311,0.5818,10.848,9.6944,9.8971,30.754,87.712,1
19.824,16.839,2.4564,0.5105,0.3024,-6.067,-16.383,-11.44,49.456,89.368,1
21.904,11.354,2.4764,0.5476,0.2855,-12.759,-18.592,5.7794,41.331,195.38,1
47.734,16.989,3.1793,0.2799,0.1797,5.4332,19.326,10.409,1.3785,239.51,1
39.432,19.541,2.7547,0.248,0.131,-28.116,21.888,14.41,3.7246,138.43,1
25.755,23.135,3.0953,0.3051,0.1867,-5.8437,-11.835,17.157,82.602,70.009,1
28.059,8.254,2.4448,0.6104,0.4075,27.697,23.227,6.6783,11.659,209.91,1
47.983,22.607,2.9939,0.2099,0.106,11.889,40.388,-14.632,7.3372,243.33,1
56.647,23.473,3.0654,0.3234,0.1708,-56.322,40.841,19.148,8.8062,285.06,1
69.152,11.615,2.8395,0.3618,0.2308,-56.002,36.987,10.998,2.023,305.82,1
44.062,15.83,2.8896,0.285,0.1657,-13.329,-32.136,7.0214,4.166,220.73,1
13.123,9.9102,2.1917,0.8103,0.537,11.973,8.2394,-10.212,9.046,41.34,1
20.443,11.814,2.2945,0.6244,0.3376,9.6306,20.212,-8.4187,8.711,198.71,1
36.419,21.992,2.9462,0.2377,0.1296,-14.215,-16.351,-16.35,23.42,147.59,1
23.757,16.865,2.786,0.419,0.225,-1.8632,18.465,7.8791,14.959,132.23,1
60.059,17.612,2.7404,0.3164,0.1664,-44.189,43.681,-10.939,4.862,286.41,1
70.419,27.211,2.6238,0.3948,0.2295,-78.958,-21.864,11.313,13.734,319.29,1
42.818,17.117,2.9474,0.2743,0.1891,31.915,31.506,-6.1019,1.9292,139.98,1
21.305,6.9613,2.0473,0.7085,0.3901,23.551,11.643,-6.331,82.804,245.89,1
123.76,11.611,2.4526,0.5961,0.3439,-123.69,-84.393,-3.3209,7.1941,311.73,1
17.637,10.692,2.3096,0.6176,0.3211,21.928,10.302,-5.5929,26.126,229.77,1
59.433,22.405,3.0156,0.2364,0.1259,-85.176,31.365,17.364,9.664,255.2,1
38.112,18.222,2.8968,0.2689,0.1503,14.854,7.4557,7.0755,2.0107,224.93,1
33.682,16.326,2.7247,0.3487,0.1781,34.687,-22.944,-14.948,11.763,164.76,1
27.253,12.057,2.5289,0.503,0.3417,11.773,19.68,8.7618,24.439,90.435,1
23.523,0.0029,2.055,0.7137,0.3833,1.3219,-10.021,0.0001,67.234,197.23,1
24.241,12.417,2.3856,0.3992,0.2243,-8.4496,-11.563,-5.1179,29.023,225.22,1
18.079,12.896,2.5179,0.5463,0.305,1.4159,-8.3347,-8.0266,88.907,40.548,1
99.002,19.09,3.2981,0.1752,0.0899,57.697,96.9,11.66,0.227,245.03,1
29.649,17.098,2.372,0.518,0.2654,22.994,26.966,-10.738,59.791,132,1
55.165,22.375,3.2629,0.185,0.0974,-7.9939,39.328,-14.679,1.7086,237.66,1
60.765,16.922,2.8998,0.2481,0.153,-2.8043,-38.892,11.289,1.649,179.61,1
20.602,12.822,2.4273,0.4224,0.2112,16.274,-4.2368,8.6716,74.837,68.802,1
49.563,27.572,3.1614,0.229,0.1224,15.103,35.169,21.41,4.158,271.97,1
56.376,19.617,3.1861,0.2072,0.1215,53.475,41.494,-12.426,1.039,173.5,1
65.217,29.195,3.4249,0.1703,0.1032,-83.332,60.916,-24.119,12.336,260.77,1
41.032,26.687,3.0637,0.2202,0.1239,14.685,31.506,11.877,2.4506,164.4,1
84.49,16.663,2.8306,0.3722,0.1987,101.93,56.44,-12.782,4.687,297.55,1
31.854,16.032,2.5403,0.3545,0.183,14.665,25.027,9.9029,17.905,62.658,1
30.951,25.014,2.7892,0.3022,0.1552,-18.026,18.063,19.991,35.915,232.22,1
31.912,14.201,2.5263,0.4494,0.2664,5.984,-22.063,-14.27,3.3657,136.97,1
88.896,25.104,3.3585,0.1599,0.083,-61.572,63.564,13.327,2.5743,268.12,1
37.783,17.054,2.6253,0.3436,0.1813,16.838,29.601,-10.323,16.544,227.72,1
89.475,29.161,3.5509,0.2483,0.127,-17.589,-47.842,15.352,0.7,367.97,1
32.552,12.968,2.4541,0.5589,0.3708,-29.031,-24.518,-10.813,15.486,156.3,1
22.726,13.051,2.2889,0.4422,0.2339,1.4197,-10.932,-5.6139,25.33,90.935,1
50.602,21.885,3.0296,0.2475,0.1415,51.49,46.972,-9.7504,21.988,294.82,1
20.854,12.665,2.5112,0.4438,0.2265,-27.95,-10.389,9.6219,14.281,171.26,1
28.741,15.546,2.7067,0.3654,0.1876,-15.982,14.896,-8.8782,2.335,150.99,1
18.807,16.427,2.2355,0.5756,0.2994,-1.0363,-10.553,16.868,29.692,224.39,1
59.701,22.483,2.8837,0.1948,0.0987,66.092,57.696,-12.147,8.806,246.53,1
26.333,17.164,2.4564,0.4091,0.2185,0.0572,20.597,-9.3139,27.655,224,1
83.534,39.64,3.243,0.176,0.1043,71.028,95.836,34.88,22.571,160.65,1
20.386,10.609,2.3483,0.6278,0.3341,-5.7295,16.844,-5.1049,27.036,100.21,1
37.286,13.09,2.5283,0.3407,0.1763,-12.177,-28.659,1.984,9.941,218.44,1
30.749,13.72,2.3865,0.3244,0.1663,12.791,15.868,-4.076,2.817,142.86,1
41.618,21.03,2.6871,0.2898,0.1634,52.123,-17.868,11.412,0.8604,155.93,1
39.784,30.557,3.6543,0.231,0.1231,22.28,35.135,-20.875,3.374,73.247,1
87.832,33.087,3.5638,0.1119,0.0572,-95.004,77.104,-21.44,4.714,236.04,1
70.507,21.928,3.4431,0.1997,0.1011,65.321,64.909,-13.513,5.4805,196.07,1
68.538,21.756,2.9731,0.2149,0.1229,60.342,64.844,-11.332,15.494,186.18,1
39.933,19.235,3.0851,0.291,0.1525,8.0881,35.666,-13.254,2.5722,218.3,1
19.931,12.338,2.4417,0.4955,0.2984,1.4357,-8.8626,10.733,39.732,137.45,1
41.774,15.879,2.679,0.4084,0.2649,-0.9026,-30.098,7.0945,2.018,166.01,1
30.878,10.601,2.3493,0.4877,0.2483,-41.255,12.327,4.8418,40.526,143.23,1
18.141,10.583,2.1818,0.5789,0.3059,23.081,9.7451,-4.4156,45.765,146.2,1
50.65,20.563,3.032,0.3781,0.2178,-17.354,-55.243,-11.024,4.2206,239.26,1
26.866,12.684,2.5496,0.5529,0.2948,6.6074,18.846,-14.791,49.755,104.42,1
103.03,14.066,2.5533,0.3664,0.1888,-25.097,-47.022,3.1308,1.5499,278.49,1
81.284,30.335,3.5357,0.1599,0.0931,16.859,73.551,-18.381,2.695,254.94,1
46.186,20.061,2.9701,0.2303,0.1248,52.531,40.058,-11.364,13.438,233.11,1
23.531,13.698,2.7101,0.5166,0.2856,19.495,23.067,4.25,35.127,171.79,1
79.828,27.254,3.6566,0.1621,0.0885,77.704,80.311,-8.7531,2.3845,264.95,1
85.656,15.036,2.5599,0.3003,0.1529,117.24,-60.19,8.7001,16.789,207.38,1
87.05,21.41,2.9696,0.2263,0.1432,-115.17,48.29,15.927,1.4973,214.79,1
54.189,19.852,2.8615,0.3067,0.1602,3.2851,49.129,-17.755,13.905,215.08,1
108.68,36.474,4.0803,0.1044,0.0548,-88.911,80.689,-15.96,1.053,310.64,1
23.39,10.038,2.6217,0.583,0.3214,26.077,20.569,7.5347,19.825,132.79,1
62.252,21.189,3.221,0.2723,0.1536,41.372,47.334,15.568,3.375,268.3,1
78.3,17.269,2.9408,0.3049,0.2023,70.544,79.472,-8.9468,8.1366,252.04,1
45.522,12.785,2.8205,0.3235,0.1701,28.401,-19.18,-7.9847,9.498,186.95,1
38.889,17.786,2.8946,0.2486,0.1281,-28.784,-23.494,7.7041,10.147,160.57,1
62.174,21.267,3.477,0.1827,0.0972,29.768,34.475,-13.016,0.4862,226.5,1
12.957,11.057,2.2162,0.7416,0.4529,14.169,-7.0158,-8.2891,43.959,148.24,1
20.099,7.261,2.1287,0.7509,0.3903,-3.3363,10.724,-5.3261,34.988,242.24,1
25.162,15.489,2.73,0.4711,0.2877,-2.7649,11.583,-12.146,1.1344,193.49,1
38.394,13.851,2.8052,0.379,0.2529,-11.67,11.945,9.9001,2.491,226.53,1
19.441,15.051,2.5539,0.4944,0.2835,-4.9169,13.179,-8.4303,2.2614,47.036,1
45.095,35.685,3.1245,0.1734,0.0935,35.368,39.386,-23.541,21.611,144.32,1
19.976,7.328,2.1833,0.741,0.4033,2.3635,-9.3424,-5.238,19.965,165.97,1
44.833,11.843,2.6274,0.3679,0.204,28.86,37.011,-8.9649,6.682,183.42,1
29.264,19.549,2.9114,0.3409,0.1772,16.237,23.051,-13.54,18.469,74.915,1
41.245,16.383,2.8762,0.2593,0.1336,16.284,-20.586,8.8397,5.554,203.24,1
30.507,15.088,2.6735,0.3775,0.1898,-51.915,25.423,-13.52,3.375,164.37,1
22.597,11.999,2.3589,0.512,0.3042,-28.31,3.7697,-9.5853,56.553,116.5,1
84.256,29.174,3.0953,0.2489,0.1289,-25.925,57.194,-26.013,1.605,335.62,1
45.247,18.327,2.76,0.278,0.1642,50.189,35.182,-14.464,2.3869,200.36,1
29.051,13.783,2.5198,0.4048,0.216,-7.687,14.865,8.2883,10.959,249.01,1
31.398,10.538,2.3701,0.4947,0.2665,40.885,-11.723,-6.5231,68.526,123.05,1
49.121,15.037,2.6689,0.3751,0.1919,12.361,27.579,-6.5523,1.136,194.65,1
23.797,10.902,2.4571,0.4921,0.2635,11.039,19.317,3.2376,33.506,233.44,1
25.569,12.138,2.5428,0.4441,0.2278,-21.348,-3.6903,9.3471,9.7343,196.88,1
57.043,19.927,3.3516,0.2007,0.1124,60.113,43.723,-9.1723,6.306,166.57,1
43.372,34.225,3.3154,0.2036,0.1129,1.6245,29.357,-28.744,5.7268,110.34,1
22.837,12.755,2.4757,0.4381,0.2224,-10.648,10.308,6.8707,1.9635,263.75,1
74.518,27.013,3.5529,0.1414,0.0785,74.885,60.478,15.579,0.038,212.21,1
81.412,26.988,3.1239,0.2654,0.1726,-20.439,64.604,21.338,4.2953,339.8,1
24.387,17.542,2.7694,0.3367,0.1811,27.923,18.324,6.7891,22.177,228.48,1
56.593,22.495,3.247,0.2322,0.1271,-10.558,61.93,4.3638,0.814,156.1,1
21.188,9.6959,2.301,0.66,0.3675,-20.978,-18.686,11.377,2.664,128.67,1
43.03,19.121,2.7756,0.3487,0.2121,17.715,32.873,-19.333,4.3534,214.71,1
30.91,17.698,2.7778,0.3253,0.171,17.936,22.953,-12.761,10.519,178.36,1
46.349,16.158,2.7532,0.3636,0.188,59.873,-28.864,-12.453,0.1199,209.45,1
105.47,36.915,3.9891,0.1233,0.0665,-37.229,74.419,-35.749,0.689,323.12,1
44.401,16.881,2.5092,0.3189,0.1625,44.065,-28.928,-16.258,1.708,253.66,1
23.527,12.816,2.4166,0.3985,0.205,-8.4813,-7.0768,5.4056,43.914,104.92,1
58.175,22.384,3.1623,0.19,0.0967,43.133,38.479,13.104,14.438,98.594,1
20.772,7.2029,2.0394,0.6849,0.3607,-0.2698,4.9762,-6.006,33.313,154.82,1
40.979,17.337,2.8582,0.341,0.1823,38.11,39.508,-9.6327,16.181,148.84,1
50.183,22.6,2.8707,0.2734,0.138,-1.5415,19.034,-14.838,23.816,269.6,1
22.587,14.538,2.317,0.4916,0.2964,-31.663,16.167,-4.383,48.751,244.63,1
32.958,20.896,2.6498,0.3695,0.187,7.3153,-10.865,-11.56,30.831,30.017,1
21.857,10.925,2.4433,0.5838,0.3874,6.0597,18.404,8.7412,17.847,60.388,1
84.835,33.402,3.8276,0.1667,0.0918,-39.557,56.019,-14.379,6.4976,286.54,1
21.081,7.1133,2.0846,0.6749,0.3416,0.2413,-4.9562,6.2181,61.098,216.56,1
65.169,12.228,2.6232,0.3381,0.1702,60.486,70.586,8.8835,5.9072,197.8,1
54.263,9.2535,2.4125,0.5841,0.3308,20.848,29.631,-7.9085,11.112,289.51,1
86.181,58.292,3.5283,0.1597,0.0911,52.338,94.797,64.786,26.041,140.84,1
71.077,22.736,3.2111,0.1888,0.0987,-81.517,56.59,-12.966,5.2124,279.66,1
36.128,10.342,2.4338,0.4972,0.256,-33.371,28.049,-6.7114,0.5848,74.737,1
84.695,17.765,3.0067,0.2285,0.1236,89.545,74.95,-14.878,2.2374,256.47,1
53.803,32.932,3.6384,0.1885,0.1024,-40.128,38.547,18.787,5.2892,298.3,1
26.195,9.555,2.3589,0.4945,0.256,-10.014,12.412,6.4945,2.396,228.29,1
25.903,12.14,2.4564,0.4126,0.2325,34.824,12.382,-5.1151,34.005,89.824,1
79.407,23.354,3.0109,0.2087,0.1048,74.294,68.186,-13.298,8.772,257.89,1
52.14,20.254,3.2234,0.1734,0.1019,7.3112,20.948,5.5489,0.1304,163.03,1
21.044,12.158,2.2589,0.5014,0.2562,1.6034,-7.9755,-10.73,15.833,170.77,1
70.93,35.718,3.8856,0.1253,0.0662,20.134,60.994,22.392,2.062,236.22,1
29.237,13.659,2.5416,0.4368,0.2284,42.71,-18.55,11.072,1.9738,121.74,1
52.898,29.197,3.6656,0.1479,0.0854,26.371,38.568,-12.555,7.4762,146.82,1
56.181,18.859,3.031,0.2095,0.1345,54.284,35.658,10.722,7.318,203.67,1
64.348,31.637,3.5569,0.149,0.0759,29.221,59.734,-26.057,14.224,163.92,1
29.279,15.749,2.5877,0.323,0.1641,-15.69,13.097,-8.4056,10.472,195.9,1
31.034,12.874,2.6474,0.4257,0.2196,9.2704,24.718,-7.5406,6.308,160.13,1
88.349,31.402,3.6765,0.1689,0.0898,-44.306,70.135,-20.501,0.8347,296.5,1
34.278,17.236,2.6289,0.3243,0.1798,-51.794,12.222,-9.7122,42.686,179.12,1
123.36,113.37,4.7981,0.0311,0.0165,67.097,94.582,83.669,38.181,262.61,1
51.613,14.668,2.7709,0.4203,0.2466,10.814,50.03,10.258,7.748,271,1
82.447,35.731,2.9204,0.3195,0.1988,-15.107,-61.956,35.482,7.6504,326.66,1
21.545,17.138,2.4698,0.4,0.2186,29.478,-12.36,-9.7975,21.213,62.125,1
18.542,10.404,2.2878,0.5619,0.2912,-0.8683,6.543,-5.2262,74.41,92.115,1
27.976,6.88,2.281,0.5602,0.3063,13.647,-4.8238,3.9436,19.334,159.71,1
36.945,26.173,3.1059,0.2727,0.1548,-13.217,-33.162,19.294,5.7144,169.71,1
27.448,13.557,2.382,0.4315,0.2552,-17.279,15.503,-6.6386,40.505,150.18,1
75.245,41.486,3.8963,0.1003,0.0529,24.697,64.967,-31.71,11.236,173.95,1
113.51,21.823,3.0842,0.271,0.1487,95.763,84.962,12.67,4.016,293.09,1
23.903,17.86,2.4955,0.3834,0.1933,11.095,18.767,-17.44,63.458,132.01,1
21.969,10.151,2.3424,0.6227,0.3977,20.255,20.192,-11.512,5.762,200.76,1
19.446,9.6578,2.2625,0.6448,0.429,-5.1442,14.879,10.05,58.609,216.98,1
29.156,13.464,2.6772,0.4143,0.2114,10.518,11.339,10.651,8.3777,174.15,1
22.182,11.142,2.5139,0.5329,0.3017,-1.8966,-19.151,7.2902,59.536,61.62,1
60.181,24.898,3.4499,0.1743,0.0939,49.478,40.683,10.261,0.017,186.7,1
17.254,10.54,2.4564,0.6748,0.3444,20.715,10.637,7.1082,2.559,124.56,1
34.155,22.543,2.9908,0.3115,0.1772,2.1068,6.0209,-9.3894,51.723,52.775,1
22.375,12.519,2.4224,0.4991,0.2665,29.661,-9.389,-8.6924,21.518,185.92,1
19.488,9.8834,2.1987,0.5633,0.2943,25.324,6.7234,-3.7435,67.273,65.825,1
65.773,28.803,3.5273,0.2729,0.1418,-15.565,44.528,-11.957,3.8848,321.63,1
42.626,17.767,2.8654,0.3695,0.2106,8.4107,13.893,16.229,9.162,248.62,1
61.987,32.675,3.525,0.1809,0.0909,38.66,65.022,-26.765,3.783,205.09,1
50.091,19.207,2.8561,0.2396,0.1247,30.335,32.454,5.0886,2.9598,227.27,1
61.661,31.997,3.3249,0.2097,0.1247,-45.386,39.389,-12.59,2.249,284.31,1
38.13,16.291,2.9199,0.3115,0.1654,-14.836,25.734,10.812,0.2439,246.51,1
21.495,10.697,2.1732,0.5503,0.2785,6.7037,-18.281,-10.022,1.9866,232.94,1
27.643,17.213,2.6123,0.4396,0.265,-4.6323,10.702,-14.721,14.669,25.549,1
56.047,26.197,3.2461,0.1606,0.0837,-14.343,-29.506,16.474,5.344,230.12,1
30.167,12.836,2.6498,0.4502,0.2296,28.542,14.606,4.6252,1.6861,210.99,1
28.44,11.249,2.3233,0.4703,0.2494,-7.6744,-17.103,-9.298,27.01,133.81,1
37.582,17.534,2.9574,0.2978,0.1848,-7.6015,7.1308,9.2668,7.3987,253.27,1
42.859,13.547,2.7011,0.2706,0.1463,-2.0879,33.379,-8.3602,1.79,224.48,1
59.251,21.104,2.8938,0.235,0.1284,58.618,36.448,15.998,1.7138,245.79,1
81.895,31.926,3.2236,0.1619,0.0834,-80.712,67.142,15.948,4.362,258.89,1
103.37,26.037,3.3158,0.2214,0.151,-27.424,64.837,13.75,6.884,312.81,1
21.564,10.884,2.1584,0.5347,0.2674,6.5388,-18.413,-9.2335,48.18,188.65,1
100.56,32.152,3.6935,0.131,0.0673,-82.702,77.721,-19.222,2.9569,316.62,1
21.49,13.928,2.4448,0.6284,0.4255,-8.0528,-18.529,13.761,17.451,151.01,1
25,9.2853,2.5017,0.6173,0.4425,22.264,24.787,-7.6555,12.149,217.99,1
13.168,10.753,2.1477,0.7758,0.4448,14.106,-0.9633,-11.297,28.175,93.332,1
67.302,14.302,3.0689,0.3413,0.1856,6.7963,69.893,-6.649,2.319,164.62,1
54.176,30.016,3.6714,0.2087,0.1107,22.977,31.225,-21.46,47.73,42.521,1
12.522,11.939,2.0394,0.6941,0.3607,-16.052,8.9284,-10.329,25.391,193.64,1
44.193,22.518,2.9294,0.2094,0.11,12.218,41.779,-11.68,1.6,169,1
61.922,22.571,3.3825,0.1836,0.0926,0.1718,56.629,-16.15,0.0796,182.56,1
21.526,15.897,2.6201,0.4341,0.229,26.954,10.315,7.9841,6.6877,234.69,1
44.546,21.015,2.9263,0.2073,0.1049,-0.3109,36.89,7.7348,4.501,129.15,1
109.19,54.252,4.2381,0.0818,0.0423,139.16,81.073,36.27,2.694,298.22,1
19.814,15.925,2.6021,0.465,0.2512,-22.237,-15.661,-5.6769,67.285,101.63,1
24.927,19.705,2.8189,0.2929,0.148,6.4374,-10.823,-5.3013,35.902,69.174,1
73.507,33.354,3.2636,0.3221,0.2466,-1.6256,61.05,31.264,12.795,360.8,1
28.908,16.042,2.4378,0.3759,0.1916,-35.647,-11.605,-8.4404,18.845,220.54,1
57.041,14.734,2.8312,0.3702,0.2308,-62.707,48.551,12.442,6.78,278.6,1
78.401,23.435,3.3901,0.2277,0.1395,61.006,71.328,15.831,0.065,241.01,1
20.324,11.169,2.2878,0.5928,0.3325,19.585,19.364,10.813,54.193,139.56,1
13.17,10.918,2.1383,0.7709,0.3891,-14.96,1.6626,11.881,78.186,139.15,1
27.578,13.247,2.5746,0.4447,0.2623,-13.323,-8.8075,-5.4211,23.359,197.14,1
79.578,20.235,2.9125,0.2691,0.1352,-79.223,46.697,-16.125,0.6007,250.45,1
20.978,11.171,2.2068,0.5963,0.3385,14.467,18.795,-1.923,52.386,104.42,1
48.931,23.523,3.0257,0.2008,0.1013,-5.2684,42.304,14.987,1.4587,256.23,1
20.31,12.359,2.3043,0.4764,0.2804,-1.2687,9.8271,10.623,3.08,194.77,1
27.966,13.528,2.6069,0.4944,0.288,30.326,23.313,-7.4939,26.17,156.79,1
103.27,29.24,3.4659,0.1772,0.1165,-55.235,54.818,-13.429,5.2374,286.19,1
22.332,6.5726,2.1599,0.7405,0.391,-24.937,-9.4103,-6.7721,39.485,101.62,1
61.096,31.465,3.3568,0.1649,0.0952,30.488,46.75,14.832,6.514,210.41,1
30.948,16.73,2.7543,0.3116,0.1593,-34.705,16.459,4.8896,9.046,151.62,1
52.13,21.365,2.8808,0.2697,0.1428,11.306,41.292,7.9555,1.8987,249.54,1
87.022,25.43,3.1527,0.204,0.1185,-39.955,73.973,22.035,5.4913,289.31,1
25.636,17.078,2.4757,0.4548,0.2659,-17.052,15.826,-15.917,36.759,97.362,1
38.025,14.715,2.4921,0.4155,0.2142,12.297,36.023,-7.1059,29.18,86.961,1
19.516,12.739,2.4354,0.4991,0.2697,-1.0413,9.6528,-8.9162,85.991,145.21,1
21.17,18.398,2.5514,0.5871,0.3862,16.603,16.276,-12.442,41.031,195.29,1
67.208,30.944,3.3019,0.1617,0.0901,33.793,75.147,25.692,15.261,203.91,1
18.015,10.414,2.5159,0.7287,0.4192,-7.8462,15.103,5.8765,21.543,207.08,1
17.592,11.022,2.2014,0.5409,0.2862,-0.6776,5.487,4.0467,9.4508,183.76,1
27.325,18.638,2.5729,0.361,0.1912,36.777,8.242,-9.7193,37.835,165.82,1
38.985,13.804,2.608,0.3896,0.1961,-25.661,-18.173,13.353,5.2555,181.96,1
52.559,16.333,2.5826,0.3791,0.1922,31.917,-22.335,10.777,2.808,199.1,1
41.031,10.91,2.5391,0.2948,0.1546,1.1938,30.771,-4.4502,2.6397,198.02,1
40.354,16.686,3.005,0.2531,0.127,21.823,-23.483,7.8888,3.017,209.46,1
79.348,24.614,2.6096,0.4988,0.2715,-83.841,16.407,-19.249,3.796,278.27,1
19.919,12.909,2.4257,0.5178,0.272,-11.502,-6.7813,5.8997,61.162,155.46,1
21.02,7.0613,2.2753,0.7162,0.3793,23.65,11.222,6.1527,68.304,69.167,1
36.401,10.909,2.3064,0.4346,0.2247,-23.618,-15.065,-7.4631,0.0175,184.2,1
99.791,34.206,3.807,0.1435,0.0855,82.788,95.44,15.91,4.3725,248.71,1
76.607,38.925,3.77,0.1921,0.0981,14.47,53.539,-25.953,3.7384,352.19,1
44.592,14.632,2.7202,0.3505,0.201,-53.032,-24.246,-10.828,6.6863,183.49,1
87.785,22.401,2.9829,0.2985,0.1586,-89.713,-44.712,-8.9452,2.0092,368.68,1
24.862,12.299,2.617,0.4324,0.221,34.509,8.0585,9.0506,1.6899,93.995,1
98.87,26.962,3.5334,0.2726,0.177,-14.187,46.837,23.633,0.812,347.07,1
57.068,24.517,3.2718,0.2134,0.119,-57.799,34.613,-8.782,3.016,273.03,1
24.222,18.982,2.4735,0.3529,0.1832,16.177,-19.504,5.592,46.617,149.72,1
35.603,12.994,2.3253,0.4634,0.2388,-33.444,-11.814,8.1807,0.98,204.43,1
56.945,16.062,3.0097,0.31,0.1814,55.307,45.842,-3.2855,5.0681,175.46,1
51.755,22.303,3.3814,0.2381,0.1253,31.144,36.923,15.457,1.6967,161.28,1
21.795,18.957,2.7396,0.3679,0.1922,5.606,15.686,8.3744,62.028,132.61,1
53.977,21.066,2.5557,0.2837,0.1433,6.8371,40.083,14.293,1.843,170.19,1
56.606,16.01,2.6444,0.2472,0.1281,43.312,38.435,11.236,7.617,238.45,1
94.469,30.42,2.9085,0.2136,0.1265,-124.04,79.942,-19.138,10.507,218.83,1
31.438,19.162,2.6812,0.2875,0.176,-21.817,15.777,-9.3084,45.875,95.778,1
33.983,23.009,2.732,0.2836,0.1696,19.059,-26.36,11.305,7.927,122.04,1
26.212,16.007,2.734,0.3579,0.2149,13.182,10.506,-10.396,0.9552,72.883,1
23.577,15.758,2.7093,0.4492,0.2334,2.4308,14.213,-9.9121,36.709,183.78,1
66.638,32.535,3.2848,0.1739,0.1093,59.995,50.372,-20.822,5.2154,219.46,1
63.897,26.225,3.38,0.1588,0.0915,46.378,59.91,-16.199,1.6754,202.26,1
77.277,11.802,2.4502,0.3936,0.1968,53.578,72.468,10.937,5.475,161.94,1
41.435,11.651,2.7756,0.3604,0.2238,12.327,32.169,-9.3097,8.356,193.48,1
13.053,10.232,2.2135,0.789,0.5229,12.35,6.8819,9.2901,47.263,215.01,1
20.609,7.1467,2.1973,0.7365,0.3778,23.221,11.468,-5.8253,36.074,129.05,1
12.726,11.656,2.0473,0.7175,0.3812,15.473,-7.7999,10.913,63.531,121.87,1
27.081,18.674,2.6345,0.3643,0.21,31.522,-8.8324,12.65,32.22,152.16,1
27.527,27.029,3.1838,0.2652,0.1359,9.8795,-3.1041,-8.738,9.997,62.527,1
68.404,20.688,3.1874,0.2592,0.14,-42.593,50.501,-13.335,2.887,286.88,1
62.384,29.425,3.2854,0.2343,0.134,31.262,93.711,-13.945,0.094,79.25,1
13.198,10.823,2.2109,0.7754,0.4154,-14.615,2.1486,-11.755,16.804,154.15,1
29.264,24.851,3.264,0.2799,0.1495,-18.517,-13.829,-18.843,59.896,54.771,1
13.167,10.386,2.2028,0.79,0.4922,-13.067,-6.0547,-10.591,26.148,156.11,1
23.462,14.36,2.688,0.441,0.2862,1.8095,18.085,9.0229,80.849,193.35,1
22.598,10.82,2.4631,0.5818,0.3425,25.611,14.193,11.677,88.204,161.86,1
30.945,13.793,2.5809,0.357,0.1982,22.968,18.941,-10.989,63.926,253.54,1
26.659,14.39,2.5676,0.4384,0.2368,-21.704,11.682,1.5741,3.0264,145.39,1
25.794,18.599,2.959,0.3505,0.1918,1.763,18.854,8.7311,3.903,181.89,1
28.788,16.597,2.6144,0.3597,0.2321,-21.04,-18.964,10.137,88.901,88.457,1
56.016,35.324,3.4548,0.1782,0.0893,51.188,45.7,49.176,7.409,219.41,1
12.597,11.836,2.1804,0.6997,0.3729,16.007,-9.323,9.6302,62.697,62.554,1
19.751,7.383,2.081,0.7386,0.4191,-1.7551,8.1554,-4.9999,62.318,173.97,1
113.59,39.61,4.109,0.0904,0.0461,-16.338,88.906,22.17,0.347,321.64,1
68.057,38.609,2.8686,0.3383,0.1834,9.0836,28.896,17.997,13.751,320.86,1
17.347,10.99,2.248,0.5763,0.3418,0.6703,-4.9667,6.5144,77.327,232.95,1
18.951,12.913,2.3334,0.4919,0.2668,-0.1723,4.1078,7.7879,6.2819,135.56,1
50.364,23.028,2.9908,0.2339,0.1435,29.636,50.854,-19.408,15.291,215.94,1
96.912,33.106,3.1444,0.1377,0.0692,101.67,93.408,27.678,20.674,157.34,1
35.035,22.609,2.9897,0.2622,0.1572,31.16,22.794,15.059,10.791,187.22,1
48.434,22.949,2.972,0.2219,0.1221,58.482,38.912,16.126,1.0711,189.12,1
21.406,9.5767,2.2405,0.6092,0.3592,-2.2621,14.389,-9.535,28.634,187.53,1
31.961,23.206,2.9969,0.2518,0.1344,-0.1172,15.245,11.595,10.176,139.36,1
50.539,22.179,2.7864,0.2796,0.1464,47.681,33.577,-8.7883,8.5216,257.04,1
61.326,17.265,2.8845,0.274,0.1481,58.767,60.322,-9.5782,9.9477,242.26,1
51.023,19.78,2.891,0.2288,0.1317,38.358,45.939,7.6547,17.353,114.71,1
125.64,26.887,2.9322,0.2443,0.1373,-223.72,121.15,19.111,0.768,293.58,1
23.516,16.983,2.6138,0.3479,0.1934,-6.5569,-13.775,-4.7431,9.074,203.34,1
63.556,23.796,2.6117,0.4108,0.2164,-57.938,-39.348,14.022,4.7658,270.1,1
78.111,25.804,3.2918,0.2763,0.156,-19.784,49.637,16.703,8.8309,316.56,1
22.024,12.391,2.3191,0.5036,0.2902,0.5134,-7.2103,3.5137,31.042,167.51,1
18.434,10.567,2.1367,0.5109,0.2591,25.602,5.0747,-2.2936,9.3626,183.93,1
40.099,15.021,2.7948,0.3609,0.1997,20.072,29.929,10.443,2.016,245.89,1
12.933,11.112,2.0986,0.7331,0.4502,14.27,-7.4493,-6.7747,73.437,191.58,1
13.222,10.458,2.2028,0.79,0.4734,13.485,5.5312,11.088,48.129,165.2,1
21.461,9.8118,2.2923,0.5816,0.3444,-3.3335,15.419,9.7332,11.871,237.65,1
19.157,16.904,2.3334,0.5568,0.3782,21.412,8.3021,-11.251,11.763,129.95,1
79.543,24.992,2.989,0.2051,0.1144,-86.903,-34.64,-11.054,3.7844,183.25,1
20.574,7.1154,2.1688,0.7458,0.3898,22.699,12.144,5.7767,35.77,128.59,1
23.363,10.587,2.3589,0.5514,0.361,6.5676,18.882,8.5463,3.5191,216.97,1
13.002,10.686,2.1123,0.7568,0.4903,-13.226,3.82,7.3232,67.951,201.86,1
33.956,15.965,2.7279,0.4565,0.2797,22.748,16.591,12.929,10.032,181.46,1
25.738,7.1952,2.2648,0.6576,0.4266,-10.343,-11.694,4.034,39.52,202.98,1
18.186,10.171,2.3747,0.692,0.4494,-6.3332,14.613,7.7438,0.4967,231.7,1
109.34,26.132,3.3661,0.1915,0.1091,75.323,121.66,-24.418,1.951,255.45,1
38.83,33.041,3.6188,0.1708,0.0896,-5.9519,13.582,-23.182,27.67,76.854,1
21.914,11.942,2.4257,0.4878,0.2533,29.765,-8.3477,10.925,22.162,133.48,1
31.028,13.572,2.6069,0.3659,0.1965,-33.489,-18.352,-4.3004,0.3403,148.72,1
87.67,26.232,3.1492,0.166,0.0947,-165.6,72.044,17.37,4.229,234.29,1
25.594,0,2.1945,0.7476,0.4441,0,0,-16.591,61.123,107.6,1
43.669,26.848,3.0175,0.3814,0.2637,-27.642,-18.646,20.317,2.9973,312.85,1
37.043,18.075,2.8132,0.3059,0.1622,-3.2696,-22.619,13.516,5.3662,211.16,1
27.404,17.3,2.6835,0.3731,0.2518,0.9058,17.925,10.425,6.4733,227.4,1
40.948,13.282,2.5938,0.3745,0.2076,-1.0806,-28.994,10.567,4.687,130.1,1
36.248,9.6119,2.4378,0.4088,0.2062,31.497,24.456,-5.7635,9.7048,131.25,1
93.259,28.125,3.6172,0.1721,0.0981,46.123,105.64,-20.448,6.761,184.26,1
17.064,11.214,2.238,0.5665,0.3266,1.3301,-6.1239,-5.892,16.962,163.77,1
24.272,14.525,2.5533,0.4028,0.2308,5.8387,16.019,1.4225,13.207,137.84,1
23.621,22.054,2.638,0.3383,0.1922,7.5613,4.7176,-15.38,44.827,128.08,1
22.871,11.915,2.6274,0.4835,0.2583,5.2125,9.0049,6.5428,51.324,153.84,1
28.95,21.24,2.8663,0.3116,0.1653,24.408,21.404,-13.449,35.85,141.9,1
27.808,18.881,2.7825,0.3746,0.217,14.749,22.986,-14.422,7.968,71.614,1
26.848,10.303,2.4935,0.5201,0.2713,30.715,22.992,6.7528,1.445,138.6,1
50.145,22.733,3.0929,0.2366,0.1304,4.9159,-26.635,16.303,1.2521,219.95,1
58.136,21.855,3.1388,0.1947,0.105,4.7657,49.472,-16.822,15.462,218.52,1
22.239,12.624,2.2999,0.5313,0.2732,-24.112,-13.863,-7.4899,65.823,189.76,1
83.235,18.096,2.9193,0.23,0.115,54.777,68.553,16.626,5.079,291.3,1
38.344,26.84,3.1538,0.2365,0.1358,18.974,31.733,15.012,11.762,118.09,1
25.796,10.29,2.3757,0.5011,0.2926,16.842,18.872,7.1083,36.457,124.78,1
36.048,21.725,2.9109,0.3045,0.1737,27.446,18.422,-15.204,9.72,129.33,1
36.788,17.85,2.6435,0.3659,0.208,-29.576,16.19,-16.07,33.102,138.9,1
18.583,10.178,2.2625,0.6175,0.3197,23.034,10.199,-5.6669,20.936,217.55,1
79.158,24.687,3.3296,0.1423,0.0719,89.509,71.237,17.078,13.056,209.03,1
35.003,13.398,2.5139,0.3583,0.2129,8.9336,-17.704,8.3655,26.464,148.13,1
22.08,12.613,2.3149,0.4891,0.2688,-28.583,-5.4348,-8.2889,9.168,242.71,1
51.595,15.553,2.4456,0.4409,0.224,40.561,41.877,10.21,15.23,122.35,1
94.238,21.582,3.2034,0.2041,0.1117,-65.593,88.619,17.116,1.534,294.71,1
51.094,10.927,2.7653,0.388,0.2,26.805,45.452,8.6927,11.6,220.75,1
73.359,21.924,3.258,0.2059,0.1074,63.983,64.778,-7.384,0.3152,201.32,1
28.026,21.181,2.7222,0.3261,0.1678,33.25,18.099,12.54,6.0783,137.46,1
18.822,11.938,2.3856,0.6749,0.463,10.181,20.328,-9.2552,3.2309,225.56,1
77.026,32.288,3.3502,0.3152,0.1868,-28.671,-35.946,-31.4,0.894,357.04,1
20.548,7.245,2.1319,0.7085,0.3727,-1.3137,8.2376,5.8224,66.466,59.808,1
50.009,20.772,3.0957,0.2712,0.1448,8.3385,42.965,7.0008,7.9705,139.66,1
87.65,20.914,3.3469,0.1592,0.0906,52.327,76.641,-12.982,1.7125,219.4,1
31.151,18.408,2.7284,0.3364,0.1916,19.183,-16.9,8.7123,5.1365,243.47,1
44.186,12.701,2.7835,0.3737,0.1967,43.299,17.8,5.292,2.637,199,1
33.047,18.54,2.6875,0.4476,0.2659,30.327,21.069,16.357,9.5992,168.66,1
24.004,16.385,2.5447,0.4365,0.2297,-15.269,11.41,15.807,9.1148,165.21,1
86.691,28.497,3.1885,0.2106,0.1344,77.847,67.193,-24.53,3.886,274.98,1
82.646,38.036,3.675,0.1957,0.1024,49.121,98.221,-24.319,23.511,269.81,1
74.6,18.646,3.0058,0.2585,0.1505,-129.21,59.784,13.029,2.591,231.94,1
25.6,12.942,2.4232,0.4528,0.2736,3.5181,20.254,8.3724,62.509,151.83,1
84.924,31.081,3.3531,0.29,0.1758,-16.274,-31.436,-29.802,2.532,345.58,1
78.605,16.571,3.0048,0.2156,0.1182,70.142,68.387,9.9812,1.56,237.26,1
104.39,33.575,3.9723,0.1233,0.0735,-36.193,72.151,22.965,1.7384,293.37,1
21.732,16.768,2.5079,0.413,0.2252,25.482,8.7312,-11.028,58.095,105.36,1
88.765,26.689,3.2815,0.239,0.1247,25.952,23.568,-3.1175,4.094,357.32,1
82.711,18.761,2.971,0.2288,0.1277,-3.1624,28.126,10.068,2.356,234.87,1
28.542,15.754,2.7135,0.4487,0.2408,-20.02,-26.841,-14.574,17.952,143.43,1
24.488,0,2.2683,0.7601,0.4879,22.561,19.219,0,12.595,238.29,1
48.187,18.843,3.1171,0.2528,0.1317,-49.543,3.5532,8.285,3.684,210.33,1
35.852,22.906,2.8417,0.2808,0.1433,9.9636,29.158,-16.972,17.547,119.84,1
24.557,7.3979,2.3711,0.6766,0.3426,-10.643,-8.7545,-3.0253,31.091,174.75,1
19.272,13.413,2.4241,0.5763,0.3785,2.7885,-14.915,-5.5295,17.851,189.85,1
30.99,12.66,2.6469,0.3788,0.1928,27.377,-14.201,-8.5442,28.919,169.9,1
45.677,38.559,3.4913,0.1542,0.0776,-12.967,37.063,-22.555,61.987,134.4,1
39.115,23.911,3.1608,0.2238,0.1233,12.986,30.101,13.947,4.253,118.89,1
26.495,12.53,2.3683,0.5182,0.2934,19.045,15.114,-11.597,12.583,109.59,1
25.541,14.008,2.3375,0.5471,0.3287,-12.19,-17.827,-14.287,25.655,215.57,1
66.814,20.123,3.1016,0.2517,0.1349,37.175,65.834,-12.315,2.4879,293.72,1
58.339,19.815,3.0404,0.2487,0.1262,34.506,29.865,14.049,5.4681,242.64,1
48.908,23.111,2.4807,0.3537,0.1769,-55.972,37.953,13.617,2.5147,214.19,1
61.693,20.715,3.1707,0.1903,0.1077,-14.665,35.831,-10.02,9.209,203.05,1
63.968,22.854,3.2172,0.2335,0.1186,43.884,53.604,4.0015,7.0548,259.93,1
60.869,21.94,3.3977,0.2157,0.1159,-6.5225,34.964,-15.972,0.5447,203.48,1
70.303,26.329,2.9566,0.2044,0.1033,66.203,41.264,-9.7278,6.0446,222.42,1
37.975,20.397,2.642,0.2942,0.1562,-50.699,-29.197,-16.958,84.375,221.08,1
59,20.348,3.1899,0.2273,0.1308,25.627,26.325,6.0181,2.397,234.51,1
51.383,21.049,2.9526,0.2733,0.1478,-3.3363,63.691,-9.6173,15.231,127.82,1
29.357,16.477,2.7796,0.4037,0.2301,17.404,20.887,-12.567,7.9947,213.2,1
38.343,22.701,3.1492,0.2738,0.1989,27.375,31.02,-0.7477,9.9482,214.49,1
80.187,27.854,3.8487,0.1461,0.0749,49.473,70.352,17.446,0.9381,256.71,1
53.153,17.464,2.946,0.2152,0.1104,-16.402,26.61,-13.076,9.259,220.97,1
31.738,20.119,2.7683,0.2728,0.1458,4.998,-21.186,-6.2826,1.1811,230.52,1
22.121,10.485,2.2095,0.5741,0.3302,22.151,19.217,-10.963,63.605,159.27,1
42.452,22.913,3.079,0.3927,0.2372,-30.137,16.495,-11.549,9.906,296.82,1
98.935,22.722,3.3004,0.1898,0.1134,-61.103,74.138,12.345,0.647,337.26,1
25.131,10.9,2.5045,0.5039,0.2645,3.0304,21.976,-7.423,1.668,139.47,1
29.735,23.282,2.9593,0.2603,0.1389,-13.338,21.782,-12.678,30.944,99.313,1
40.721,22.015,3.0255,0.264,0.1372,56.87,27.64,12.602,4.1303,185.59,1
33.662,25.047,2.7497,0.29,0.1468,33.467,27.084,-21.637,35.279,173.32,1
32.678,16.314,2.6425,0.3371,0.1697,-6.0921,-26.968,-12.217,19.517,180.21,1
31.839,17.672,2.8817,0.3493,0.2095,2.4429,-16.339,-15.384,3.401,160.67,1
33.915,20.741,2.7803,0.3831,0.233,14.745,18.851,12.636,5.7317,221.58,1
28.283,19.279,2.5502,0.5408,0.2972,28.872,21.354,-15.662,45.886,160.5,1
95.335,27.208,3.49,0.1641,0.0872,84.396,87.356,-9.6845,4.016,222.41,1
48.146,13.648,2.5883,0.4258,0.2619,49.974,41.462,-12.392,8.55,230.86,1
20.086,10.668,2.2718,0.6257,0.3449,-6.2312,16.879,7.0023,79.608,124.35,1
18.403,10.455,2.3598,0.5764,0.3035,23.492,9.5044,4.5771,9.228,182,1
21.537,6.9542,2.055,0.6872,0.348,-25.764,-5.2793,6.4756,5.554,209.01,1
26.43,18.759,2.9715,0.3887,0.2098,-11.258,20.269,13.936,47.592,49.405,1
88.993,37.541,3.8119,0.1587,0.0816,51.246,62.811,-17.768,3.963,354.99,1
29.145,19.324,2.7864,0.35,0.2134,19.396,13.525,11.089,7.2306,178.45,1
20.668,10.01,2.301,0.595,0.3625,-5.0729,16.135,-10.003,1.0704,102.92,1
23.929,16.042,2.3962,0.4177,0.2189,-14.038,-9.7743,11.69,60.313,158.31,1
45.807,14.775,2.3502,0.3705,0.1897,-15.121,-28.965,-15.327,58.99,172.17,1
24.684,12.108,2.4843,0.4689,0.2574,3.3214,16.762,-9.351,13.854,197.46,1
46.741,22.307,3.1256,0.2171,0.1127,17.054,37.69,18.346,8.8499,225.91,1
38.909,19.559,2.9044,0.2218,0.1115,32.973,9.7464,11.735,2.8165,183.1,1
65.834,24.308,3.3792,0.1904,0.0979,9.4571,55.701,-6.305,7.6011,215.82,1
18.896,16.451,2.3979,0.472,0.238,-0.8948,8.9047,5.9287,29.859,221.87,1
18.916,12.618,2.3512,0.5301,0.314,-1.5261,9.4734,-9.8483,17.822,46.701,1
23.049,0,2.2467,0.7365,0.4051,0,0,-11.249,70.399,77.448,1
39.605,28.193,3.3446,0.2108,0.1255,14.992,32.852,-17.888,12.061,121.06,1
52.039,18.257,3.062,0.254,0.1348,14.389,50.994,-8.9008,13.293,118.55,1
88.224,42.189,4.0097,0.1196,0.0622,13.865,77.002,-27.636,0.8714,318.37,1
71.912,12.378,2.7088,0.3539,0.2258,77.168,68.741,9.8796,1.6899,273.56,1
12.638,11.79,2.2492,0.7099,0.3577,-15.139,4.4607,11.472,67.7,213.92,1
40.416,17.715,2.7835,0.2634,0.1342,25.692,-16.524,8.8004,0.8645,235.72,1
109.43,44.327,4.2697,0.0837,0.0426,59.926,81.627,30.073,4.4983,292.97,1
83.255,52.271,3.7106,0.109,0.0548,-57.909,60.341,42.442,13.7,290.41,1
21.738,6.6071,2.1746,0.7291,0.4515,21.617,14.725,-6.5268,8.734,100,1
26.257,9.2674,2.4864,0.5416,0.2822,32.033,18.277,-6.0079,7.8637,187.98,1
21.478,19.593,2.6946,0.4444,0.2859,1.8452,17.717,-10.345,46.015,76.736,1
28.583,22.9,2.9678,0.2574,0.1513,7.1813,8.1298,9.1307,24.825,123,1
35.612,13.61,2.8354,0.3506,0.1833,-38.784,-5.1581,5.3602,6.6169,158.46,1
36.3,17.302,2.5058,0.3931,0.2387,44.19,22.305,13.989,0.2726,134.06,1
43.721,23.516,3.1587,0.2096,0.1155,38.842,28.342,10.336,7.992,146.15,1
74.914,18.595,3.1433,0.2595,0.1319,-75.867,67.868,-16.746,4.002,265.76,1
26.727,19.826,2.6345,0.3666,0.1891,-9.7836,15.264,7.7273,46.219,78.999,1
38.52,12.576,2.5011,0.4227,0.2256,-29.747,-15.686,7.071,15.629,208.05,1
40.34,26.583,3.2501,0.2064,0.1082,20.694,27.604,18.286,9.601,148.65,1
12.916,11.198,2.1599,0.7336,0.4394,14.515,-7.7258,-8.2029,87.331,165.81,1
33.29,19.066,2.8319,0.2975,0.1672,-8.9952,18.658,-10.903,14.19,215.75,1
21.584,6.7361,2.1156,0.7203,0.433,22.157,13.905,-6.4627,60.392,274.85,1
33.914,12.603,2.4616,0.38,0.2228,12.355,28.281,-9.5402,13.402,150.69,1
26.705,17.824,2.7885,0.358,0.1928,17.603,19.987,-7.1125,29.945,69.77,1
37.385,16.16,2.6618,0.4227,0.2582,32.182,21.901,-10.204,5.3907,162.86,1
26.892,11.687,2.5126,0.4977,0.2934,8.9543,16.181,-9.7225,75.669,113.66,1
24.132,16.332,2.6069,0.4351,0.2509,-2.118,-16.872,-12.246,6.1301,244.76,1
74.724,25.517,3.3375,0.1687,0.0857,52.476,57.937,-9.0161,4.5284,261.35,1
25.845,16.919,2.4133,0.4749,0.2568,17.384,-18.155,14.741,2.3506,204.49,1
65.326,22.547,3.1535,0.1812,0.1008,15.115,47.34,-13.311,31.258,135.1,1
50.384,17.034,2.6776,0.2941,0.1544,-80.943,26.932,14.615,2.566,249.6,1
202.93,37.488,3.023,0.2096,0.1048,-211.11,85.512,32.719,5.3398,267.36,1
41.82,15.167,2.7308,0.329,0.1682,-18.541,13.145,12.378,3.823,159.86,1
89.63,39.753,3.9613,0.1248,0.0635,-10.338,77.952,-10.316,4.737,321.53,1
59.415,20.773,3.0326,0.2208,0.1109,32.145,31.165,-14.449,6.807,241.74,1
34.14,24.525,2.9219,0.2406,0.143,10.877,10.949,-16.595,20.826,142.35,1
22.469,6.4046,2.2135,0.7584,0.4312,-23.351,-12.947,6.7835,18.255,165.87,1
18.25,15.333,2.3434,0.5125,0.3016,-7.7452,16.787,8.702,68.708,207.65,1
81.966,24.725,3.4122,0.1177,0.0594,64.44,57.875,6.4725,3.333,179.18,1
54.204,18.307,3.0661,0.2482,0.1541,67.324,36.072,15.647,2.9912,264.36,1
80.325,21.496,3.2792,0.2408,0.1354,28.659,-87.374,2.7815,21.509,108.85,1
42.209,17.11,2.7649,0.2801,0.1555,-19.035,27.225,12.319,50.521,35.164,1
25.267,16.002,2.7627,0.4059,0.2219,13.888,16.233,12.497,12.104,106.05,1
48.433,22.541,3.234,0.1949,0.1018,24.023,38.475,12.601,1.452,220.41,1
26.908,11.349,2.3355,0.5035,0.2656,-23.252,12.309,-11.007,34.922,167.89,1
24.781,16.304,2.5938,0.4586,0.2739,19.503,25.049,-10.752,10.733,138.15,1
50.785,17.354,2.6594,0.3308,0.1676,6.0281,29.519,-10.035,2.291,170.83,1
21.678,11.989,2.4257,0.5553,0.3133,0.9616,-6.9223,-7.1028,17.768,79.697,1
85.172,32.598,3.5616,0.2445,0.1324,9.0292,43.346,22.373,1.778,350.24,1
74.463,24.619,3.3424,0.2036,0.107,83.941,53.068,-15.988,4.1034,233.05,1
152.25,27.532,2.8166,0.267,0.1457,-101.86,-61.96,-22.248,17.072,232.04,1
33.55,23.225,3.0077,0.2436,0.1302,42.511,20.26,-16.984,37.48,151.75,1
43.48,8.6907,2.5347,0.3971,0.2117,42.586,-22.174,-5.9437,1.701,180.01,1
34.925,19.108,2.9562,0.2754,0.1455,31.77,26.958,-13.84,12.596,198.18,1
26.5,19.669,2.7435,0.2888,0.1561,-15.055,-10.963,-3.9419,66.68,54.249,1
38.751,22.219,3.1933,0.2666,0.1612,8.7684,38.905,-10.588,13.59,113.67,1
40.543,19.407,3.3382,0.2369,0.1269,29.191,27.057,-7.1243,10.064,195.6,1
95.919,24.923,3.3052,0.2273,0.1458,-26.865,58.577,-14.284,7.4375,316.12,1
32.215,15.412,2.4976,0.3752,0.1987,-14.993,13.167,-6.8748,2.9064,224.67,1
19.443,14.776,2.4273,0.5458,0.3308,-2.3428,15.627,7.9397,64.462,149.54,1
68.633,16.01,2.6484,0.3011,0.1584,-128.72,67.398,4.9406,4.3673,201.44,1
22.463,16.347,2.4609,0.4048,0.2059,-24.08,-11.193,8.6936,16.213,110.5,1
23.797,12.52,2.5403,0.4409,0.2493,-17.455,-15.097,-7.7301,4.534,161.05,1
23.818,14.097,2.5966,0.4582,0.262,-3.2693,-18.989,-8.4034,16.839,129.72,1
35.558,7.6307,2.3608,0.5229,0.3159,-28.441,-25.817,7.9966,31.498,181.84,1
21.984,11.678,2.4448,0.4991,0.2496,30.299,-9.7678,-11.257,19.937,81.971,1
80.186,15.867,2.752,0.269,0.1372,81.022,67.383,-11.356,0.487,189.19,1
17.303,10.958,2.3674,0.5966,0.3026,22.311,9.5094,5.014,50.682,195.45,1
73.044,28.8,3.6143,0.1172,0.0633,42.141,60.536,16.228,1.611,223.92,1
30.709,14.53,2.7088,0.3949,0.2317,-4.0637,-15.552,3.8274,12.343,223.29,1
27.452,9.3877,2.3355,0.5035,0.2794,32.809,19.877,-6.1458,31.645,119.2,1
25.672,11.121,2.6053,0.4963,0.3263,-5.0368,-21.301,11.241,2.303,144.53,1
21.555,12.03,2.4224,0.552,0.3195,-0.9938,7.559,-6.7381,45.483,129.02,1
93.306,37.847,4.0093,0.1059,0.0546,17.869,77.124,-31.038,1.7696,322.35,1
61.596,20.468,3.3757,0.1848,0.0987,58.028,49.775,-10.635,0.488,213.8,1
39.435,15.933,2.6977,0.3109,0.1595,-7.0642,9.5358,-8.3829,24.302,179.26,1
31.366,9.3207,2.2889,0.4524,0.2339,8.6344,23.001,-9.2736,64.397,99.07,1
39.65,18.709,2.8606,0.2633,0.1371,-27.144,-26.53,-7.481,3.3533,211.34,1
55.548,18.938,3.2303,0.2124,0.1068,26.767,45.848,7.1053,5.806,235.64,1
24.538,12.986,2.6498,0.5196,0.2654,-3.2243,18.245,-3.7343,28.087,198.54,1
25.124,12.225,2.4091,0.5419,0.3177,15,10.924,-11.895,22.232,165.17,1
31.733,15.954,2.8494,0.3451,0.2058,2.5837,-16.884,-9.8866,7.755,152.18,1
22.036,15.05,2.6096,0.5135,0.274,-8.6943,-19.105,-13.151,70.916,32.899,1
21.248,9.4189,2.3263,0.684,0.4175,-19.591,-19.556,-11.488,32.321,141.39,1
51.625,20.097,3.089,0.391,0.2456,-42.767,-15.598,-17.878,8.0796,285.74,1
18.704,16.43,2.3355,0.5219,0.2794,10.772,18.581,-11.678,58.345,154.05,1
24.504,15.926,2.5205,0.4223,0.2247,-9.5675,-18.929,-6.0403,12.076,104.38,1
74.92,34.134,3.2011,0.1259,0.0645,-24.012,-24.04,29.244,15.525,238.68,1
27.354,20.329,2.7683,0.3018,0.1594,20.801,-6.9402,-9.784,1.824,97.765,1
27.975,15.99,2.6547,0.392,0.2027,-34.822,-23.147,-16.703,10.163,134.05,1
43.441,16.903,2.88,0.2254,0.1206,31.634,27.947,-4.7019,4.149,190.34,1
22.266,12.664,2.4273,0.4972,0.2785,-27.126,-12.534,9.363,28.109,179.73,1
44.274,28.94,3.0641,0.1596,0.0798,12.39,-30.067,16.711,14.155,170.78,1
87.509,31.953,3.2285,0.1997,0.1191,-15.537,44.885,18.894,10.732,310.7,1
47.295,17.939,3.0137,0.251,0.141,34.604,39.917,-9.2887,9.3398,230.83,1
27.348,17.796,2.6149,0.4175,0.2585,5.7333,11.468,15.144,18.766,130.22,1
42.996,18.704,3.3051,0.2452,0.1394,1.5345,19.996,-10.999,2.045,198.22,1
82.056,31.918,3.4785,0.2785,0.1739,27.188,39.52,17.733,2.2334,367.05,1
17.233,10.665,2.3522,0.6311,0.3622,19.981,11.464,4.4098,35.77,182.73,1
54.908,23.341,3.3212,0.1943,0.1196,25.6,49.329,16.133,2.224,205.56,1
77.866,24.614,3.5713,0.183,0.1016,55.272,73.988,-20.764,0.011,252,1
17.99,10.58,2.42,0.6008,0.3175,22.437,10.265,5.0396,51.054,116.02,1
71.251,26.758,3.8233,0.1555,0.0785,-0.6803,57.957,-13.24,1.5906,244.68,1
48.52,13.65,2.6405,0.4416,0.2346,32.387,41.282,4.732,14.583,124.93,1
56.324,17.915,2.9829,0.2319,0.1232,53.719,42.196,-9.8077,0.189,263.61,1
81.871,37.957,3.9073,0.1015,0.0537,-65.47,71.147,20.716,0.227,260.36,1
21.095,11.073,2.3424,0.6,0.3477,19.953,19.923,-10.977,10.925,148.03,1
23.649,12.916,2.4983,0.5016,0.3508,-4.1532,-19.955,9.3018,37.039,129.89,1
27.951,19.63,2.8149,0.3262,0.1708,14.159,14.128,-13.123,18.513,147.13,1
25.961,7.8345,2.2529,0.6592,0.3436,-15.096,-16.713,5.9783,36.498,192.79,1
28.906,13.28,2.527,0.4577,0.2808,-13.149,-16.816,9.4613,6.021,169.91,1
101.94,34.762,3.1952,0.1397,0.0705,-76.614,62.568,34.709,0.385,279.69,1
76.684,20.154,3.0913,0.2812,0.1827,-17.936,58.574,14.996,9.064,314.58,1
41.008,12.212,2.6656,0.3866,0.2171,-11.07,-29.243,6.7442,11.243,165.26,1
110.55,26.697,3.4345,0.2052,0.1035,-53.28,39.111,-21.593,0.0031,307.39,1
65.079,29.453,3.307,0.183,0.093,-14.496,-33.617,-20.589,2.7999,252.38,1
12.35,12.14,2.0588,0.6725,0.345,17.018,-10.711,0.968,0.014,120.94,1
12.921,11.355,2.2266,0.7418,0.3887,-15.035,5.4948,-11.598,84.147,71.237,1
21.915,8.6035,2.3483,0.6457,0.352,4.4364,-15.71,10.735,9.7889,113.03,1
35.877,20.424,2.8558,0.2495,0.1415,22.65,25.208,6.8881,3.348,129.84,1
17.592,10.648,2.3729,0.6229,0.3369,-21.263,-10.872,5.2913,20.982,225.74,1
103.02,14.642,2.8142,0.3819,0.1956,77.478,96.572,9.2953,19.43,277.16,1
27.352,12.902,2.4829,0.4178,0.2484,5.299,20.811,-8.3683,3.4856,188.04,1
80.366,24.087,3.1041,0.1943,0.1286,45.178,56.488,-16.517,0.0753,212.2,1
31.844,21.365,2.5302,0.3156,0.1578,27.029,-14.566,-19.873,5.475,106.42,1
67.442,32.884,3.5049,0.1335,0.0699,78.163,61.092,-27.965,11.61,188.4,1
38.512,25.063,3.1612,0.2063,0.1073,34.919,20.748,-13.863,3.7331,124.61,1
55.732,14.321,2.6994,0.4456,0.3167,10.985,47.054,8.8235,3.4037,220.98,1
67.637,27.373,3.4867,0.2348,0.1335,45.209,90.079,13.437,15.208,199.33,1
29.11,17.119,2.7376,0.3952,0.226,-15.798,-22.677,11.687,9.8315,211.82,1
23.793,19.999,2.7247,0.3883,0.1989,-19.823,-11.625,12.695,33.437,128.06,1
28.841,10.38,2.404,0.5089,0.2978,3.7736,22.771,7.15,34.518,141.22,1
88.573,16.179,2.7952,0.2885,0.145,65.135,82.717,-12.027,2.634,279.83,1
87.478,25.34,3.1119,0.1971,0.1047,-97.866,41.699,-18.643,1.993,263.91,1
99.774,25.745,3.5619,0.1722,0.1063,-71.896,85.681,12.251,0.447,289.77,1
22.648,0.0056,2.2,0.8139,0.4574,21.861,17.903,0,0,111.86,1
78.436,23.498,3.5105,0.2473,0.1736,-52.337,43.352,-12.106,0.26,288.84,1
12.905,11.2,2.0986,0.7251,0.4422,-14.487,7.9081,5.4565,47.135,126.96,1
92.906,38.114,3.9986,0.132,0.0684,-21.35,65.013,-21.519,0.21,319.26,1
20.249,15.16,2.4183,0.5038,0.2805,-1.5958,-5.408,10.562,21.33,207.68,1
17.737,16.782,2.6015,0.5131,0.2941,22.058,6.1825,-11.764,12.131,206.94,1
50.42,22.455,2.9085,0.2877,0.1488,8.8663,41.699,-16.041,4.294,278.76,1
33.353,14.59,2.7459,0.3465,0.1948,37.764,-19.574,-8.9308,12.837,112.08,1
78.731,32.761,3.1654,0.1988,0.1042,-109.96,51.257,-28.236,3.208,332.15,1
64.41,22.592,2.9162,0.2171,0.117,-49.896,-37.296,-12.624,8.0335,156.89,1
44.903,20.039,3.1555,0.2412,0.1451,6.1555,26.713,-7.4629,9.599,239.21,1
105.09,45.506,4.1631,0.0823,0.0423,19.159,80.965,23.377,1.333,293.51,1
19.762,16.005,2.5079,0.4379,0.2252,-1.3908,11.621,-6.6365,10.348,147.23,1
24.65,16.286,2.527,0.3774,0.1917,9.3793,12.985,-8.6052,50.738,139.63,1
77.867,21.991,3.3466,0.1751,0.0939,40.1,73.206,13.38,2.451,220.07,1
21.88,10.475,2.3304,0.5514,0.2874,-4.0001,16.745,7.699,7.041,125.94,1
21.227,7.0072,2.1055,0.7059,0.3804,-23.864,-11.044,-6.2892,24.434,262.64,1
69.499,15.385,2.5004,0.5308,0.2923,59.241,60.397,-6.5562,4.266,255.81,1
33.5,16.315,2.6232,0.3738,0.2155,44.137,19.918,14.882,6.972,182.1,1
12.632,11.793,2.1508,0.7067,0.371,-15.708,8.2303,-10.749,13.857,195.68,1
57.467,21.332,3.2991,0.2069,0.1077,35.319,42.775,9.0658,4.5769,261.86,1
62.939,23.099,3.1787,0.2916,0.1839,-45.718,45.992,20.293,4.9252,285.26,1
60.879,28.961,3.6802,0.1328,0.0736,18.365,8.721,-18.764,1.525,185.08,1
22.459,0.0025,2.1833,0.7475,0.4361,1.7705,-10.295,0,8.855,168.78,1
21.208,15.444,2.4518,0.4417,0.2668,24.432,13.217,9.4113,0.0354,155.15,1
20.921,12.745,2.3627,0.4729,0.2451,27.488,10.257,-8.1419,1.19,146.97,1
50.133,20.771,2.9206,0.4262,0.2695,-9.486,42.425,10.372,2.0888,331.65,1
46.579,18.729,2.658,0.3626,0.1857,69.159,-34.091,-17.652,9.2336,173.75,1
68.465,18.373,3.0461,0.2689,0.1362,16.259,64.445,-15.009,6.348,249.81,1
22.733,9.3162,2.3284,0.6244,0.3639,22.88,18.734,-11.203,36.461,204.18,1
18.974,7.306,2.2214,0.7988,0.4474,4.5969,-10.032,2.913,28.152,97.662,1
30.113,12.373,2.6604,0.3628,0.2,29.289,18.721,8.6098,23.856,202.59,1
20.897,12.415,2.4564,0.7448,0.3759,0.8771,17.494,-8.7008,17.735,178.93,1
19.724,11.999,2.2833,0.6563,0.4193,10.298,20.551,6.8192,60.397,95.417,1
25.613,15.029,2.5289,0.5089,0.324,-20.285,-16.763,-5.7584,1.0356,99.603,1
98.821,33.509,3.5002,0.1511,0.077,-65.828,86.588,-25.984,9.008,277.14,1
41.417,12.687,2.8202,0.3162,0.1581,23.321,25.351,7.9122,3.9349,154.44,1
55.106,44.622,3.5842,0.1469,0.0767,27.156,45.652,-28.703,1.1528,52.141,1
31.603,16.722,2.8215,0.3213,0.1667,19.523,9.6838,-8.9988,2.102,178.05,1
34.9,16.001,2.827,0.3619,0.1839,7.1256,16.273,6.9719,11.545,214.49,1
35.639,15.658,2.8722,0.3195,0.2007,29.284,24.44,5.8585,20.924,60.418,1
44.361,19.981,3.0812,0.2124,0.1091,49,35.514,9.8992,3.7502,100.4,1
20.134,7.3341,2.1599,0.7197,0.3979,-1.244,7.6737,5.4455,57.56,147.57,1
27.683,19.547,2.6542,0.2971,0.1608,15.549,-9.2544,-11.999,17.02,104.3,1
36.672,17.695,2.7462,0.3013,0.1677,15.548,30.441,11.026,2.1511,135.32,1
63.584,24.081,3.2086,0.2041,0.1067,0.3789,74.087,8.1792,0.0608,182.77,1
21.788,9.9614,2.3139,0.5874,0.3228,-2.3395,14.982,8.5358,38.68,191.45,1
29.534,19.224,2.608,0.3822,0.201,5.7901,13.453,14.565,66.751,102.96,1
17.447,11.027,2.2068,0.5466,0.2764,-23.56,-8.3904,-0.2059,56.19,144.42,1
38.38,19.665,2.772,0.2705,0.1462,29.102,27.152,-16.278,8.548,196.3,1
24.905,15.569,2.5557,0.42,0.2573,16.995,15.342,10.696,12.967,198.52,1
46.38,11.024,2.6613,0.3751,0.2017,41.577,41.457,-5.4594,5.6712,258.73,1
18.894,12.98,2.3918,0.5152,0.2657,-15.187,-6.8158,-5.1445,9.9795,199.05,1
42.501,16.731,3.065,0.2833,0.1468,23.085,26.017,13.729,0.292,205.46,1
29.33,13.704,2.4362,0.4432,0.2326,1.8658,27.734,-3.3089,19.395,160.6,1
32.705,8.2409,2.3493,0.519,0.2841,15.028,-10.699,9.3324,5.2825,224.76,1
41.57,15.296,2.9479,0.407,0.2351,34.843,35.731,-6.2601,1.109,143.04,1
23.916,15.709,2.6279,0.4876,0.2509,-29.023,-19.127,13.284,68.078,70.597,1
18.434,7.4759,2.1287,0.7732,0.4944,1.6194,-5.8546,0.5699,52.881,125.61,1
13.168,10.866,2.1804,0.7723,0.4191,-14.56,3.1062,11.672,7.8457,196.08,1
31.945,16.259,2.88,0.3401,0.1931,24.548,16.195,-9.9875,1.2725,211.95,1
30.309,29.146,3.083,0.2313,0.1161,21.464,21.618,-22.958,34.524,128.22,1
75.084,19.383,3.2955,0.234,0.1264,66.478,64.26,15.733,1.2947,233.19,1
68.996,16.359,2.8007,0.3244,0.1938,26.771,70.25,-4.4205,6.3649,237.73,1
50.528,39.348,3.6396,0.1321,0.0675,27.741,42.573,33.366,6.658,107.84,1
47.934,26.906,3.1425,0.2189,0.1329,51.352,30.758,-13.795,25.869,169.83,1
44.253,15.648,2.7197,0.4023,0.2336,18.625,39.597,6.29,7.6218,169.22,1
27.821,12.946,2.6679,0.4447,0.246,7.662,-19.966,11.753,22.88,126.28,1
24.597,15.246,2.48,0.4007,0.2103,-16.192,-9.2247,-1.2889,27.656,168.03,1
96.707,32.071,3.9526,0.1296,0.0652,-40.019,76.084,17.69,0.849,288.85,1
20.3,7.3111,2.1383,0.7055,0.3891,-0.6513,6.3146,-5.6148,89.765,110.84,1
38.484,10.112,2.4594,0.4549,0.2552,43,27.752,8.239,11.987,193.96,1
115.21,70.219,4.4222,0.0576,0.029,19.18,87.624,-58.396,12.628,252.04,1
24.832,9.1005,2.4921,0.5862,0.3494,-6.3235,-11.451,-2.7892,4.5268,175.64,1
80.117,22.572,2.9713,0.2041,0.1063,-82.072,70.564,15.78,3.4486,274.86,1
17.578,10.623,2.4133,0.61,0.3494,20.766,11.33,3.5961,26.03,138.25,1
24.266,15.435,2.2822,0.4804,0.2742,-6.2645,-12.892,11.238,6.918,172.34,1
20.209,11.693,2.2672,0.6,0.3486,-11.132,-19.7,-6.6026,82.557,102.13,1
20.598,15.507,2.4983,0.4794,0.2556,-0.9829,-7.6701,10.835,9.4546,166.39,1
52.882,19.825,2.9063,0.3859,0.2599,37.669,53.911,-14.723,14.785,275.45,1
84.808,23.308,2.9496,0.2796,0.1488,-84.877,54.959,-25.765,1.9931,245.72,1
23.214,18.087,2.4191,0.3276,0.1657,-11.524,7.7459,-15.011,47.279,99.549,1
21.268,6.9341,2.0626,0.7186,0.4026,-22.991,-12.467,6.3003,86.497,130.3,1
42.904,21.107,2.8567,0.1975,0.1036,-27.502,31.563,11.533,6.0417,247.53,1
19.306,13.068,2.4764,0.5876,0.3556,6.0243,-16.007,-2.972,89.333,155.39,1
46.258,38.107,3.4098,0.1919,0.0987,41.493,37.493,36.435,14.769,124.63,1
31.372,16.529,2.9952,0.3387,0.1704,-8.0811,-20.018,-2.3113,4.2561,174.88,1
46.742,20.156,3.0819,0.207,0.1147,48.1,24.863,-15.503,14.283,214.5,1
43.849,15.315,2.6613,0.362,0.2454,19.102,32.031,9.3811,9.1753,109.13,1
104.42,54.866,4.2023,0.0709,0.0362,65.112,83.092,48.127,1.29,247.23,1
23.541,10.939,2.4409,0.6558,0.3569,17.029,18.962,-6.908,34.667,188.07,1
73.012,26.076,3.5765,0.1639,0.0929,35.263,71.232,19.313,8.1473,203.57,1
20.682,7.2216,2.055,0.696,0.3656,-0.7822,7.0295,-5.9361,23.449,140.25,1
13.352,10.341,2.1833,0.8,0.4557,-13.865,-5.7115,-11.585,38.009,66.07,1
66.823,25.618,3.008,0.3368,0.2185,0.4449,23.293,22.386,5.1143,342.28,1
77.895,32.477,3.494,0.1667,0.0877,-56.641,41.819,-13.139,5.47,285.28,1
31.909,0,2.2577,0.5635,0.2901,0,0,18.032,81.569,177.19,1
40.062,17.247,3.0088,0.3332,0.1935,15.582,36.71,9.8772,3.265,225.94,1
53.158,16.125,2.9617,0.2425,0.1262,-4.5017,-39.766,4.0484,16.39,178.78,1
33.399,8.0634,2.3212,0.5107,0.3031,2.2708,-14.577,-1.9102,0.039,212.27,1
43.346,19.744,2.8546,0.2362,0.1307,-83.746,34.118,-11.938,2.039,257.54,1
48.107,19.547,2.86,0.3368,0.1746,33.664,49.895,-7.6822,5.884,229.41,1
32.755,20.006,2.8558,0.3331,0.1735,4.8915,-31.981,-11.482,2.2496,221.21,1
39.641,31.025,3.0267,0.1693,0.087,-0.4115,29.839,18.808,25.219,135.89,1
36.564,16.233,2.9682,0.3206,0.1856,3.9841,19.832,-8.438,6.074,185.93,1
95.535,16.219,2.6128,0.5366,0.2817,-16.481,-74.684,15.103,6.552,344.89,1
98.142,24.483,3.1469,0.1918,0.1023,-117.47,71.599,-8.0839,3.917,266.08,1
12.683,11.697,2.1351,0.696,0.3919,15.798,-9.6666,0.5806,53.022,112.66,1
20.958,12.03,2.5521,0.5582,0.324,-19.477,-14.015,-7.4991,5.271,197.46,1
20.686,7.1638,2.1222,0.7245,0.366,23.795,10.661,5.9074,18.85,187.64,1
74.852,17.973,2.7924,0.2597,0.1589,77.985,50.834,-10.346,12.006,227.85,1
76.701,15.024,2.7871,0.3184,0.1673,-5.2809,-26.887,-10.893,4.783,253.84,1
22.299,10.18,2.233,0.5848,0.3304,22.719,18.837,-11.04,71.198,180.76,1
77.656,37.488,3.4837,0.2459,0.1624,-2.7498,51.518,-24.559,1.213,358.41,1
109.71,27.999,3.0436,0.2198,0.1199,88.475,94.822,-15.306,2.929,276.16,1
25.484,16.031,2.6165,0.4111,0.243,-9.4206,-5.492,-9.5995,25.723,229.14,1
16.356,11.451,2.3385,0.6009,0.3417,3.2525,-7.0922,-6.4429,55.451,224.78,1
70.3,25.983,3.7191,0.195,0.1112,45.794,76.135,17.933,0.519,262.13,1
18.426,10.357,2.2304,0.6,0.3029,-23.559,-9.3884,5.5536,37.882,236.64,1
58.09,14.472,2.7029,0.3171,0.1596,-55.853,31.867,6.0334,12.682,302.8,1
19.636,12.388,2.5085,0.5147,0.2899,-2.3373,8.4414,9.9707,6.3074,165.48,1
53.528,36.526,3.6064,0.1995,0.116,18.544,53.703,22.035,31.16,122.89,1
78.998,21.607,3.2317,0.2299,0.1152,22.074,79.841,19.79,6.8605,262.29,1
21.27,15.283,2.4314,0.437,0.2241,25.757,6.2083,-9.9355,54.769,45.136,1
69.769,25.392,3.5462,0.1493,0.0758,22.986,45.792,5.0006,0.4249,230.53,1
29.491,15.974,2.3729,0.3814,0.214,19.054,27.768,8.4907,25.403,134.16,1
77.818,27.401,3.7514,0.1469,0.0798,37.288,71.672,18.031,7.111,202.14,1
33.568,17.993,2.8007,0.3117,0.1764,24.04,24.528,-9.1098,33.054,110.18,1
49.684,12.97,2.6425,0.3964,0.2039,-8.8811,35.086,-5.5634,10.479,205.09,1
23.997,16.273,2.8609,0.4077,0.2252,9.4302,16.469,-9.2041,25.422,189.42,1
38.445,14.006,2.5459,0.293,0.1835,-0.4145,8.1759,5.3335,7.8286,196.26,1
78.936,30.75,3.5039,0.2899,0.16,2.5897,42.34,10.38,1.3658,333.07,1
37.983,28.977,3.5798,0.2066,0.107,22.162,25.518,7.5286,14.486,102.87,1
66.169,26.093,3.5089,0.2091,0.1281,55.04,63.435,-14.473,1.9943,185.91,1
25.43,9.634,2.3086,0.5209,0.3022,-12.167,14.049,5.0071,70.247,107.39,1
33.018,13.298,2.4843,0.482,0.2475,16.982,18.642,7.6962,31.892,185.18,1
37.073,19.006,2.9006,0.2313,0.1201,4.5659,22.914,-9.098,20.799,183.39,1
17.398,7.4426,2.1861,0.7948,0.5505,-1.2438,-2.5568,4.5061,26.76,235.81,1
69.885,15.596,2.6642,0.3489,0.1939,60.268,51.493,-10.374,0.9472,269.8,1
31.187,16.253,2.5347,0.4438,0.2964,22.216,18.777,14.99,3.3099,152.94,1
19.783,11.308,2.3683,0.5996,0.4218,0.8332,-6.9815,-4.9604,40.206,256.54,1
100.53,42.896,2.871,0.2194,0.1178,19.493,50.543,-39.034,1.9948,286.3,1
68.576,24.778,3.343,0.1602,0.081,55.305,60.022,-15.422,9.748,86.552,1
56.716,10.283,2.6762,0.3646,0.1886,58.202,31.828,-1.008,1.5847,162.16,1
22.409,6.5297,2.1569,0.7456,0.3937,-24.928,-9.4822,6.7907,34.606,220.91,1
20.061,12.336,2.4495,0.5329,0.2682,17.191,13.488,7.8105,5.825,165.16,1
20.065,16.594,2.6857,0.4309,0.232,29.695,-12.029,-12.224,5.373,245.47,1
98.894,45.517,3.9102,0.1345,0.0677,28.593,55.454,-26.991,2.727,353.65,1
34.969,18.383,2.596,0.3701,0.1888,-34.154,20.776,17.999,17.804,126.9,1
44.399,19.097,3.1239,0.291,0.1568,38.165,33.728,10.743,5.818,218.79,1
20.821,10.366,2.2577,0.5746,0.3343,-5.8125,16.963,9.8039,3.8562,161.48,1
65.89,19.116,3.123,0.2546,0.1307,-43.805,54.801,13.471,0.2752,296.43,1
43.791,17.394,2.7135,0.3114,0.1809,28.994,37.403,15.201,3.101,238.18,1
26.588,11.272,2.5729,0.4679,0.3115,-5.83,-22.386,10.847,14.237,129.82,1
40.715,29.3,3.036,0.2163,0.1201,-7.9783,-28.452,24.65,6.3965,218.59,1
47.703,16.712,2.8119,0.2837,0.1534,86.468,-40.603,7.298,2.9976,137.09,1
35.953,31.511,3.3495,0.2482,0.1241,20.624,33.42,-7.8103,12.941,74.464,1
21.703,6.8875,2.07,0.6979,0.3532,-25.77,-5.2903,6.5541,10.758,105.96,1
71.806,31.339,3.4378,0.2054,0.1159,-41.29,61.863,32.375,7.0849,321.93,1
21.442,14.666,2.4631,0.5473,0.2978,29.847,-14.675,-7.4522,9.9314,196.48,1
25.604,16.102,2.6799,0.3678,0.1912,-4.3692,9.8804,9.9835,10.268,135.07,1
20.15,7.2931,2.2292,0.7375,0.3923,2.4711,-9.7153,-5.4224,28.569,147.57,1
75.384,39.609,3.5638,0.1742,0.1014,50.869,76.705,34.101,10.522,216.03,1
28.518,15.527,2.6186,0.3995,0.213,-4.1106,20.494,-10.604,15.767,235.79,1
48.091,21.042,2.8231,0.263,0.148,56.58,39.477,-16.565,3.2173,243.95,1
45.916,17.689,3.0269,0.2218,0.1114,16.624,-31.582,7.998,6.3431,198.7,1
17.498,16.415,2.4757,0.5351,0.3428,13.058,14.111,10.522,21.601,117.83,1
28.769,12.897,2.7181,0.3713,0.2115,-1.6653,16.718,7.409,1.9751,208.34,1
36.18,20.249,2.8814,0.2838,0.1689,-1.7501,20.78,10.541,22.233,27.895,1
21.397,18.257,2.73,0.4302,0.2374,10.68,11.053,-12.82,85.564,100.56,1
21.138,7.0219,2.2188,0.713,0.3837,23.612,11.392,-6.2296,34.906,158.88,1
27.037,20.157,2.8089,0.3758,0.2508,10.165,20.225,14.887,10.628,207.96,1
30.578,16.293,2.9358,0.4046,0.2301,15.225,-13.35,-11.657,5.5419,164.46,1
18.657,9.814,2.3909,0.6301,0.3598,-0.7357,5.8616,6.4813,6.9844,234.69,1
22.011,12.129,2.4074,0.5284,0.3112,27.036,8.5555,7.7021,17.602,183.08,1
19.088,14.973,2.6112,0.5361,0.3244,19.021,18.972,4.8495,57.598,191.41,1
45.673,13.77,2.5599,0.4711,0.2769,38.519,39.544,8.6794,0.762,175.78,1
49.615,25.758,3.2715,0.2151,0.1292,52.337,49.372,-12.677,1.3872,239.75,1
29.083,14.813,2.5982,0.4489,0.261,3.792,-17.328,-6.2019,7.9405,200.67,1
62.716,24.211,3.2374,0.1887,0.1132,21.941,50.195,-16.368,11.196,102.01,1
19.738,17.228,2.4997,0.5158,0.2927,1.8435,-13.127,-11.706,6.8428,214.8,1
41.027,19.242,3.1433,0.2301,0.1355,-9.0591,-22.522,9.471,11.521,201.97,1
34.204,20.51,2.8373,0.3055,0.1535,24.868,16.343,19.633,4.072,263.12,1
133.17,23.76,3.0356,0.269,0.146,107.82,133.25,-18.539,4.2004,238.26,1
32.112,13.26,2.4654,0.4726,0.2723,13.83,15.323,-10.267,31.511,90.221,1
25.154,16.157,2.6484,0.3865,0.2393,4.6969,21.204,8.4416,23.479,159.54,1
70.962,27.539,3.032,0.275,0.1649,24.594,55.06,27.296,12.128,254.07,1
47.57,13.387,2.7853,0.2951,0.1648,-69.794,22.537,4.4099,3.654,219.48,1
32.117,8.6703,2.5581,0.5367,0.3223,38.633,17.878,11.255,12.355,253.28,1
44.85,18.474,2.9863,0.2054,0.1078,-15.698,-15.98,-4.3948,11.162,181.3,1
117.99,11.222,2.8248,0.4746,0.2597,-92.254,-76.636,2.6605,1.3389,389,1
27.517,20.336,2.7631,0.3848,0.2114,-11.069,21.453,-17.833,44.612,152.29,1
26.624,11.844,2.5563,0.4194,0.2208,7.3868,17.682,11.307,5.2526,143.83,1
66.623,18.438,3.2647,0.1859,0.1014,48.571,50.389,-14.518,2.2166,227.11,1
24.313,12.095,2.3874,0.4221,0.2561,-10.07,-8.7859,-7.1759,7.161,198.65,1
21.288,11.49,2.4771,0.6167,0.4117,-13.26,-20.501,-8.1759,14.948,186.38,1
36.597,13.575,2.5888,0.3711,0.2204,34.82,18.799,-7.6555,17.133,187.18,1
26.923,9.8339,2.4778,0.5424,0.3012,-3.6306,-18.145,7.8116,5.887,133.77,1
20.636,10.701,2.2601,0.6264,0.3159,16.465,17.313,3.969,2.0956,124.36,1
81.823,25.566,2.8069,0.2855,0.149,99.133,63.92,14.32,12.441,250.15,1
83.992,35.583,4.1208,0.0997,0.0503,-6.8068,70.162,-22.646,2.012,252.97,1
58.967,14.941,3.0661,0.2799,0.1636,45.86,26.754,-12.749,11.591,213.63,1
38.853,13.501,2.8531,0.3198,0.1718,45.961,-14.523,-7.8146,4.604,212.39,1
31.084,26.467,3.1676,0.3236,0.1751,-0.5327,22.743,16.453,22.671,31.762,1
52.728,29.7,3.2543,0.1269,0.0643,2.6595,26.062,-11.019,8.2437,134.18,1
119.52,39.652,4.0179,0.1129,0.0586,133.78,106.17,-15.309,1.6234,300.86,1
31.921,16.767,2.6566,0.3837,0.2348,3.7913,21.017,3.4354,3.045,249.38,1
66.957,40.317,4.1294,0.0827,0.0424,62.768,44.285,-22.515,3.996,181.43,1
147.9,28.182,2.5664,0.3446,0.1832,135.7,78.615,11.714,11.871,224.66,1
23.861,10.392,2.3454,0.5192,0.2641,7.2276,16.803,-6.3336,26.583,107.71,1
80.822,27.33,3.3308,0.2689,0.1632,-34.726,-39.172,-15.643,1.29,294.87,1
86.085,32.287,4.0077,0.1126,0.0604,63.218,78.521,-18.379,1.312,250.59,1
24.962,12.671,2.5843,0.5286,0.3789,19.189,11.491,6.4666,8.131,127.43,1
21.712,14.966,2.5966,0.4734,0.2823,-9.7678,-11.091,11.041,64.908,141.3,1
12.97,10.999,2.2109,0.7446,0.4585,14.027,-6.6894,8.2655,28.599,208.32,1
52.488,15.435,2.6749,0.3425,0.2125,46.327,50.526,-10.967,26.044,233.08,1
12.425,12.056,2.0881,0.6857,0.3469,15.696,-7.2782,10.991,60.148,150.49,1
45.971,14.356,2.4014,0.369,0.1845,28.547,17.538,10.209,30.039,184.93,1
33.281,19.501,2.9405,0.2982,0.1898,31.256,23.35,-9.5882,48.571,132.19,1
37.25,32.091,3.0158,0.1803,0.0931,34.52,9.8693,-12.182,21.498,14.023,1
25.916,21.716,3.1174,0.3342,0.1744,-0.1817,18.963,10.388,62.395,56.36,1
54.869,21.645,3.4661,0.188,0.1055,35.936,46.277,7.7807,4.447,215.52,1
107.4,28.104,3.3481,0.1521,0.0873,96.646,110.19,-15.466,15.361,226.94,1
76.198,30.414,3.7005,0.1578,0.082,68.844,69.542,-21.041,5.1838,224.98,1
65.049,20.409,3.1836,0.2333,0.1268,-64.238,42.366,-13.017,9.9495,262.64,1
27.317,17.959,2.6794,0.3515,0.181,40.445,-3.289,-15.819,19.206,176.35,1
112.01,49.989,4.3177,0.0718,0.0387,-66.078,86.875,25.931,2.6087,295.84,1
87.987,15.864,3.1995,0.2293,0.1248,-54.635,79.066,-11.93,1.912,275.48,1
67.414,20.567,2.7973,0.2504,0.1252,59.793,49.947,-15.957,2.6347,215.59,1
28.511,18.903,2.7181,0.3005,0.1541,-8.6799,-18.741,9.2831,9.4671,201.21,1
23.622,10.076,2.2227,0.5689,0.2844,25.872,17.267,10.368,2.819,222.86,1
79.018,18.898,2.8055,0.3099,0.1557,31.059,69.984,-7.8861,9.0533,221.66,1
30.758,18.855,2.76,0.3162,0.159,-44.067,-20.742,-17.113,0.5636,110.64,1
23.997,9.9398,2.5179,0.5038,0.2838,-18.593,15.905,5.22,7.9618,169.43,1
18.757,15.379,2.6474,0.473,0.2917,-2.8784,6.5901,5.7708,10.657,47.631,1
19.931,12.88,2.2799,0.4987,0.3071,14.485,13.62,-2.5967,28.38,240.81,1
44.395,11.071,2.6744,0.3852,0.2317,35.888,32.615,10.914,1.465,185.66,1
54.078,19.618,2.9125,0.3095,0.1939,-46.932,36.155,-15.874,7.4712,280.89,1
32.186,15.934,2.5966,0.4101,0.2165,-0.2451,19.136,7.6402,4.803,130.96,1
26.97,17.561,2.5192,0.3661,0.2012,4.9367,-22.693,14.334,22.521,209.37,1
19.435,7.3353,2.1717,0.7744,0.4276,-3.6794,10.05,-4.3598,60.218,136,1
22.151,10.632,2.1847,0.5359,0.2712,-16.175,-17.362,-7.8555,48.964,77.283,1
36.795,12.683,2.6395,0.3761,0.2076,-3.8228,-29.279,-9.7899,6.47,242.67,1
86.268,24.806,3.4229,0.1964,0.1157,-65.865,82.361,18.185,2.42,295.42,1
21.593,12.115,2.4338,0.5193,0.2744,-28.915,9.924,7.1984,3.6518,108.76,1
30.586,18.09,2.7616,0.3584,0.2121,33.17,-6.9094,12.263,12.329,193,1
102.36,37.04,3.9079,0.1534,0.0855,-44.732,-47.776,-18.505,0.709,341.04,1
95.146,41.028,4.0712,0.1013,0.0511,61.454,74.687,19.107,0.3662,299.57,1
56.63,20.78,2.8848,0.339,0.1701,-46.306,-25.378,11.039,4.1871,291.69,1
86.612,18.347,2.9085,0.2802,0.1414,34.562,87.605,-16.571,2.7047,272.88,1
19.534,7.4326,2.1717,0.7273,0.4343,-0.6138,5.5237,-4.7598,25.883,115.52,1
76.099,18.755,2.8639,0.3461,0.2209,-90.721,-52.015,-19.577,3.46,271.43,1
44.618,12.913,2.9292,0.3096,0.1913,11.41,29.167,7.3014,10.913,257.7,1
40.52,9.3271,2.4601,0.5615,0.3484,39.488,34.215,5.4705,0.8525,195.31,1
20.31,9.309,2.238,0.6127,0.3266,-24.931,-8.3896,2.932,33.547,219.15,1
21.892,6.6859,2.2776,0.723,0.4195,23.075,12.914,6.6104,1.5218,75.041,1
51.633,21.246,2.894,0.2246,0.1257,38.313,33.316,15.504,8.545,243.99,1
13.074,10.796,2.1569,0.7666,0.4634,-13.788,4.2008,-10.296,23.504,47.791,1
17.583,12.361,2.4338,0.6593,0.3554,14.933,14.739,-5.3914,48.937,183.95,1
31.34,14.652,2.433,0.4649,0.2528,41.22,-10.472,-9.8194,3.951,196.81,1
22.23,6.6382,2.1351,0.7326,0.3773,-25.43,-7.5537,-6.7472,24.114,171.81,1
13.086,10.298,2.2368,0.7884,0.513,12.588,6.5421,9.7166,77.978,31.679,1
47.083,34.001,3.4933,0.1622,0.083,33.911,32.882,20.927,2.4381,93.915,1
27.665,17.404,2.7046,0.383,0.2063,-0.4726,14.022,12.919,3.5068,182.33,1
12.74,11.617,2.0434,0.7149,0.3937,15.522,-8.7786,9.7171,29.266,228.3,1
18.131,7.4821,2.1746,0.7759,0.5117,-1.2575,4.6898,-2.9614,33.834,182.89,1
22.153,20.298,2.7955,0.4259,0.2554,-7.754,11.641,-7.7737,7.5449,177.94,1
57.016,20.254,2.8407,0.2799,0.1407,45.269,44.294,-12.09,3.351,283.21,1
23.864,22.282,2.7336,0.3546,0.193,26.678,20.593,15.197,39.801,136.1,1
27.786,17.161,2.6425,0.3645,0.1993,24.853,12.749,-12.746,21.61,76.004,1
67.942,20.785,3.2718,0.2305,0.1297,24.141,71.614,-13.961,5.617,240.43,1
15.023,12.219,2.3201,0.6651,0.3517,0.6888,0.3851,5.0592,46.146,227,1
45.296,15.706,2.6459,0.3096,0.1616,46.958,35.558,-8.8174,16.594,116.39,1
50.156,17.993,2.8698,0.309,0.2126,33.332,39.21,-14.213,5.07,201.09,1
70.968,9.6807,2.6726,0.3167,0.1605,-63.499,56.888,-4.0507,5.1398,298.69,1
32.798,19.019,2.73,0.3557,0.2207,24.424,16.265,11.138,0.2188,154.9,1
62.593,35.247,3.3442,0.3622,0.2057,29.303,39.825,21.991,3.1921,360.08,1
26.287,11.475,2.4057,0.5422,0.2809,1.0535,21.562,-10.309,14.527,212.94,1
20.607,12.775,2.3589,0.4464,0.2254,-18.744,1.3942,-7.2491,55.91,188.99,1
31.531,10.972,2.4564,0.4126,0.208,0.23,15.015,-9.2573,6.686,236.96,1
67.41,18.461,2.9729,0.1927,0.1017,-6.5967,55.076,-12.116,1.797,227.37,1
91.366,37.401,3.7978,0.1461,0.0872,-48.966,61.018,28.091,1.304,280.94,1
101.19,35.704,4.0786,0.096,0.0484,16.47,78.547,7.5265,1.7602,277.94,1
74.675,28.445,3.4853,0.2591,0.1369,5.2521,44.752,-22.437,2.829,335.95,1
28.684,8.2949,2.1732,0.5503,0.3188,14.418,19.313,2.4403,1.4613,252.04,1
81.975,33.737,3.2961,0.22,0.1161,-28.668,-24.668,9.5113,0.9621,312.49,1
33.067,22.189,2.6924,0.335,0.1756,16.152,29.008,20.461,8.8093,199.27,1
60.26,26.236,3.4751,0.1309,0.0678,20.115,24.334,-17.457,11.014,190.59,1
22.948,10.906,2.4023,0.5624,0.3624,11.076,20.202,-7.9648,65.667,175.98,1
42.045,13.31,2.781,0.3377,0.1995,29.215,28.582,-6.7734,14.314,136,1
80.1,33.82,3.5356,0.2657,0.1412,23.335,25.128,17.825,0.8537,352.47,1
36.506,21.402,3.0851,0.2918,0.1648,17.346,29.009,-12.303,30.84,115.27,1
89.641,24.234,2.5563,0.325,0.1681,-2.1206,-95.288,21.929,10.52,71.569,1
12.433,12.046,2.0394,0.6849,0.3516,16.275,-9.2134,-10.146,61.71,199.91,1
80.738,21.904,3.2156,0.1844,0.0934,-23.259,82.872,-14.636,1.789,251.59,1
20.796,12.5,2.2292,0.4543,0.2448,-0.4562,3.5952,10.244,70.028,157.9,1
36.473,19.674,2.8139,0.3208,0.1665,-13.642,-26.912,3.117,5.3586,225.48,1
68.087,22.284,2.7168,0.2438,0.1353,-100.79,32.094,-16.723,24.096,273.95,1
45.409,29.723,3.5664,0.1729,0.087,25.718,39.827,17.054,7.32,116.64,1
42.175,21.494,3.0432,0.2698,0.1435,25.502,31.731,15.101,4.9357,204.69,1
20.73,11.56,2.2695,0.5914,0.3683,12.624,19.82,4.135,2.8211,70.29,1
68.475,27.191,3.2319,0.2785,0.1914,-38.275,50.697,18.593,6.673,291.9,1
32.983,20.588,2.6977,0.2748,0.1454,-11.148,-19.163,-14.308,2.4725,171.07,1
38.331,20.834,2.946,0.2492,0.1421,-11.089,20.818,-12.772,69.755,107.05,1
24.429,0,2.0434,0.7059,0.3756,27.557,12.986,0,49.885,135.89,1
43.798,15.563,2.6902,0.2714,0.1357,45.51,28.52,6.3077,6.324,147.39,1
23.991,16.263,2.5966,0.4709,0.2367,18.85,14.958,-11.417,4.869,156.57,1
32.399,21.661,2.9874,0.2851,0.158,-7.4064,21.298,-6.6219,34.772,157.91,1
56.395,22.885,3.4192,0.2087,0.1061,31.281,53.609,-11.965,3.4732,211.58,1
43.423,15.001,2.905,0.3248,0.2383,24.146,29.529,-9.5313,5.0326,191.5,1
20.631,7.2234,2.0314,0.707,0.3674,1.3775,-8.45,5.8889,25.186,86.752,1
12.996,11.096,2.1287,0.7509,0.4349,14.448,-6.4413,-10.488,27.469,201.41,1
45.444,11.349,2.7332,0.3937,0.2486,9.2073,34.839,8.2332,5.059,205.45,1
20.265,15.699,2.4955,0.4441,0.2316,24.721,14.164,3.9816,79.73,56.76,1
20.604,7.2364,2.0394,0.7032,0.3699,1.0823,-7.7699,5.8712,75.07,99.27,1
50.635,41.153,3.2905,0.1358,0.0684,54.273,-23.384,34.929,65.912,133.17,1
117.88,18.624,2.8146,0.2851,0.1709,45.097,133.88,-5.0068,3.408,227.08,1
94.566,24.948,3.1767,0.2057,0.1089,53.624,77.993,11.056,7.7603,290.48,1
60.042,21.457,3.0179,0.2294,0.1252,-68.673,-10.121,-11.275,52.36,156.73,1
84.032,29.926,3.2917,0.1619,0.1014,-69.83,65.004,13.13,1.839,269.47,1
28.628,24.295,2.9506,0.2611,0.1395,7.7134,-17.448,7.502,76.584,89.986,1
19.321,16.759,2.4624,0.4759,0.2914,1.7892,11.546,11.335,70.87,127.31,1
30.945,15.952,2.8822,0.3751,0.1948,18.456,-17.392,14.774,4.834,183.77,1
23.408,21.867,2.702,0.4409,0.2651,12.861,17.995,-16.875,8.293,142.06,1
81.454,20.37,3.381,0.2354,0.152,-53.662,67.243,11.216,5.2231,276.54,1
40.847,12.612,2.6439,0.4495,0.2463,15.942,41.382,-6.9769,2.995,272.28,1
13.366,8.0592,2.4241,0.8889,0.6045,10.475,11.181,-10.604,5.787,130.23,1
30.761,13.698,2.4616,0.3972,0.2401,21.829,22.304,12.367,2.423,180.54,1
27.237,19.214,2.7173,0.3164,0.1812,-17.543,13.241,-8.5868,13.341,63.231,1
22.731,18.941,2.4298,0.3978,0.2175,17.435,-16.927,17.519,66.851,148.02,1
13.218,10.822,2.1351,0.7766,0.3919,-14.954,0.9057,11.893,7.022,151.46,1
45.151,18.174,2.9243,0.2786,0.1518,8.8386,-10.743,4.5365,2.642,191.49,1
25.579,18.021,2.4065,0.4039,0.202,36.867,-10.697,16.881,24.588,132.62,1
30.713,15.045,2.6064,0.3861,0.2092,10.176,-21.212,-9.6453,25.312,155.95,1
60.469,15.663,2.8466,0.3986,0.2427,-48.283,39.427,-10.805,12.857,290.7,1
83.471,18.453,2.9581,0.391,0.2439,27.557,31.231,7.9963,3.1439,357.69,1
17.336,10.982,2.2833,0.5781,0.2995,-22.464,-9.4314,3.6979,22.233,116.36,1
67.477,29.852,3.8447,0.1419,0.0809,44.641,53.183,8.3472,4.9318,223.58,1
69.399,10.816,2.8136,0.427,0.2527,68.461,63.992,-7.2771,6.251,251.26,1
112.37,34.088,3.4071,0.1383,0.0707,-146.62,69.868,23.886,4.9835,286.43,1
50.741,36.738,3.8913,0.1335,0.0678,4.3911,39.503,14.26,18.85,135.6,1
91.261,29.913,3.66,0.2035,0.1043,11.277,43.925,10.707,0.8864,340.59,1
27.574,12.409,2.3646,0.4881,0.257,34.946,11.326,-7.8102,4.591,213.69,1
13.267,10.399,2.1569,0.7944,0.4704,13.543,5.8101,11.271,26.089,169.35,1
35.165,18.818,2.7712,0.3421,0.1804,-20.516,-29.674,2.3737,3.828,225.34,1
41.962,13.594,2.711,0.2977,0.1644,-14.572,21.173,-5.5027,10.354,218.41,1
55.673,19.326,3.1896,0.3321,0.2039,41.056,52.473,10.361,1.5532,250.94,1
19.609,12.853,2.372,0.5053,0.2994,-15.473,-12.765,-3.31,4.228,241.42,1
53.149,23.473,3.1508,0.2481,0.1502,46.851,45.119,-10.94,13.569,163.25,1
71.019,17.75,3.0527,0.2232,0.1298,31.791,75.498,-6.8361,1.003,239.63,1
83.127,31.901,3.6883,0.1736,0.1055,88.498,75.159,-4.7056,0.6755,275.84,1
24.641,16.512,2.5849,0.4187,0.2146,6.14,15.857,-4.5091,27.087,173.98,1
39.887,25.912,3.227,0.1856,0.0934,12.637,26.096,-5.7609,7.437,121.82,1
20.217,7.0909,2.1414,0.7726,0.4079,-21.629,-12.991,-5.3643,49.599,154.92,1
30.92,18.928,2.8179,0.2692,0.1361,12.148,23.322,-10.537,5.861,64.266,1
28.514,25.177,2.7271,0.3093,0.179,-21.931,18.261,-13.068,59.979,157.68,1
37.598,19.752,2.9793,0.2381,0.1306,17.956,15.822,9.8806,19.158,155.81,1
50.938,28.271,3.4046,0.1836,0.116,43.624,31.688,10.969,19.391,196.41,1
45.005,18.628,3.0384,0.259,0.1396,0.573,31.209,15.423,9.235,238.1,1
48.354,17.139,3.0804,0.2975,0.1899,36.425,35.002,-13.894,6.4053,252.01,1
29.798,19.867,2.9006,0.3457,0.2256,-20.863,-19.955,15.288,36.301,107,1
22.349,12.831,2.2553,0.5833,0.3472,11.641,14.475,8.7341,58.019,105.48,1
38.043,25.083,3.1359,0.2384,0.1239,28.815,25.68,15.055,0.4688,166.2,1
85.628,34.866,3.9472,0.134,0.0677,16.589,74.001,25.721,1.92,286.41,1
62.931,19.108,2.9501,0.2782,0.1666,31.524,51.541,-13.148,8.58,219.16,1
55.969,23.777,3.0408,0.2021,0.1033,71.98,24.761,13.567,3.2503,175.68,1
41.88,17.729,2.8965,0.2627,0.1402,-49.61,-19.74,7.061,6.862,185.8,1
33.828,21.125,2.4778,0.3594,0.188,-16.727,-24.038,13.149,20.27,197.51,1
93.096,39.799,3.9481,0.1128,0.057,34.987,101.46,-23.858,3.5745,202.09,1
94.475,20.942,2.8035,0.4151,0.2288,-54.941,-40.433,10.838,3.4604,275.6,1
28.203,21.616,2.766,0.3119,0.1928,-25.882,-18.505,8.9818,20.162,245.66,1
29.167,18.012,2.841,0.3417,0.1925,24.967,10.139,-8.975,6.382,210.92,1
21.879,10.925,2.2765,0.5503,0.2937,22.22,19.173,-10.141,24.791,173.44,1
114.32,22.421,2.6758,0.3207,0.1677,85.068,117.91,-10.228,40.236,250.25,1
110.57,31.456,3.7702,0.1456,0.078,64.939,123.47,-10.276,1.9947,195.8,1
72.138,11.625,2.6972,0.3193,0.1777,53.933,57.997,-5.8937,0.5105,220.69,1
72.374,21.558,3.0699,0.212,0.1205,-85.282,37.95,17.278,2.071,276.47,1
62.345,32.063,3.5533,0.1516,0.0815,40.717,63.985,20.234,7.61,176.99,1
20.076,9.4666,2.3139,0.5971,0.2985,25.981,-0.2571,-3.5768,34.41,157.46,1
19.872,7.3787,2.2999,0.7268,0.4135,1.2087,-7.3216,5.1661,47.741,152.92,1
58.357,29.515,2.9963,0.2229,0.1256,63.442,38.319,-30.215,3.237,290.36,1
74.525,25.43,2.9055,0.1777,0.1038,-101.88,-57.153,15.834,10.152,237.67,1
19.331,7.4555,2.1861,0.7296,0.4463,0.3978,-4.6025,4.4678,13.369,160.85,1
25.704,16.313,2.7889,0.4488,0.2659,1.7939,18.082,13.678,8.435,122.93,1
29.719,16.665,2.5031,0.3893,0.2213,-34.329,-25.141,17.753,4.549,204.25,1
29.717,13.941,2.7372,0.4707,0.2903,-16.788,-10.06,-9.6773,11.829,239.57,1
36.96,16.65,2.7723,0.2838,0.1512,-4.0322,-28.597,-10.597,10.115,250.03,1
39.301,17.27,2.7156,0.3715,0.2069,41.911,-17.295,11.128,4.5729,120.8,1
31.182,19.884,2.7672,0.3402,0.1735,13.106,24.167,-18.146,35.423,140.24,1
34.693,11.45,2.4346,0.4559,0.2592,6.6377,-21.895,-8.4072,3.7316,189.52,1
67.637,32.568,3.4624,0.1662,0.0905,37.888,48.861,23.538,1.646,220.4,1
44.542,26.307,3.0133,0.1629,0.082,-18.35,-14.06,-10.541,67.76,98.748,1
26.882,14.697,2.4378,0.427,0.2135,30.792,19.304,7.1459,7.9798,209.18,1
36.24,15.557,2.7796,0.4186,0.2234,-47.584,-21.063,-9.714,79.392,20.244,1
24.127,17.787,2.841,0.3663,0.2358,8.2591,13.392,-12.933,2.425,195.54,1
82.788,32.035,3.5019,0.1212,0.0634,67.064,90.725,13.714,1.5868,146.1,1
98.59,23.955,3.0894,0.1669,0.0916,92.214,98.969,15.633,0.1561,250.68,1
17.291,11.188,2.1732,0.557,0.2919,-0.1805,3.378,-3.9301,57.878,195.25,1
33.833,18.776,2.76,0.3249,0.1937,-10.38,-15.931,13.731,31.828,144.26,1
34.546,20.896,2.9157,0.2866,0.156,5.3318,28.022,4.9595,3.103,169.47,1
22.593,0.0033,2.2418,0.7736,0.4155,-3.9542,13.677,0,19.423,234.38,1
128.32,32.018,3.0737,0.1857,0.1017,-125.18,84.952,21.379,23.202,252.21,1
26.21,13.99,2.5971,0.3692,0.1985,6.574,15.711,3.2219,14.137,172.05,1
35.893,7.3843,2.3811,0.5031,0.3056,24.189,21.891,3.3494,0.583,179.99,1
18.51,12.785,2.3775,0.5199,0.3082,0.021,-5.8835,8.9043,71.993,226.58,1
21.648,6.7539,2.1477,0.7117,0.4235,-22.608,-13.368,-6.4993,48.789,232.55,1
32.343,17.851,2.6021,0.43,0.2188,29.819,30.941,-16.221,17.449,83.952,1
93.186,28.22,2.8503,0.271,0.1475,-77.513,-34.306,21.061,4.5743,399.09,1
47.76,11.702,2.4314,0.4296,0.2426,-52.385,-32.59,8.0892,19.662,213.61,1
30.286,7.5366,2.2765,0.5556,0.2884,-11.569,6.1563,-6.0659,3.777,198.19,1
19.903,12.944,2.3738,0.482,0.2474,12.506,5.5234,-5.0188,7.195,223.82,1
19.605,7.0065,2.2707,0.8097,0.4316,20.204,13.591,4.3033,20.337,80.059,1
77.714,28.041,3.1989,0.2479,0.1382,-13.751,66.856,-21.808,15.542,306.64,1
45.961,19.883,2.9302,0.2983,0.1885,37.23,23.906,14.28,1.305,174.5,1
84.705,33.739,3.0471,0.262,0.1476,18.276,41.892,20.876,3.5519,359.42,1
36.602,19.477,3.1703,0.2358,0.1247,-14.322,-30.078,13.717,0.912,173.04,1
13.081,10.652,2.2707,0.7721,0.4799,13.407,2.6747,-9.9668,29.406,150.03,1
20.738,6.9311,2.1319,0.7601,0.4317,-21.269,-14.038,-5.8867,79.647,20.541,1
21.552,16.126,2.8218,0.431,0.2163,13.308,7.0258,11.73,56.071,46.043,1
20.304,9.1894,2.3096,0.6176,0.3505,23.825,10.666,3.4761,21.937,81.968,1
36.211,22.315,2.9047,0.2665,0.1438,23.581,-16.227,-13.497,26.696,213.58,1
32.653,17.381,2.9413,0.3526,0.2456,21.644,23.388,-12.494,7.4018,261.32,1
86.969,22.345,3.2544,0.2199,0.125,-44.233,73.376,8.8729,6.5938,287.99,1
29.221,6.6438,2.2742,0.5372,0.2793,-10.648,-13.248,-2.7864,3.625,120.36,1
94.134,29.986,3.0077,0.2692,0.1351,22.629,-71.845,3.5768,3.4297,352.79,1
81.282,14.817,2.5353,0.3324,0.1735,-70.474,-11.66,-5.1315,5.648,268.82,1
77.789,22.094,2.9908,0.2615,0.1486,53.516,52.346,-16.006,5.253,279.93,1
27.523,13.923,2.4942,0.4808,0.274,-22.003,14.189,8.8797,10.826,144.68,1
23.359,9.4249,2.1931,0.609,0.3429,29.023,-11.287,-9.2768,24.993,53.441,1
31.043,10.668,2.4224,0.4423,0.2401,-43.17,17.683,-6.2343,0.0086,191.05,1
33.935,10.886,2.5328,0.4047,0.2155,-25.037,-23.166,3.492,0.334,132.91,1
69.841,23.381,2.6981,0.3166,0.1653,-110.92,47.069,26.945,4.3842,275.63,1
96.837,18.774,3.0763,0.2005,0.1036,37.377,93.416,-16.715,7.8896,265.57,1
18.541,16.861,2.5185,0.4424,0.2409,7.0053,-12.765,-7.7187,10.326,167.65,1
13.233,10.475,2.3355,0.7898,0.4688,13.583,5.3945,-11.183,44.422,101.46,1
92.337,77.28,4.0936,0.0897,0.0519,60.524,102.36,-82.404,48.205,136.83,1
44.841,20.95,2.896,0.2757,0.1696,-7.7753,-38.308,13.106,1.0638,171.69,1
54.871,21.792,3.0191,0.2957,0.1641,6.9911,40.378,-15.334,0.651,245.11,1
47.717,18.829,3.1884,0.2087,0.1111,20.407,-28.584,14.037,0.0597,216.99,1
27.772,23.015,2.8976,0.2544,0.1361,10.886,10.269,-13.858,7.2,115.21,1
71.045,31.536,3.41,0.1988,0.1017,47.284,70.41,19.598,4.348,264.35,1
20.586,7.154,2.0917,0.7368,0.3765,-23.246,-11.408,5.8065,5.13,186.44,1
42.612,22.996,3.0175,0.2161,0.1129,28.752,16.533,-11.594,7.055,238.91,1
27.06,15.819,2.4669,0.4812,0.2884,16.07,13.371,13.218,37.992,114.85,1
34.698,12.56,2.608,0.3527,0.1985,-0.2024,22.787,10.502,12.355,102.5,1
25.93,14.81,2.5786,0.4406,0.2309,25.296,-20.136,-12.445,12.585,164.36,1
30.524,17.66,2.5927,0.2963,0.1571,-6.6595,-17.937,-12.068,55.307,230.19,1
39.633,17.792,2.5786,0.3404,0.1755,-47.77,-17.729,15.975,8.817,161.91,1
27.388,15.979,2.7356,0.443,0.2289,26.401,9.4057,8.3257,19.179,179.75,1
85.609,32.714,3.1411,0.159,0.0856,-60.619,38.236,-19.3,6.809,267.29,1
56.558,18.458,2.9598,0.2436,0.1245,18.394,56.594,13.042,3.622,274.79,1
79.764,39.524,3.426,0.1489,0.0838,-28.04,54.132,34.923,6.664,334.84,1
67.037,29.699,3.461,0.1505,0.0915,49.552,58.883,12.141,0.1579,128.9,1
60.475,19.797,2.9238,0.2753,0.1651,-62.828,38.232,21.016,4.335,278.87,1
20.393,7.2693,2.0774,0.7197,0.3808,1.7435,-8.8963,5.6807,8.8679,158.76,1
34.747,14.756,2.527,0.4458,0.2273,16.494,27.33,6.4425,3.009,226.8,1
17.423,10.88,2.1959,0.5987,0.3471,-1.525,6.564,-6.7264,33.191,218.01,1
20.263,12.679,2.4864,0.5155,0.2594,24.865,14.275,-9.4982,17.003,185.19,1
65.275,27.589,3.2881,0.1736,0.0883,23.146,48.71,-6.1923,0.334,257.19,1
22.555,10.4,2.2989,0.5678,0.3392,22.394,19.403,11.031,56.916,51.879,1
40.921,14.307,2.8624,0.3294,0.1887,-4.9989,15.665,7.5323,5.717,204.33,1
59.179,27.716,3.1826,0.1609,0.0851,-4.6849,-26.034,-12.664,11.741,202.54,1
47.914,21.526,3.0512,0.2018,0.116,42.492,29.122,15.357,8.8996,147.03,1
67.536,28.568,3.6705,0.1676,0.0898,35.147,70.18,-11.998,2.531,154.25,1
59.846,38.477,2.8871,0.262,0.1524,69.213,42.488,-24.662,3.465,257.03,1
17.551,10.81,2.3054,0.6089,0.3144,-3.4101,9.1472,-6.0037,21.124,217.56,1
62.551,34.214,3.9139,0.1311,0.0686,64.496,57.646,-23.198,8.974,182.69,1
26.853,15.127,2.8156,0.3685,0.198,10.413,16.354,9.8889,18.314,114.87,1
21.428,6.8068,2.1222,0.7245,0.4264,-22.23,-13.657,6.3816,45.363,182.76,1
22.845,0,2.0952,0.7631,0.4056,-3.6145,13.487,0,11.186,133.93,1
106.25,24.137,2.9435,0.238,0.1384,-46.935,18.856,-7.7795,2.871,294.6,1
80.136,34.931,3.5736,0.1642,0.0826,-48.828,66.513,20.904,5.1312,282.66,1
31.063,16.204,2.7701,0.4143,0.2385,32.487,29.564,-6.2126,15.961,168.39,1
21.127,0,2.1599,0.7751,0.5017,0,0,-8.6224,37.923,197.61,1
21.098,10.048,2.2989,0.5829,0.3492,-3.3794,15.455,8.6319,66.57,73.153,1
51.641,23.136,3.3334,0.2176,0.1097,-2.5647,34.877,-10.742,0.314,235.54,1
205.13,176.34,4.9946,0.0139,0.0073,8.5005,-79.162,83.297,76.395,41.422,1
19.928,10.526,2.3222,0.6524,0.3548,5.9267,-16.472,2.9613,45.852,155.38,1
65.794,25.072,3.372,0.1384,0.0699,0.506,45.775,-18.807,1.8622,197.09,1
19.515,7.4337,2.1055,0.7294,0.4353,0.7152,-5.7937,-4.7317,8.536,157.97,1
28.875,10.675,2.5403,0.4467,0.2493,6.2227,22.535,-11.058,8.686,192.36,1
34.299,17.48,2.8831,0.339,0.1774,1.5319,24.38,-7.8308,11.176,185.62,1
28.353,11.992,2.4289,0.54,0.2849,3.0206,-20.511,-9.5407,6.737,131.62,1
107.98,38.877,3.8841,0.1138,0.068,-109.75,70.403,27.377,0.813,275.56,1
114.57,37.924,3.7376,0.1912,0.1059,-168.01,67.612,26.663,0.8106,372.3,1
17.185,15.211,2.5916,0.5711,0.3265,-17.619,-17.32,-3.5357,54.167,127.02,1
35.605,19.284,3.1762,0.2819,0.1476,5.738,24.421,-15.276,8.714,202.12,1
22.937,11.858,2.6415,0.5525,0.2957,-12.497,11.512,-9.9612,15.3,220.41,1
16.473,11.307,2.3502,0.6205,0.3549,-3.5313,7.2908,7.0545,67.376,65.999,1
74.817,25.845,3.2239,0.1893,0.097,-16.721,60.774,-13.86,4.8815,278.76,1
101.66,8.7698,2.7292,0.347,0.2155,-146.07,63.251,3.5902,7.891,313.54,1
17.777,7.4844,2.1746,0.7692,0.5318,0.2112,-1.9332,-3.7702,51.74,125.31,1
50.628,19.634,2.7763,0.246,0.1264,1.1362,-47.8,-10.335,33.783,91.093,1
24.388,12.898,2.634,0.4553,0.2404,-0.9325,7.2219,7.5024,19.892,124.34,1
25.077,15.131,2.5993,0.4151,0.2277,11.96,16.617,10.089,20.443,169.71,1
51.903,18.659,3.1216,0.3205,0.1636,45.614,52.166,12.076,1.6997,232.18,1
35.579,15.769,2.8112,0.332,0.1707,8.2101,23.405,9.6309,7.5527,196.36,1
34.173,9.626,2.5024,0.4434,0.2374,26.258,25.813,-6.5749,1.4848,212.87,1
91.731,25.09,3.3263,0.1651,0.0908,-139.04,49.726,-10.772,5.105,301.44,1
53.661,28.942,2.965,0.1322,0.0688,-19.356,31.27,18.819,15.377,210.02,1
39.52,22.916,3.2353,0.2071,0.1085,30.263,28.601,-8.8694,0.0449,196.73,1
58.873,25.412,3.2527,0.1632,0.0835,36.2,61.086,-6.8907,53.831,124.93,1
18.284,10.561,2.1553,0.5594,0.2972,23.621,9.2274,3.6737,26.905,230.95,1
68.148,24.545,3.3906,0.1969,0.1019,75.15,51.681,-18.923,1.652,315.01,1
31.588,19.981,2.9825,0.2957,0.1723,5.5238,-13.799,7.924,0.5867,221.86,1
13.387,10.459,2.2418,0.7966,0.3983,15,-0.5703,11.901,48.403,180.76,1
27.69,15.045,2.6395,0.3647,0.2099,15.828,9.4247,8.6228,28.989,177.87,1
68.724,16.561,2.4548,0.4842,0.3211,-82.06,34.249,11.648,29.572,253.91,1
25.921,15.839,2.5514,0.427,0.2289,0.5114,24.251,9.7936,2.66,183.15,1
76.66,26.843,3.0904,0.3394,0.2034,-27.254,-52.533,17.482,2.2854,354.02,1
30.708,18.825,2.799,0.3209,0.1708,-26.232,-20.914,9.3871,14.118,214.37,1
60.863,25.788,3.6481,0.1563,0.0831,5.96,19.495,-9.3097,2.385,201.91,1
62.823,21.342,3.1161,0.2641,0.1412,68.038,51.32,-16.553,5.672,249.96,1
107.19,38.343,4.0132,0.1098,0.057,-71.521,71.503,-18.306,2.0941,327.5,1
47.557,15.306,2.9472,0.2699,0.1621,11.949,36.433,-9.1034,10.781,168.82,1
13.352,9.7617,2.2393,0.8242,0.5159,12.501,8.308,11.131,16.921,178.18,1
81.664,21.912,2.8859,0.4148,0.2555,-41.509,-66.701,-14.026,3.883,287.79,1
25.351,13.998,2.5428,0.4585,0.265,14.982,19.035,11.96,31.836,126.68,1
25.753,10.547,2.3531,0.5277,0.3082,9.8709,19.19,-7.8541,42.23,225.41,1
50.031,21.527,2.6781,0.4764,0.3137,31.959,47.502,11.118,11.877,277.51,1
30.943,20.516,2.8531,0.3282,0.176,-6.8204,14.915,-7.3346,14.317,148.68,1
84.066,21.214,3.4673,0.1326,0.0711,9.8491,71.275,2.2249,4.8249,236.92,1
43.434,20.25,3.2,0.2366,0.1221,47.646,22.819,9.8909,0.967,185.08,1
39.673,28.465,3.2351,0.1769,0.0934,-5.5783,-22.413,-19.72,7.553,154.43,1
36.573,20.825,3.0658,0.2682,0.1362,3.7589,-22.406,16.142,2.354,162.64,1
13.009,11.053,2.0774,0.7531,0.4393,14.351,-6.2386,-10.44,63.742,200.15,1
54.478,24.969,2.7029,0.2874,0.1437,38.38,47.87,-9.645,1.3186,246.01,1
30.192,13.468,2.5459,0.4239,0.2233,-6.6315,-22.535,9.1162,0.296,209.66,1
36.718,17.884,2.8035,0.305,0.158,10.29,36.999,-10.861,6.35,68.576,1
21.656,12.263,2.5688,0.5695,0.3117,21.772,17.325,7.6043,17.935,173.67,1
52.906,23.942,3.0228,0.1622,0.0868,25.172,24.34,-11.895,0.744,133.08,1
36.651,15.595,2.5139,0.3798,0.1976,-9.9137,-33.971,-7.4388,10.943,230.79,1
59.902,18.881,2.9802,0.293,0.1606,41.696,54.062,-10.199,1.9107,251.43,1
89.251,32.356,3.6493,0.1902,0.1145,-75.102,54.623,-27.77,1.0406,310.64,1
25.643,13.809,2.4409,0.4058,0.2047,28.442,20.009,-7.4265,33.946,67.768,1
100.95,37.985,4.0455,0.0993,0.0498,22.565,75.94,14.676,0.804,297.08,1
13.204,10.639,2.1599,0.782,0.4533,-13.922,-3.9545,11.29,20.371,193.65,1
42.053,11.529,2.723,0.3217,0.1637,29.262,32.987,7.326,8.7922,217.52,1
79.437,16.611,2.7279,0.3723,0.2105,-50.57,29.908,-16.126,2.8484,290.62,1
67.233,22.069,2.8322,0.2311,0.1214,-86.44,62.975,-17.383,7.8252,246.01,1
23.568,12.703,2.5378,0.5014,0.3203,18.945,15.118,9.5639,3.907,169.33,1
13.093,10.601,2.2109,0.7754,0.4831,13.321,3.9047,-10.066,74.741,83.827,1
77.731,39.895,3.6158,0.2001,0.1016,21.431,49.182,-22.272,0.57,348.8,1
97.509,38.378,3.3096,0.1314,0.0738,25.886,88.362,-18.284,8.5859,216.29,1
38.938,19.301,2.9782,0.2492,0.1341,29.739,28.263,7.0968,15.129,137.41,1
72.128,19.039,2.6955,0.3226,0.1784,52.564,38.63,-7.7182,0.885,234.3,1
43.614,14.088,2.7612,0.3102,0.1759,40.921,28.049,12.75,2.6944,177.51,1
23.061,12.478,2.301,0.595,0.3275,26.595,12.092,8.0238,25.519,149.55,1
12.881,11.357,2.0588,0.7336,0.4148,14.959,-7.7403,10.191,28.493,90.587,1
43.08,16.145,2.9238,0.2944,0.1663,5.9628,37.145,10.664,3.3,222.02,1
29.447,20.327,2.7404,0.28,0.1464,12.644,-23.67,15.133,4.945,223.45,1
48.277,35.263,3.2456,0.1568,0.0792,-11.093,49.39,21.084,52.717,113.06,1
21.127,10.861,2.2625,0.623,0.3689,16.087,18.532,7.8426,16.86,70.312,1
18.049,12.622,2.499,0.6149,0.3439,-14.356,-10.34,9.8506,18.31,114.18,1
21.912,12.507,2.233,0.6199,0.3889,13.819,15.595,-10.103,72.975,63.185,1
25.178,22.114,2.6721,0.334,0.1819,2.4741,21.001,17.616,85.181,279.87,1
25.671,0,2.2,0.7571,0.4574,0,0,-17.327,25.933,57.779,1
69.116,20.165,3.0461,0.2392,0.1245,24.611,56.13,13.46,0.206,264.56,1
22.794,6.3037,2.1775,0.7708,0.402,-25.139,-9.0045,6.856,67.106,199.65,1
37.664,22.811,2.8907,0.2791,0.1511,13.032,27.053,-18.427,14.118,193.55,1
60.762,19.307,2.8594,0.264,0.1431,55.151,45.033,10.691,4.199,222.61,1
23.625,10.919,2.4014,0.5952,0.2996,-16.202,-18.427,6.9058,19.774,110.19,1
93.471,31.359,3.5695,0.167,0.0923,54.218,90.481,-21.525,2.6846,292.65,1
31.904,18.042,3.0069,0.3002,0.1521,8.4584,18.219,8.7564,14.778,111.44,1
37.398,9.3411,2.6585,0.4566,0.3019,29.885,28.305,-5.6481,7.915,166.49,1
26.533,21.25,2.695,0.2967,0.1625,24.174,17.202,9.467,39.325,192.69,1
46.162,18.185,2.433,0.4502,0.2343,29.937,41.779,14.882,8.3129,190.62,1
102.16,46.317,4.0587,0.095,0.0504,86.813,96.18,-34.844,3.511,217.87,1
98.019,34.777,3.1977,0.2766,0.1507,-80.727,-58.546,-27.104,3.6065,397.2,1
38.436,21.808,3.0412,0.2547,0.1578,11.83,24.538,14.254,11.095,168.62,1
51.715,20.803,3.1692,0.2303,0.127,20.173,48.795,13.16,3.726,276.95,1
34.45,9.7234,2.5145,0.5138,0.2859,36.4,31.03,5.991,14.824,141.01,1
17.703,7.4693,2.1775,0.7841,0.5349,-1.0505,2.9853,-3.987,63.044,161.55,1
35.343,12.724,2.5447,0.3652,0.184,29.708,-15.812,5.1165,18.821,215.54,1
19.027,16.856,2.5465,0.4688,0.2798,-5.5718,-11.534,-10.476,24.686,105.2,1
24.642,18.308,2.8555,0.3654,0.1848,19.679,19.119,10.904,23.954,231.64,1
91.757,38.491,3.3803,0.1916,0.1014,47.955,126.47,-25.265,27.074,49.853,1
45.78,19.114,2.9437,0.2447,0.1246,-88.134,37.4,10.891,18.042,256.44,1
51.264,17.259,2.7675,0.3126,0.199,72.937,-16.625,-11.287,7.901,240.11,1
37.005,13.825,2.8448,0.3617,0.1866,-18.034,24.896,-9.3634,4.1448,221.82,1
31.122,24.106,2.8172,0.2666,0.1439,41.39,13.332,12.653,24.515,123.21,1
24.719,15.308,2.738,0.4077,0.2057,13.037,12.345,8.9074,64.565,41.746,1
24.447,17.635,2.5434,0.392,0.2074,11.591,-13.087,-8.4008,1.8427,127.83,1
13.038,9.7539,2.2565,0.8144,0.5568,-11.48,-8.769,9.7715,12.713,245.4,1
43.681,38.955,3.8422,0.1516,0.0933,-2.7784,38.782,-17.424,8.1224,100.28,1
79.769,35.845,3.2106,0.1952,0.1173,86.976,53.177,-38.288,3.5809,272.94,1
78.664,22.664,3.1861,0.2599,0.1463,-38.107,49.589,12.655,0.7026,292.33,1
41.554,12.395,2.3874,0.4221,0.252,-30.871,-23.522,-7.5761,7.58,193.94,1
77.987,32.899,3.6155,0.1968,0.1194,-44.186,56.469,-20.912,1.8587,285.88,1
23.707,0,2.1945,0.7859,0.4824,0,0,-18.992,63.907,59.071,1
38.547,17.593,3.2055,0.266,0.133,33.944,-10.698,-12.54,3.3209,171.52,1
35.329,16.406,2.8228,0.3895,0.1947,32.146,33.08,13.25,4.3624,187.71,1
35.49,16.252,2.9892,0.366,0.1912,28.763,34.577,4.869,4.732,174.76,1
78.855,27.349,3.1171,0.1535,0.0783,-43.739,79.918,-23.845,6.0893,194.54,1
20.273,17.418,2.2978,0.5189,0.2796,-13.296,9.4409,-9.9013,53.508,203.63,1
35.803,20.222,2.9017,0.3298,0.1737,49.728,28.249,-16.052,11.539,217.46,1
46.219,17.554,2.8968,0.2815,0.1592,30.621,21.224,-17.217,1.8823,246.87,1
27.756,16.695,2.6744,0.3238,0.1683,15.408,5.9987,9.6247,12.166,171.24,1
82.109,44.793,4.0291,0.093,0.0474,42.943,80.529,19.797,0.171,173.47,1
37.958,16.002,2.6128,0.3341,0.1939,-36.655,24.443,10.796,14.86,230.16,1
33.997,15.745,2.634,0.2927,0.1475,10.549,24.838,12.05,3.413,177.9,1
39.16,14.622,2.5539,0.4749,0.264,48.857,-21.954,6.7082,3.5942,179.8,1
114.59,15.801,2.5623,0.337,0.1767,-130.5,101.57,-10.573,8.2676,303.32,1
82.219,24.682,2.9757,0.2824,0.1761,-17.061,-26.823,-15.076,0.7194,344.48,1
38.694,23.842,2.7029,0.3211,0.1834,14.489,-9.3039,22.697,15.761,199.44,1
19.575,16.855,2.2956,0.4861,0.2557,9.8701,19.119,10.545,11.296,150.09,1
20.598,10.659,2.4393,0.6436,0.3436,16.757,17.525,7.0791,37.747,50.529,1
94.774,27.067,3.2785,0.1359,0.0724,15.213,76.815,-18.76,5.0273,198.45,1
24.441,16.603,2.5949,0.5133,0.3342,9.5138,-19.401,14.002,88.17,196.76,1
25.47,16.039,2.5126,0.4547,0.2565,-20.024,16.096,-9.4221,9.761,116.67,1
26.868,17.331,2.6735,0.3754,0.2089,9.9795,-19.432,-6.8842,2.923,217.89,1
21.548,15.225,2.6279,0.4523,0.2886,7.7603,9.4044,10.022,50.002,40.211,1
20.688,12.851,2.2867,0.4651,0.2765,-14.121,-13.349,7.5036,14.885,192.7,1
19.82,16.236,2.3997,0.4143,0.2291,-1.3583,7.7218,-5.7515,88.918,35.9,1
27.34,12.588,2.596,0.4715,0.2598,12.273,15.902,-7.9925,20.048,166.38,1
41.095,16.665,2.8079,0.2397,0.1206,64.773,-14.584,-13.319,23.618,112.41,1
75.867,23.881,2.7501,0.2578,0.1307,53.363,68.526,22.648,16.184,189.37,1
31.063,19.425,2.8072,0.2712,0.1613,-22.476,-8.5847,-11.46,35.013,203.24,1
42.483,17.133,2.6365,0.3533,0.1767,48.959,30.945,9.2541,5.978,180.71,1
34.012,16.872,2.5359,0.3348,0.1732,-15.597,-16.299,-11.765,3.491,137.58,1
32.565,14.105,2.6405,0.4119,0.2551,-3.3464,-12.146,-6.3803,6.423,192.86,1
40.912,16.421,2.6123,0.4249,0.2405,39.583,40.863,13.319,0.58,301.1,1
32.916,19.094,2.7114,0.2332,0.1176,-14.575,15.886,8.3039,19.746,161.26,1
32.882,20.9,2.8251,0.2917,0.1803,-8.6058,7.064,14.512,9.7115,207.97,1
21.044,10.551,2.2227,0.5689,0.3084,-6.5323,17.691,-10.018,33.423,179.11,1
51.537,21.286,2.9578,0.1939,0.1008,1.3913,-27.507,-7.0619,0.7045,197.53,1
108.42,94.327,4.5739,0.0496,0.025,8.0684,80.316,-85.69,28.311,309.55,1
13.001,10.643,2.1658,0.7577,0.4949,-13.112,2.8342,7.0106,48.743,150.24,1
17.179,11.076,2.2967,0.5909,0.3106,-3.1336,8.503,5.5613,13.117,209.62,1
41.289,10.805,2.5185,0.4,0.2167,-47.845,-24.867,-7.5025,8.6072,191.85,1
76.354,18.098,2.7189,0.3362,0.1786,100.1,48.89,-17.499,2.76,237.82,1
84.824,28.546,3.9152,0.1345,0.0729,90.725,70.974,-13.674,0.919,272.79,1
31.015,12.825,2.766,0.4199,0.2562,18.115,26.468,-8.8933,9.17,178.26,1
18.635,10.29,2.415,0.5846,0.2942,24.197,8.6541,-5.3007,62.677,169.56,1
28.857,14.665,2.7657,0.3688,0.2033,-1.6971,11.815,-6.6086,8.4788,194.49,1
46.557,32.966,3.2555,0.1988,0.1063,39.476,60.839,18.384,30.919,86.362,1
23.135,9.8703,2.2504,0.5674,0.3174,24.432,18.093,-10.895,49.932,158.43,1
54.324,21.164,2.9954,0.2163,0.1218,-37.688,32.691,9.4617,0.3729,178.56,1
70.639,27.753,3.699,0.1852,0.1003,-48.029,62.719,-20.343,2.3853,282.05,1
73.141,13.105,2.5575,0.4903,0.331,-52.285,36.205,-6.9345,8.641,290.53,1
95.675,39.445,3.972,0.0997,0.0542,-3.1486,82.39,-37.737,3.175,282.93,1
23.181,20.716,2.8482,0.4411,0.2376,8.4773,20.809,14.012,1.8065,66.204,1
17.352,11.038,2.4166,0.5747,0.2969,2.7419,-8.438,4.8723,73.144,95.138,1
108.89,14.016,2.4502,0.4078,0.2358,57.164,104.76,-5.8517,58.055,86.698,1
63.446,14.904,2.8179,0.2494,0.1255,51.985,51.298,5.6576,51.569,64.814,1
67.909,36.465,3.4214,0.1812,0.0919,42.192,83.959,31.576,8.6395,147.32,1
31.101,14.163,2.6924,0.3431,0.1777,4.5715,7.6436,-7.1712,4.015,84.144,1
30.25,15.821,2.6128,0.3683,0.2207,21.326,22.636,-7.0036,20.266,74.052,1
38.718,22.552,2.4616,0.3282,0.1779,-32.797,-27.049,-14.31,14.391,108.07,1
61.969,11.643,2.9122,0.2938,0.1659,45.562,58.424,-4.5027,5.947,284.09,1
25.527,13.519,2.4771,0.4267,0.225,-20.334,17.887,-2.0969,5.2328,189.28,1
23.629,17.281,2.5366,0.3314,0.202,4.5248,16.761,-5.1778,28.434,183.7,1
99.968,21.89,2.9645,0.2778,0.1622,97.859,90.768,-17.397,3.093,334.35,1
62.068,16.925,3.173,0.2189,0.1306,60.429,42.573,13.368,0.026,197.91,1
45.868,15.243,2.998,0.3124,0.1703,36.008,40.029,10.748,5.8093,191.81,1
164.03,49.972,3.6349,0.1623,0.0896,145.03,129.69,-26.544,9.083,174.28,1
30.419,19.684,2.8395,0.4009,0.2583,4.2864,13.983,-17.027,6.1324,238.56,1
36.264,17.644,2.7235,0.344,0.1843,13.57,-19.45,15.068,8.7759,170.28,1
19.584,12.91,2.5581,0.5062,0.2891,-14.3,-12.645,-5.675,10.708,142.08,1
28.496,17.467,2.8351,0.4137,0.2303,7.0179,16.261,-10.069,45.184,48.232,1
27.898,17.897,2.6753,0.3907,0.2629,26.374,20.756,-15.518,31.267,161.15,1
94.942,44.912,3.9991,0.1081,0.0598,105.96,77.846,-13.53,9.74,225.57,1
29.767,19.329,2.8325,0.3147,0.1581,-11.741,21.927,-16.685,23.932,130.56,1
20.03,17.502,2.4289,0.5326,0.3073,6.6924,-17.247,-18.721,88.905,146.15,1
61.928,23.446,3.1413,0.2463,0.1419,10.663,43.872,16.277,1.571,310.78,1
35.724,16.18,2.6048,0.3652,0.2075,29.104,-21.666,-10.46,2.029,108.51,1
43.454,17.654,2.9965,0.2621,0.1426,-12.485,-23.286,-11.357,6.2607,184.73,1
73.813,20.1,3.3252,0.2081,0.1152,-91.875,59.636,13.603,5.7286,247.4,1
39.812,18.108,2.8896,0.2682,0.1412,2.5932,33.911,6.4012,10.575,236.33,1
63.773,27.835,3.6693,0.1537,0.0778,25.227,56.975,-6.3598,0.9347,189.7,1
60.585,23.548,3.3166,0.2624,0.1324,-45.466,-10.414,-7.5557,1.557,282.59,1
46.346,28.18,3.6471,0.1812,0.0966,33.81,30.352,-14.732,9.038,164.21,1
85.008,38.297,3.6225,0.1307,0.0688,-83.837,72.412,35.645,4.6358,258.18,1
94.698,18.509,2.8189,0.2792,0.1586,-147.43,67.784,-9.0978,5.866,233.89,1
27.063,17.949,2.527,0.4339,0.2571,12.834,18.512,7.9811,4.588,195.44,1
81.852,27.064,3.3412,0.1901,0.1251,-94.281,59.115,25.611,2.8559,236.44,1
25.911,19.122,2.6518,0.3835,0.2687,0.4848,-15.322,10.856,9.985,182.18,1
63.392,17.659,2.8099,0.33,0.1696,55.906,43.736,21.1,11.228,293.4,1
73.715,22.938,3.3448,0.2066,0.1056,82.158,60.999,-14.743,8.705,217.79,1
25.21,13.995,2.3395,0.476,0.2403,-13.037,-8.2607,-12.232,50.24,191.73,1
35.023,19.465,3.2757,0.3297,0.1651,22.636,26.723,-7.5563,0.7701,188.91,1
36.02,17.335,2.8062,0.2953,0.1508,-24.279,-26.308,-13.022,6.399,163.22,1
60.971,10.785,2.2227,0.521,0.2784,71.403,-16.009,-6.4054,20.842,144.11,1
27.854,14.139,2.5276,0.3887,0.2062,30.915,21.221,-9.0788,5.97,162.56,1
18.465,16.146,2.3901,0.4888,0.279,19.516,18.512,-5.8176,25.299,224.7,1
22.533,9.0443,2.3729,0.6398,0.3581,-23.129,-18.252,11.122,35.621,86.795,1
19.599,9.4707,2.2878,0.6134,0.384,-21.57,-12.973,3.7667,46.534,121.37,1
22.401,12.773,2.2529,0.5866,0.3436,13.746,13.661,9.0781,1.451,163.68,1
27.986,19.289,2.8684,0.3209,0.1699,8.6762,20,-4.253,15.831,194.1,1
29.604,12.072,2.4764,0.5008,0.2755,-0.979,-15.815,6.94,21.004,124.15,1
41.276,17.898,2.6385,0.3931,0.208,-17.625,-16.074,-6.9331,8.699,139.52,1
85.89,31.05,3.3806,0.2327,0.1309,2.9625,50.596,19.325,0.899,333.4,1
85.854,16.102,2.6117,0.4866,0.2971,41.297,98.923,-14.116,15.77,205.12,1
40.077,18.719,2.8228,0.2617,0.1617,-16.036,-31.722,11.038,6.9394,189.59,1
48.331,19.084,3.0314,0.2214,0.1251,-0.2891,35.941,-12.404,12.579,205.41,1
27.029,13.875,2.6898,0.4637,0.2666,29.354,24.479,-7.3012,8.3477,225.51,1
77.264,27.166,3.3625,0.1801,0.0953,-19.494,65.925,17.226,6.142,312.56,1
25.223,21.939,2.786,0.2979,0.1514,-18.972,-4.832,16.773,80.726,105.11,1
50.086,18.014,2.8482,0.2113,0.1113,-3.0284,-21.093,13.796,17.293,164.07,1
84.688,25.02,3.4849,0.2001,0.1275,-52.88,61.182,13.196,2.877,277.7,1
104.36,22.664,3.1273,0.1619,0.0869,-178.11,91.713,-18.787,1.603,303.25,1
77.195,15.993,2.7551,0.3181,0.1872,74.432,38.392,4.2039,2.3779,241.67,1
12.995,9.5666,2.2492,0.8225,0.5718,11.099,9.2907,9.7372,29.77,147.7,1
21.367,14.27,2.3128,0.5061,0.3139,21.824,19.522,1.8273,74.383,135.14,1
100.82,33.393,3.91,0.1366,0.0725,-88.423,77.225,-21.76,0.8128,332.57,1
33.14,16.334,2.7312,0.3733,0.2071,38.461,26.008,-10.117,22.533,170.77,1
43.992,20.027,2.7694,0.2636,0.1437,-17.925,-19.379,17.519,19.157,209.08,1
22.386,6.5197,2.2343,0.7464,0.4052,24.365,10.929,6.7801,13.976,132.62,1
36.307,12.166,2.5971,0.4703,0.2566,34.777,33.949,5.9467,5.471,87.105,1
48.666,10.948,2.6716,0.3046,0.1608,24.989,12.365,-5.5849,0.1985,180.87,1
54.094,15.265,2.6513,0.3683,0.1931,43.251,41.526,-10.605,1.9538,148.77,1
22.581,16.433,2.5545,0.4379,0.2497,23.274,6.6193,11.704,3.667,141.59,1
26.021,9.5427,2.4005,0.505,0.2883,-10.06,11.267,-4.0374,10.23,144.93,1
69.675,31.625,3.894,0.1257,0.0634,57.354,57.66,14.728,1.649,267.46,1
18.83,7.3273,2.1688,0.8,0.4576,4.3746,-9.5211,-2.2469,47.486,218.69,1
92.56,39.132,3.9782,0.1048,0.0546,-69.454,79.717,20.555,0.9188,256.88,1
32.931,9.7889,2.6096,0.4668,0.2666,-4.2596,27.124,6.4373,14.345,147.3,1
44.545,24.779,3.419,0.1719,0.0974,22.583,27.936,11.02,4.7435,160.02,1
80.291,26.674,3.5756,0.1791,0.1024,53.057,81.06,13.878,4.036,212.31,1
48.267,14.098,2.4871,0.5179,0.2948,45.252,45.698,13.724,40.379,132.18,1
25.15,0,2.1414,0.7437,0.4729,23.935,18.443,0,11.393,131.53,1
19.93,9.6136,2.1987,0.5886,0.3006,25.652,5.5369,2.7116,9.4765,184.06,1
24.926,13.844,2.5384,0.4428,0.2619,-14.44,-11.307,5.0906,7.3195,194.16,1
31.903,15.511,2.7222,0.3431,0.1791,22.186,21.56,6.4281,30.014,198.59,1
71.151,25.12,3.2766,0.1264,0.0653,-3.0002,39.622,14.713,6.1414,222.84,1
47.155,17.383,2.8976,0.2734,0.1462,-8.9951,-14.809,9.6464,1.221,217.51,1
48.13,26.48,3.0312,0.2159,0.1196,-46.046,-25.466,-6.7554,0.688,215.29,1
20.22,9.6361,2.2122,0.6196,0.408,3.146,-14.416,-9.2078,30.091,84.368,1
31.852,9.894,2.4502,0.4716,0.2394,-6.6446,24.706,5.7595,9.621,202.83,1
26.146,14.529,2.5079,0.4752,0.2593,25.42,24.924,7.5687,11.047,101.84,1
43.7,24.282,3.2262,0.2245,0.1363,41.366,29.007,17.517,12.848,191.59,1
63.21,34.899,3.1992,0.1587,0.0894,50.301,52.98,-13.843,1.1808,129.7,1
20.137,11.13,2.3464,0.6441,0.3671,14.546,18.575,-7.0706,28.158,126.68,1
91.892,19.338,3.3118,0.198,0.1046,72.306,100.17,10.482,4.901,229.45,1
39.029,10.61,2.5126,0.4485,0.2289,28.823,-21.449,-6.7169,13.546,138.41,1
88.309,27.445,2.7608,0.3886,0.2038,-48.142,-87.605,-19.174,1.3258,278.59,1
27.606,6.9573,2.2648,0.5598,0.3125,9.1924,14.844,-2.4271,13.386,203.44,1
98.003,15.515,2.7501,0.3253,0.2231,-127.99,29.769,-2.4457,17.598,215.22,1
58.916,14.646,2.9469,0.2508,0.1305,-13.845,44.502,4.259,1.2832,242.22,1
51.468,27.959,3.3262,0.1585,0.088,14.611,29.583,16.415,4.6537,145.58,1
49.801,22.109,3.2753,0.2276,0.1393,11.047,43.81,-13.196,0.8547,237.44,1
64.775,24.024,3.3869,0.1637,0.0876,-90.643,43.391,-10.169,0.656,250.51,1
18.913,15.617,2.301,0.63,0.3175,-25.738,13.241,13.992,47.437,211.01,1
27.015,14.616,2.525,0.4507,0.2642,-29.297,-22.549,-3.69,39.295,26.191,1
28.824,23.238,3.159,0.3447,0.1793,0.2173,10.791,12.916,85.256,42.357,1
24.855,11.856,2.4048,0.4134,0.2264,8.0858,5.3921,6.965,27.748,161.06,1
29.91,19.326,2.5977,0.3662,0.2033,20.262,19.581,18.017,10.349,128.78,1
19.985,12.963,2.4023,0.503,0.295,-10.991,-13.534,6.5826,45.173,90.569,1
38.25,20.226,2.6785,0.3396,0.2128,5.912,31.882,18.213,20.859,214.77,1
60.988,20.558,2.7011,0.2766,0.1403,-30.125,-41.131,10.024,11.023,181.35,1
43.386,14.168,2.8689,0.3083,0.1548,-11.099,-18.253,-9.2057,14.648,197.03,1
22.382,12.174,2.4976,0.4833,0.2655,26.811,14.383,-10.935,6.24,117.45,1
52.177,23.834,3.3236,0.2331,0.1218,39.816,40.088,-8.5484,3.737,249.12,1
20.872,9.9556,2.3464,0.6306,0.3311,-7.0964,17.413,-10.936,39.56,100.07,1
31.092,19.802,2.8028,0.2913,0.1504,32.194,26.984,-15.787,7.3779,228.17,1
98.224,28.668,3.5247,0.2907,0.146,-26.404,36.737,-23.753,1.4305,394.69,1
25.192,14.107,2.6781,0.3778,0.2046,-6.0686,-14.305,-5.177,5.636,153.14,1
38.208,29.688,2.8689,0.2502,0.1508,25.216,-30.9,-14.714,25.176,145.73,1
81.126,25.768,3.4824,0.2028,0.1134,70.781,90.895,16.418,3.0993,257.88,1
58.186,19.962,2.8885,0.2405,0.1261,-55.529,-39.555,-6.0247,9.3331,217.98,1
31.886,15.7,2.5145,0.4434,0.2339,18.538,28.542,12.948,19.612,146.45,1
40.209,14.5,2.6698,0.323,0.1679,40.291,30.879,-11.182,8.449,160.78,1
76.201,31.026,3.3725,0.1824,0.0986,-25.997,63.165,24.378,2.0088,335.86,1
28.892,15.801,2.4141,0.4971,0.2601,-36.981,-16.663,16.85,56.263,151.43,1
77.191,26.898,3.472,0.2321,0.1503,-45.69,44.773,16.129,2.621,295.75,1
21.835,12.632,2.2355,0.6163,0.3692,12.43,14.191,9.8831,65.672,180.93,1
25.022,11.967,2.4502,0.4468,0.2394,-6.2966,-10.422,9.639,82.959,36.653,1
82.465,25.582,3.3445,0.2149,0.1251,-23.145,64.107,-18.114,1.343,337.27,1
23.685,18.278,2.7304,0.4205,0.2819,-1.2911,15.07,4.8989,15.923,135.99,1
39.539,8.7202,2.6085,0.4631,0.2401,25.283,32.458,2.8756,15.032,292.17,1
39.963,17.908,3.1891,0.3099,0.1912,5.3858,33.84,9.5034,10.855,161.49,1
19.348,7.4495,2.1746,0.7358,0.4448,-0.8165,5.872,-4.482,62.512,162.82,1
21.975,9.7948,2.1847,0.5686,0.317,4.0142,-16.206,-10.299,42.79,130.56,1
20.289,18.747,2.4166,0.41,0.2165,-29.214,4.8046,16.85,19.516,201.84,1
62.639,21.832,3.2103,0.2323,0.1186,38.114,46.991,10.177,4.271,253.9,1
57.04,26.148,3.1999,0.2802,0.1903,-56.221,26.774,-22.412,2.377,273.67,1
22.073,6.6451,2.1538,0.7298,0.4105,23.693,12.047,6.6839,52.616,172.19,1
26.069,17.069,2.6258,0.4284,0.2379,10.148,9.1763,-9.7769,55.572,41.557,1
40.631,28.533,2.9798,0.1823,0.099,49.299,-20.97,22.938,1.8127,157.3,1
56.528,27.503,3.009,0.2449,0.1405,-59.589,41.959,17.727,6.718,271.97,1
37.21,21.486,2.8932,0.312,0.172,2.3956,-14.587,-10.381,9.381,187.57,1
86.053,23.144,3.239,0.2555,0.1537,-38.855,66.844,-17.885,3.062,323.24,1
20.662,12.896,2.4464,0.5438,0.3131,-10.701,-11.709,-7.4269,63.478,125.52,1
46.272,16.667,2.6294,0.3169,0.1585,-18.678,-42.898,8.6856,6.923,177.72,1
95.673,37.282,3.1895,0.1849,0.0979,-50.544,50.661,-23.785,6.4531,309.49,1
13.047,10.792,2.1508,0.7633,0.47,-13.669,4.5478,-9.7259,13.998,243.46,1
20.432,18.05,2.3149,0.4843,0.2736,-12.296,11.771,9.5125,89.076,180.23,1
25.545,21.129,2.7763,0.3515,0.2201,-5.8842,-16.475,-15.461,69.347,90.699,1
25.359,18.456,2.8028,0.411,0.2197,15.036,20.747,8.317,34.596,71.351,1
84.468,29.76,3.411,0.1568,0.0933,83.599,82.908,-8.2418,6.667,251.06,1
21.286,6.9056,2.2418,0.7221,0.4097,22.724,12.86,-6.3068,44.627,171.16,1
26.787,11.107,2.5237,0.482,0.2889,33.193,15.095,-7.4581,13.143,136.46,1
49.871,22.331,3.235,0.1799,0.0934,-5.3975,-20.319,15.527,8.326,220.73,1
28.515,16.827,2.4646,0.4768,0.2487,9.1156,26.988,-9.9707,48.71,252.45,1
18.316,7.4868,2.1222,0.7698,0.5019,1.1777,-5.0042,2.0348,2.559,105.17,1
42.392,17.42,2.7332,0.329,0.2043,24.59,32.475,11.242,13.7,129.94,1
19.655,7.4092,2.0986,0.7331,0.4263,1.2064,-7.0747,4.9018,82.259,235.16,1
73.976,33.496,3.5894,0.1624,0.0828,-57.149,40.366,17.083,1.537,272.53,1
26.003,11.727,2.6138,0.455,0.2348,-19.12,-11.825,9.0343,24.689,195.08,1
19.922,7.2895,2.1255,0.7566,0.4007,3.3748,-10.509,-5.1151,29.921,127.18,1
34.141,11.406,2.4969,0.3885,0.2022,-48.089,-13.582,-7.6879,12.773,161.36,1
23.604,20.967,2.638,0.3728,0.2198,-10.696,-13.842,2.4591,6.139,170.94,1
20.724,10.442,2.2788,0.6105,0.3079,-7.9427,18.079,-10.826,13.056,201.2,1
23.215,14.186,2.6069,0.5093,0.2781,-18.046,-10.575,10.095,39.356,136.95,1
16.559,11.515,2.4265,0.5918,0.3202,-1.2529,5.5436,-5.058,0.202,76.778,1
76.593,21.688,2.6144,0.3645,0.2224,-12.645,-85.402,-13.201,19.152,181.37,1
89.635,32.413,3.468,0.1951,0.1006,22.398,132.22,25.284,13.88,103.73,1
139.2,37.495,3.3597,0.1747,0.0924,104.08,135.35,11.065,0.35,241.14,1
51.532,26.192,3.0273,0.216,0.1178,41.784,48.492,-12.995,16.385,249.64,1
66.294,23.133,3.1339,0.2131,0.1128,12.453,71.725,14.015,2.314,179.63,1
59.272,27.362,3.5549,0.1926,0.1083,38.577,60.482,-8.4718,12.338,174.79,1
32.514,15.447,2.705,0.3254,0.1746,-22.205,-21.633,14.594,7.5607,184.87,1
31.184,17.991,2.7122,0.324,0.1639,19.522,19.446,15.03,8.1352,236.28,1
61.771,27.387,3.4156,0.1675,0.0901,36.217,51.802,5.5884,3.0719,252.53,1
20.772,12.942,2.3294,0.4918,0.2693,11.246,12.116,-6.72,5.709,222.21,1
17.186,7.246,2.3064,0.8395,0.5506,4.0834,4.4909,-5.4289,12.358,81.697,1
47.282,30.859,2.7709,0.2339,0.1212,32.957,33.557,32.12,19.286,176.97,1
102.54,16.352,2.8765,0.2326,0.1176,52.597,95.241,5.0013,2.7131,291.02,1
23.968,19.368,2.42,0.403,0.2262,-18.621,-18.194,-15.513,48.638,179.83,1
28.443,12.156,2.4346,0.3787,0.193,24.111,21.712,-8.8176,2.976,250.94,1
85.207,39.007,3.9939,0.1148,0.0575,41.9,77.643,-28.963,3.613,277.36,1
53.228,22.704,3.0019,0.3066,0.1707,-72.643,36.276,9.4574,0.9246,257.44,1
26.027,13.111,2.48,0.4702,0.2964,6.64,18.571,8.3575,48.852,136.52,1
76.983,20.204,3.0888,0.2681,0.1504,95.948,56.833,-19.81,5.806,276.06,1
38.958,22.948,3.2961,0.2458,0.1418,21.738,29.623,-10.222,0.3159,158.98,1
12.875,11.425,2.1287,0.7361,0.3903,15.108,-6.3378,-11.413,43.404,165.73,1
21.285,6.9088,2.1629,0.7216,0.4089,22.755,12.816,-6.3066,48.471,199.84,1
41.448,29.19,3.0261,0.162,0.0862,0.0996,-16.317,7.3454,7.4614,217.69,1
17.514,10.424,2.4886,0.6299,0.3977,-0.3065,3.5747,-7.5586,83.163,207.85,1
19.733,7.409,2.1021,0.7194,0.4229,0.4781,-5.253,-5.0183,89.315,98.657,1
55.363,13.312,2.6454,0.2896,0.1618,-33.197,46.334,-13.166,10.666,233.86,1
84.053,23.954,3.3467,0.2237,0.1393,-37.44,49.59,13.431,3.131,302.94,1
23.875,12.984,2.2355,0.5116,0.2645,-29.56,-7.2064,4.6306,41.417,139.17,1
87.348,29.023,3.4145,0.1536,0.0795,73.209,87.513,17.171,0.4795,269.4,1
16.197,11.535,2.2878,0.6082,0.3686,1.7609,-5.1272,-7.0963,10.796,134.34,1
18.896,16.644,2.3444,0.5792,0.2919,26.878,-13.588,-15.548,8.4598,224.21,1
22.917,21.411,2.4983,0.5175,0.373,15.128,21.925,15.563,42.627,181.75,1
22.698,0,2.1156,0.7586,0.4176,-2.9887,12.506,-0.0001,7.7055,193.76,1
74.4,28.986,3.5147,0.2164,0.1218,-34.485,63.274,19.727,4.3296,296.27,1
24.858,9.5246,2.6004,0.527,0.3174,16.248,-13.934,4.246,3.715,147.22,1
63.371,22.86,3.0152,0.1999,0.1067,27.735,42.592,-12.744,4.4256,252.27,1
45.081,22.903,2.5391,0.4393,0.2355,-42.885,-37.088,13.448,1.555,318.12,1
23.006,18.836,2.5527,0.3557,0.1891,4.4306,17.961,10.653,25.381,123.86,1
31.154,18.494,2.8845,0.3014,0.152,5.1649,29.331,11.773,40.24,165.65,1
50.375,18.297,2.9633,0.2905,0.1572,23.701,51.019,-4.4907,0.9822,257.78,1
24.385,14.425,2.527,0.4666,0.2541,17.197,7.1992,10.232,14.769,157.27,1
113.5,22.225,3.0542,0.2304,0.1399,-7.2961,-42.953,-15.129,2.729,354.77,1
83.379,29.452,3.5232,0.2569,0.1593,20.125,41.107,-17.4,3.915,350.36,1
18.21,12.11,2.3375,0.5793,0.3885,1.2409,-9.4515,10.764,0.251,90.811,1
69.639,18.299,2.9074,0.2859,0.1467,-15.044,63.961,7.7653,5.6556,246.65,1
35.087,32.378,3.6087,0.1812,0.1045,-6.5013,-8.1597,19.151,76.074,70.166,1
33.603,16.401,2.688,0.3385,0.1877,-6.8331,24.976,12.958,0.972,248.74,1
92.905,30.024,3.3264,0.1174,0.0592,101.86,86.928,-10.371,6.665,208.49,1
22.237,19.681,2.6893,0.4049,0.2117,9.7946,-8.0462,-13.874,64.813,40.493,1
90.525,45.216,4.0593,0.0953,0.0494,-55.971,76.057,-16.989,4.046,283.59,1
29.262,12.709,2.5422,0.3644,0.1994,15.868,11.61,9.145,6.879,136.74,1
17.526,11.056,2.2648,0.5435,0.2799,1.0075,-6.2517,3.2753,26.821,233.85,1
92.765,43.161,3.8629,0.1694,0.0908,27.913,48.603,26.627,0.964,389.62,1
42.016,15.764,2.9191,0.2867,0.144,16.244,28.405,-12.178,0.9256,198.75,1
29.493,20.163,2.8322,0.3061,0.1891,25.673,16.948,-15.278,37.794,150.65,1
21.568,9.8547,2.4749,0.6767,0.3668,-10.392,-13.863,7.87,16.1,71.181,1
37.181,8.7493,2.3233,0.4703,0.2447,23.711,20.435,-2.2727,22.925,176.23,1
27.066,15.954,2.6998,0.3673,0.2086,13.856,16.075,-10.471,11.067,199.09,1
13.052,11.135,2.0846,0.7572,0.3909,14.929,-3.8248,-11.791,83.31,178.04,1
129.43,9.7503,2.4556,0.4694,0.268,-140.9,-94.738,-4.1672,1.004,376.46,1
12.878,11.38,2.0737,0.7342,0.4093,15.019,-7.5534,10.558,12.823,253.83,1
79.639,26.912,3.4607,0.1675,0.0843,-54.923,65.937,-20.429,5.2634,303.1,1
19.674,7.4183,2.1446,0.7168,0.4265,0.2174,-3.992,-4.9487,40.871,240.01,1
19.026,10.069,2.1584,0.5694,0.3299,23.096,10.651,3.3355,12.536,209.75,1
25.517,15.014,2.6253,0.4621,0.2713,0.6638,23.996,-8.2883,26.987,111.08,1
97.938,29.86,3.379,0.2682,0.169,-83.44,-69.862,18.76,1.805,358.87,1
33.792,21.982,3.1755,0.2964,0.1499,-14.534,15.048,9.9533,8.5072,166.72,1
29.517,25.288,2.8122,0.3097,0.1626,-21.8,5.1213,-16.289,54.316,118.43,1
19.041,7.4378,2.1414,0.7653,0.4585,2.2155,-7.7496,-3.7858,29.838,177.74,1
37.696,20.225,2.708,0.2586,0.1459,40.488,12.249,18.965,1.203,92.325,1
84.94,33.207,3.5457,0.1307,0.0673,67.719,74.387,30.809,4.5847,172.1,1
20.365,11.167,2.4208,0.5996,0.3435,-2.4649,8.6544,11.509,17.163,211.91,1
19.92,11.549,2.4338,0.5893,0.3297,-2.5218,6.3967,-10.449,45.987,230.5,1
28.577,9.5947,2.4354,0.4587,0.2514,-41.271,17.895,-7.1629,1.003,225.34,1
67.238,23.396,3.107,0.2571,0.1356,-64.067,48.918,18.598,6.5364,267.67,1
30.4,14.465,2.5359,0.3843,0.2023,25.848,18.989,10.77,22.81,240.3,1
53.487,22.017,2.9317,0.2153,0.1106,58.172,51.079,-15.706,16.457,168.17,1
33.93,15.147,2.6238,0.4328,0.2295,-8.6904,25.607,-16.359,4.7267,178.59,1
44.903,34.126,3.6003,0.1504,0.0762,2.2847,32.578,-13.869,2.3411,106.22,1
56.641,14.631,2.8482,0.2667,0.1525,15.656,26.524,10.972,5.714,226.11,1
98.186,44.019,4.0869,0.0915,0.0462,-88.438,85.288,37.865,12.408,243.15,1
22.009,12.461,2.5058,0.4899,0.2793,-2.3117,12.718,-6.7107,26.125,58.703,1
25.286,10.062,2.3953,0.507,0.2998,-7.9511,-18.174,-7.7926,8.436,180.76,1
12.804,11.522,2.0314,0.7256,0.3953,15.285,-7.8399,10.684,7.7639,74.365,1
37.577,20.473,2.6279,0.2827,0.1449,-66.955,27.902,-17.003,31.68,120.92,1
38.397,21.365,2.6258,0.3408,0.1787,6.7633,31.712,19.925,58.466,161.69,1
67.748,22.069,2.8654,0.259,0.1302,49.176,50.848,-13.423,2.3478,236.13,1
28.464,9.4391,2.273,0.4533,0.2533,-40.316,15.929,6.6576,63.511,50.895,1
44.12,20.21,2.8096,0.1876,0.0969,38.955,34.04,-7.0226,29.21,119.75,1
29.273,15.505,2.7638,0.3807,0.2214,6.6386,14.949,-11.46,43.154,106.08,1
20.617,12.023,2.4401,0.5191,0.2704,19.341,12.988,6.3557,44.111,201.68,1
24.71,10.5,2.3314,0.4615,0.2541,-5.4547,-19.061,-6.703,2.1688,125.12,1
12.95,11.025,2.2799,0.7349,0.4593,-14.042,7.0255,-5.8389,87.29,135.68,1
42.152,24.141,2.8791,0.2008,0.1037,-33.411,-17.58,-16.208,21.355,156.69,1
23.282,11.906,2.5119,0.4892,0.2846,12.378,10.182,5.7956,16.601,222.45,1
27.327,7.0286,2.2148,0.5732,0.2896,-9.9486,-11.788,2.8492,3.3457,197.23,1
23.918,17.765,2.5888,0.4124,0.2281,-20.202,13.903,8.6601,17.706,89.5,1
41.664,13.848,2.541,0.3942,0.2403,42.81,30.938,10.198,1.154,224.61,1
49.353,16.768,2.8591,0.314,0.1653,-27.55,-47.127,8.6592,12.958,214.7,1
87.17,38.933,3.0953,0.1638,0.0911,83.15,74.469,39.114,26.861,198.43,1
77.496,30.606,3.3758,0.1667,0.089,59.123,92.629,-10.281,6.373,179.76,1
49.693,14.436,2.9274,0.253,0.1271,-28.397,-32.56,-7.3791,2.915,188.18,1
25.688,18.103,2.7789,0.4027,0.2238,25.27,22.605,9.8842,0.374,207.11,1
34.056,15.214,2.6518,0.3122,0.1594,-26.441,-16.159,-11.102,31.791,86.053,1
26.016,10.342,2.4749,0.6164,0.3266,-2.4577,23.71,-9.1486,19.099,207.79,1
24.141,10.397,2.4241,0.5687,0.3446,-15.112,-19.633,8.6287,2.541,180.9,1
61.635,10.313,2.6712,0.3454,0.1972,-86.161,15.354,-8.2476,1.612,255.12,1
38.097,20.709,3.0436,0.265,0.1334,41.343,23.176,-17.072,3.185,227.83,1
32.221,12.271,2.5623,0.4329,0.2452,24.465,20.491,9.9389,20.917,222.27,1
96.749,37.632,3.8609,0.1545,0.0823,-107.83,27.495,-26.847,0.087,326.19,1
43.849,16.429,2.4914,0.4194,0.25,-58.184,26.271,-6.3383,4.721,168.79,1
65.8,17.226,2.8716,0.2621,0.1418,-66.345,51.122,14.549,2.8883,275.14,1
26.114,15.788,2.7344,0.3871,0.1945,40.4,-14.577,-14.249,4.7719,207.34,1
32.226,18.027,2.5838,0.352,0.1786,-27.723,-13.897,9.7566,86.805,123.92,1
12.87,11.444,2.3811,0.736,0.3805,-15.095,5.3032,11.621,21.012,204.04,1
26.86,20.595,2.8754,0.3438,0.2152,-3.4556,-20.001,-9.0535,3.9848,205.5,1
22.091,10.895,2.2945,0.5381,0.2919,15.278,18.23,7.3975,21.068,123.28,1
56.222,18.702,2.9297,0.2516,0.1393,96.576,-41.297,11.376,5.911,197.21,1
93.704,37.943,3.1454,0.168,0.1011,53.257,89.057,11.818,14.122,231.9,2
102,22.002,3.3161,0.1064,0.0724,-54.086,43.055,-15.065,88.464,274.94,2
100.28,21.878,3.11,0.312,0.1446,-48.183,57.655,-9.6341,20.785,346.43,2
91.656,18.829,2.7097,0.4386,0.342,-52.684,-97.837,-17.096,63.883,130.8,2
38.02,12.674,2.8747,0.4084,0.1928,-51.484,8.3471,7.962,24.54,163.87,2
160.07,87.045,4.003,0.094,0.0508,-31.924,-169.28,-54.781,10.203,292.76,2
177.89,59.135,3.9456,0.0736,0.0557,-208.57,-127.64,38.813,88.99,263.91,2
150.3,32.541,2.799,0.4486,0.2785,-167.78,107.55,17.163,25.305,298.52,2
21.395,10.984,2.5729,0.5829,0.3222,15.41,18.353,-3.9265,64.738,70.418,2
95.373,46.08,3.1073,0.2005,0.1226,55.344,69.614,37.29,43.133,333.24,2
25.735,9.5793,2.7412,0.5898,0.3058,30.974,16.623,-2.7698,88.628,165.78,2
134.83,43.166,2.8715,0.2553,0.146,85.564,146.22,-34.903,19.173,147.25,2
51.379,19.099,2.702,0.3098,0.1698,-35.732,-40.116,-16.293,22.129,231.84,2
18.491,9.7635,2.4829,0.6579,0.3734,-1.806,7.652,6.726,33.816,188.87,2
94.017,65.599,3.7464,0.1547,0.0817,86.751,73.607,-50.701,89.766,296.82,2
146.81,75.58,3.2641,0.0887,0.049,106.66,142.3,32.407,78.634,176.42,2
66.237,49.487,2.8774,0.2931,0.1744,-26.211,-44.362,-38.84,40.313,334.4,2
148.38,58.63,3.2086,0.314,0.2129,-135.51,106.1,36.269,35.526,342.28,2
34.626,18.276,2.7611,0.4234,0.2249,31.747,41.508,-8.8158,87.793,139.08,2
135,95.86,3.3018,0.2299,0.0956,147.34,-89.261,-51.645,18.521,197.4,2
38.629,11.201,2.8199,0.3997,0.2279,2.1462,19.422,-7.3166,43.427,142.18,2
14.316,7.6633,2.501,0.516,0.2509,-16.49,-22.301,-5.4934,78.119,262.86,2
28.7,17.791,2.3784,0.4393,0.2322,10.356,-22.96,-13.476,42.532,52.366,2
129.93,38.311,3.8703,0.0992,0.0537,147.35,97.512,-9.9733,49.379,218.4,2
108.2,67.606,3.4777,0.1505,0.0846,-47.975,-78.197,42.024,71.638,322.85,2
27.934,11.58,2.6385,0.4759,0.2655,10.424,16.43,-8.8598,73.565,213.71,2
107.1,24.638,2.9901,0.4153,0.2481,-130.96,65.903,-19.834,27.465,331.16,2
22.281,10.2,2.4688,0.5317,0.3049,19.825,23,-5.5027,22.42,79.068,2
35.363,13.392,2.6191,0.4646,0.2641,-10.3,-17.351,-1.1125,85.083,191.08,2
23.419,15.455,2.4942,0.6764,0.3256,-4.1531,-17.348,19.839,83.199,21.972,2
45.563,17.536,2.6085,0.2685,0.1367,81.966,-38.1,-5.1302,54.251,241.77,2
120.99,37.368,3.6852,0.1414,0.0829,-36.009,43.667,20.2,7.854,323.98,2
17.217,14.093,2.521,0.4344,0.2447,30.807,13.404,10.773,54.531,230.17,2
141.47,65.704,3.5155,0.2149,0.1501,-104.61,-168.9,81.153,33.431,270.62,2
24.914,11.086,2.4812,0.4455,0.2323,24.656,20.088,1.2165,33.145,227.28,2
34.97,15.469,2.7549,0.3435,0.1862,29.001,30.562,5.4633,40.203,194.68,2
13.128,10.509,2.224,0.7821,0.4866,-13.218,-5.1053,10.361,43.916,122.29,2
44.766,19.734,2.8092,0.3801,0.2242,30.561,50.199,9.2919,77.609,229.45,2
149.86,64.304,3.835,0.1026,0.0574,79.646,154.96,37.629,62.744,75.989,2
25.397,14.254,2.7105,0.5063,0.2697,33.122,-7.5952,10.681,46.44,185.93,2
24.448,10.089,2.5841,0.6311,0.3495,3.0357,11.554,-12.52,73.077,117.52,2
29.977,16.964,2.8096,0.3287,0.1698,-1.7394,21.416,-10.013,10.579,237.56,2
28.365,8.8107,2.537,0.5369,0.3324,12.414,25.635,-6.0112,50.318,150.03,2
25.568,7.4485,2.5257,0.7158,0.388,-4.4429,17.106,5.0719,9.8852,115.15,2
149.85,46.936,3.2299,0.1746,0.0936,226.87,-120.68,19.256,60.439,155.03,2
17.763,7.0232,2.357,0.8571,0.4945,-6.8579,8.3954,5.4142,67.345,185.68,2
20.767,8.8377,2.3802,0.6458,0.3646,-23.825,-11.017,-2.6001,55.07,93.508,2
56.602,25.027,3.1268,0.2114,0.1206,67.51,24.961,9.7653,77.158,171.74,2
39.618,11.253,2.8256,0.3607,0.2643,14.983,36.968,0.9761,6.6547,168.33,2
17.567,8.9286,2.5176,0.5196,0.2957,2.7447,9.885,-9.7273,68.185,199.9,2
147.47,57.931,3.1745,0.273,0.1589,-104.58,-150.18,41.905,57.359,282.84,2
74.303,25.052,2.9592,0.1881,0.0896,26.8,-33.068,-18.822,53.466,232.15,2
112.15,22.189,3.3069,0.225,0.1013,25.906,76.711,-29.802,9.6688,177.16,2
205.97,61.802,3.2665,0.2409,0.1337,-242.36,-163.37,52.735,21.546,273.98,2
15.34,14.74,2.6245,0.5811,0.3569,-5.3281,9.0276,-17.413,64.417,220.14,2
121.58,24.005,2.9664,0.3009,0.1559,-82.112,-117.78,13.108,66.172,56.444,2
207.62,62.342,3.5013,0.1148,0.0601,-123.75,-138.92,-50.427,6.381,218.13,2
27.989,7.5279,2.2742,0.6011,0.359,12.895,-6.5693,-5.0081,46.935,236.98,2
51.264,11.81,3.0342,0.3124,0.1567,29.511,-24.842,3.0669,77.258,155.03,2
18.936,6.9726,2.5738,0.6561,0.409,20.052,15.816,3.6558,15.436,192.85,2
154.58,46.036,3.0382,0.2253,0.1204,78.172,169.77,11.924,56.935,200.13,2
154.95,129.92,3.6943,0.0957,0.0691,-86.782,-78.493,-101.03,32.769,277.09,2
17.434,14.714,2.3684,0.5719,0.3005,-9.3392,-18.226,9.4445,89.846,180.5,2
69.254,34.302,3.1916,0.1173,0.1132,-30.282,73.818,21.378,24.909,279.93,2
102.35,12.357,2.5871,0.3855,0.2031,60.57,94.13,-9.5447,20.689,194.18,2
25.111,0,2.0986,0.7012,0.3625,-29.283,-8.9276,0,16.042,188.04,2
33.78,14.781,2.4378,0.4526,0.2646,-34.252,-19.387,-10.749,66.755,144.69,2
57.024,23.956,3.2678,0.1911,0.0974,14.643,45.77,7.4105,14.005,178.18,2
23.889,13.05,2.6324,0.5291,0.3209,-12.824,5.5116,-7.6537,77.796,52.947,2
124.3,15.383,2.5185,0.5152,0.2682,-68.208,-135.33,-2.4825,60.455,180.95,2
80.596,26.427,2.9326,0.21,0.1097,-63.996,-77.873,7.7452,45.264,60.801,2
17.305,9.6993,2.7375,0.6688,0.3733,16.386,19.729,-10.928,7.7583,245.58,2
25.784,13.337,2.4624,0.4793,0.281,11.614,14.928,-9.3009,20.38,148.37,2
58.855,41.351,3.0491,0.2437,0.1409,-22.839,-22.107,28.792,8.8702,226.63,2
16.579,10.15,2.3312,0.4755,0.2639,24.639,11.928,9.1115,42.408,263.52,2
48.818,11.814,2.7782,0.5041,0.2638,34.931,40.731,-3.6443,18.726,132.3,2
69.768,18.982,2.7478,0.5255,0.2654,-44.583,-30.759,-12.955,33.005,303.91,2
75.379,17.54,2.4082,0.4414,0.2285,30.443,74.571,14.379,79.831,218.14,2
16.241,11.628,2.4362,0.6044,0.3315,1.9824,-5.9228,5.5241,73.705,95.033,2
65.832,61.404,3.0416,0.3671,0.1967,-41.89,-55.079,-34.275,11.356,353.09,2
67.076,43.411,3.1229,0.2479,0.1428,-31.702,40.235,17.838,89.482,324.12,2
20.291,12.559,2.4935,0.5875,0.3804,14.551,15.364,9.4182,42.537,214.28,2
47.952,27.808,2.9854,0.2388,0.1201,52.868,46.957,-23.461,52.758,94.736,2
20.62,8.7072,2.1851,0.5608,0.3138,-19.742,24.19,12.496,39.685,205.34,2
29.992,11.24,2.2585,0.487,0.28,9.2499,12.868,-7.226,4.1274,94.865,2
27.131,19.469,2.7303,0.434,0.2639,1.8717,18.99,13.15,83.174,146.8,2
40.474,27.348,2.7645,0.3972,0.2107,37.24,34.036,17.021,32.313,151.65,2
297.12,111.02,4.0798,0.0928,0.0429,-291.92,-269.21,87.115,41.336,232.96,2
31.618,14.264,2.6613,0.4318,0.2345,11.269,23.239,-11.372,54.251,260.43,2
188.43,40.244,3.1463,0.1083,0.0562,-136.44,-142.18,-16.395,49.137,92.917,2
21.89,6.5928,2.2589,0.7328,0.4435,22.106,14.264,6.5956,68.939,67.675,2
89.243,42.404,3.2287,0.2032,0.1196,-74.675,47.579,22.941,70.023,287.04,2
33.655,11.816,2.6413,0.5584,0.408,-15.73,-18.678,-9.9657,82.189,202.08,2
103.7,24.614,3.3191,0.2723,0.1733,8.0278,58.988,6.5624,28.829,326.1,2
90.939,24.62,2.9779,0.4611,0.2722,-8.8151,-76.533,-23.116,10.825,357.92,2
20.646,9.5423,2.5366,0.6134,0.3881,4.0757,-15.158,-10.177,81.015,104.65,2
25.294,9.5862,2.4207,0.5272,0.2657,-15.187,22.399,5.4272,37.149,133.21,2
30.353,17.397,2.7415,0.3554,0.2058,-1.368,-8.2302,11.042,55.884,119.35,2
17.312,11.901,2.5779,0.587,0.4036,-0.4256,7.126,-6.299,31.255,268.53,2
79.374,46.67,3.4318,0.1317,0.0672,-66.657,58.089,-10.142,22,278,2
27.998,19.762,2.7238,0.4458,0.3069,37.432,36.099,-16.409,86.529,147.26,2
31.529,8.5731,2.8456,0.4497,0.1899,-15.05,-1.6939,-11.425,42.386,247.21,2
16.37,14.08,2.2589,0.6347,0.3333,0.3367,-5.9066,-7.4584,12.2,52.333,2
25.23,10.324,2.2902,0.5426,0.3037,20.308,26.813,-9.9377,12.776,107.48,2
27.489,17.147,2.6537,0.3307,0.192,8.8137,19.241,9.6552,12.012,98.099,2
34.1,7.9861,2.5601,0.5073,0.3005,-13.258,-35.891,14.092,31.514,37.257,2
56.74,12.663,2.8623,0.3915,0.252,-69.407,-17.488,-3.1904,7.2318,257.84,2
35.574,31.565,2.9243,0.1964,0.1006,21.625,19.035,23.593,80.678,267.32,2
47.899,21.304,2.8094,0.313,0.1745,25.823,34.661,12.517,19.469,269.09,2
62.206,34.732,3.0828,0.1967,0.1012,-58.316,37.334,12.984,29.492,271.64,2
50.112,27.222,3.2483,0.2049,0.1025,-41.735,-43.179,18.907,85.723,134.64,2
14.363,6.543,2.253,0.6006,0.3084,-4.5373,10.334,-9.1807,29.326,123.23,2
51.91,14.767,2.8209,0.253,0.1328,63.703,35.964,10.743,19.443,205.51,2
33.939,11.397,2.6015,0.4205,0.229,43.866,20.497,-9.7914,10.996,200.07,2
12.9,9.3948,2.3795,0.7729,0.5069,14.412,9.0063,-6.9351,6.2747,164.24,2
20.65,8.9581,2.3263,0.6415,0.3703,23.41,11.618,2.3654,42.204,66.387,2
87.072,20.064,3.1875,0.263,0.1568,-40.525,58.95,18.164,31.418,315.59,2
44.159,22.314,2.8129,0.2615,0.1346,20.797,41.626,17.763,77.782,225.1,2
255.75,83.188,4.0608,0.0668,0.038,-224.1,-157.16,-62.176,76.715,276.25,2
31.947,9.0242,2.6075,0.5506,0.3025,24.338,19.122,5.1754,88.22,140.77,2
16.757,11.306,2.3766,0.584,0.355,0,0.1543,6.7419,48.504,117.64,2
140.02,105.34,4.409,0.0457,0.0244,-107.14,-105.33,-112.09,86.331,66.302,2
30.76,25.556,2.7275,0.3258,0.1901,2.657,13.313,9.646,30.7,162.57,2
19.616,9.8644,2.4487,0.669,0.3826,7.6638,-16.386,-10.915,61.109,144.47,2
68.503,30.525,3.1106,0.2264,0.1492,-7.1942,-91.401,-14.552,9.0744,181.35,2
133.34,30.299,2.8322,0.4281,0.288,-108.69,-127.92,19.558,16.281,422.6,2
22.448,14.559,2.6417,0.3863,0.2108,18.71,21.693,1.1683,20.082,149.56,2
212.88,80.035,3.5707,0.176,0.0888,-177.74,-102.1,78.922,49.485,213.56,2
37.111,21.81,2.7401,0.2993,0.1797,49.357,-12.58,-0.0943,49.928,97.119,2
13.005,10.985,2.1189,0.7529,0.4525,-14.102,6.2012,9.7395,70.654,175.46,2
30.815,12.037,2.5792,0.498,0.2754,-11.969,22.712,8.1449,41.588,168.77,2
108.95,34.596,3.0721,0.2314,0.131,17.512,95.454,-22.22,42.33,288.04,2
12.999,11.225,2.1021,0.751,0.3913,14.952,-4.6327,-11.716,49.723,63.656,2
90.019,18.85,3.1189,0.2826,0.158,68.276,51.899,-12.81,66.594,71.154,2
22.337,12.622,2.642,0.5547,0.2953,33.067,-19.934,1.0432,67.246,102.17,2
191.16,52.985,3.2554,0.0897,0.0613,364.59,-159.71,37.599,6.8004,116.1,2
193.91,51.233,2.9993,0.2967,0.155,-268.36,156.54,28.441,19.767,269.77,2
24.475,11.501,2.5139,0.5299,0.268,1.4743,11.143,-11.665,71.801,155.91,2
192.48,96.426,3.51,0.1273,0.0657,-302.46,-46.804,-104.89,88.196,250.91,2
38.215,15.328,2.7774,0.4524,0.2479,16.499,25.998,13.619,79.448,219.85,2
229.29,112.51,3.5194,0.1458,0.0806,-262.01,-134.65,-134.4,1.944,131.3,2
103.38,22.14,3.2033,0.2104,0.1055,104.44,93.084,-14.732,24.717,287.03,2
167.37,123.45,3.2448,0.1395,0.0913,-133.73,94.831,-96.055,74.819,257.43,2
108.2,32.627,3.3518,0.1048,0.0485,77.536,120.57,22.702,6.5099,283.25,2
65.725,36.285,2.6559,0.3339,0.1692,-28.851,-57.61,21.954,77.025,203.23,2
141.22,87.512,4.6492,0.0365,0.0206,76.776,-121.46,-57.688,8.992,242.07,2
32.388,16.814,2.7745,0.3626,0.179,17.788,23.977,-17.475,7.7602,233.57,2
194.85,169.69,3.5132,0.1343,0.0995,-236.52,-163.01,-97.302,1.1486,197.89,2
206.2,126.84,3.4925,0.1615,0.0832,-132.59,92.639,-111.88,35.232,218.96,2
13.078,11.077,2.1189,0.7605,0.3992,-14.849,4.1004,11.751,58.14,227.59,2
261.95,27.917,2.711,0.3851,0.2418,236.65,183.43,-34.1,27.813,48.078,2
111.68,19.357,2.8299,0.5133,0.3602,-80.463,-83.629,19.522,40.024,328.99,2
32.51,12.912,2.5821,0.5105,0.2919,8.0503,21.31,-6.7075,9.475,192.3,2
52.594,27.508,2.8322,0.3061,0.1538,-43.879,-44.262,12.669,52.085,103.3,2
16.989,11,2.4564,0.6294,0.3514,-3.4902,8.0823,-7.0516,55.393,91.376,2
139.73,69.893,3.1422,0.1427,0.0739,-133.98,53.776,-69.387,3.031,207.43,2
127.06,37.013,3.4581,0.1948,0.1108,-10.868,-75.836,-8.1514,3.5732,329.45,2
184.25,54.315,3.7752,0.1331,0.0823,-239.59,142.63,-42.645,65.069,300.51,2
21.33,8.2421,2.4099,0.7276,0.4222,20.2,18.827,-10.981,71.5,225.62,2
109.89,31.944,2.8997,0.3623,0.2007,81.88,-100.13,-27.308,39.754,379.21,2
52.887,21.638,3.0466,0.3457,0.1903,35.526,46.911,-6.1959,88.743,167.67,2
44.728,13.34,2.9501,0.304,0.1587,-35.978,-17.8,6.4024,43.786,106.59,2
18.808,10.871,2.235,0.6902,0.4476,3.7371,-4.2867,9.0518,14.623,218.05,2
24.025,14.1,2.6227,0.4386,0.2586,-3.2899,-17.209,-4.9169,53.578,106.39,2
40.08,8.6067,2.5535,0.4307,0.2219,0.8739,-13.954,6.5691,23.196,235.38,2
100.77,34.965,3.3592,0.1679,0.1091,-52.605,63.912,-25.764,71.279,268.67,2
13.463,0.1748,2.1941,0.7456,0.423,0.6513,8.3107,-1.762,86.163,138.05,2
33.534,17.819,2.5874,0.3295,0.1938,-8.3554,26.712,8.4603,85.765,140.19,2
51.468,33.389,3.1901,0.1473,0.0632,28.559,-33.564,-15.3,61.566,245.28,2
20.965,12.157,2.3016,0.5563,0.3234,5.0535,19.163,-8.7979,0.484,232.43,2
188.19,65.72,3.4717,0.1934,0.1021,-241.53,-158.84,-67.289,29.921,225.44,2
136.65,43.771,3.339,0.3489,0.184,-140.23,-144.72,35.798,8.6226,343.94,2
119.64,39.8,2.8701,0.6069,0.4525,-70.433,-114.26,-43.219,36.572,381.68,2
145.21,40.208,3.6729,0.1187,0.0611,-89.684,69.903,39.796,7.932,271.24,2
81.637,25.136,2.4476,0.4251,0.2132,-96.279,37.945,7.9119,18.728,328.06,2
21.394,14.36,2.5011,0.4058,0.2648,25.858,29.643,-11.111,13.043,235.27,2
163.98,43.441,3.1114,0.0717,0.0428,141.47,159.91,-19.148,60.31,181.92,2
55.743,10.485,3.0882,0.2172,0.1334,18.493,43.859,4.4689,57.443,107.99,2
100.09,19.817,2.7202,0.36,0.2467,-121.31,-58.611,18.135,1.9948,239.55,2
77.122,58.09,3.8926,0.0909,0.0485,26.603,66.634,41.822,63.601,118.43,2
140.22,41.345,3.253,0.1686,0.1083,186.51,-103.8,-39.79,86.088,290.24,2
154.52,79.621,3.6816,0.1344,0.0838,-78.149,-164.49,-58.224,70.249,344.98,2
102.64,12.678,2.7712,0.4098,0.2058,-119.48,-54.985,-7.6049,18.86,247.81,2
98.182,72.86,4.0347,0.0831,0.0433,47.134,51.844,-77.254,43.207,180.94,2
42.094,11.561,2.7555,0.3582,0.1817,7.9142,14.689,-5.4932,67.577,89.411,2
106.49,61.718,3.3706,0.147,0.076,-83.894,-53.421,-85.821,80.515,144.58,2
58.482,29.588,2.8879,0.3192,0.1843,-57.813,38.154,6.4472,6.9794,276.18,2
64.474,35.61,3.5658,0.2065,0.1034,-59.329,54.779,-32.185,44.389,292.87,2
124.19,44.757,3.0633,0.1832,0.1076,20.005,-110.98,27.747,0.738,241.67,2
26.268,8.3206,2.3889,0.645,0.387,-2.6525,0.6246,11.377,51.574,168.7,2
25.047,14.92,2.4548,0.4632,0.2474,8.0163,11.065,13.974,62.838,219.75,2
30.195,18.335,2.4404,0.4886,0.2508,10.606,38.523,-10.065,74.671,95.681,2
34.562,4.4228,2.6043,0.527,0.2859,-7.5864,15.083,-12.82,46.372,235.26,2
14.826,9.8085,2.4788,0.5682,0.291,-13.157,-4.4593,7.7445,83.641,148.37,2
21.312,5.9538,2.2393,0.7896,0.5677,17.171,18.729,6.3354,47.817,195.14,2
18.622,10.489,2.2868,0.6878,0.3868,-9.2645,-15.495,-5.5256,18.37,102.83,2
49.94,34.556,3.0978,0.2328,0.1445,16.877,50.772,23.899,33.223,231.87,2
104.41,79.381,4.1743,0.0683,0.0349,-14.429,44.759,-31.509,25.771,320.2,2
120.54,52.754,3.1739,0.2003,0.1089,-73.992,-95.068,30.814,10.041,247.35,2
28.012,11.474,2.5623,0.4986,0.3192,30.394,23.346,11.695,44.761,192.43,2
18.676,16.122,2.4772,0.5361,0.2718,-3.3256,7.2379,-12.552,69.561,194.64,2
36.709,8.9501,2.7709,0.4924,0.2483,-19.052,24.304,-17.083,52.363,252.07,2
97.473,64.654,3.7562,0.1364,0.0816,-48.28,-68.278,21.166,55.293,315.45,2
96.178,23.679,3.3994,0.1246,0.1003,-38.586,46.284,20.535,55.967,166.39,2
38.814,13.692,2.7819,0.3567,0.1832,16.54,23.187,-1.9985,52.975,214.39,2
103.99,88.307,3.7911,0.0891,0.0446,-20.943,73.417,32.677,55.207,52.33,2
213.67,42.108,3.6067,0.1128,0.0838,-202.65,-128.96,39.676,15.173,158.91,2
20.008,10.146,2.472,0.5923,0.2962,16.64,-15.347,-4.9169,34.251,131.24,2
41.65,19.586,2.9126,0.2118,0.0979,58.085,13.718,8.494,68.224,196.72,2
93.764,48.968,3.7326,0.2098,0.1156,-33.086,-92.631,-33.194,2.8296,329.8,2
303.57,38.31,3.5777,0.1476,0.0812,-449.95,200.31,-19.229,71.501,86.029,2
68.706,22.821,2.8011,0.2339,0.1222,-7.5292,38.738,-17.094,11.047,227.61,2
55.961,15.789,2.7447,0.3895,0.2109,31.246,35.179,16.819,17.825,247.97,2
64.993,16.695,3.0631,0.2525,0.1405,38.84,56.616,5.5956,25.589,253.88,2
56.028,22.275,2.9511,0.3953,0.2603,-60.491,39.281,21.331,5.482,263.95,2
50.719,12.157,2.6498,0.4166,0.2318,30.299,45.496,-11.164,14.33,235.66,2
36.036,12.21,2.7611,0.546,0.3526,25.39,34.753,2.637,21.156,194.03,2
27.832,9.9979,2.5198,0.548,0.34,33.025,25.603,8.7252,33.79,205.9,2
35.107,11.372,2.6981,0.5892,0.3737,-24.567,-21.436,12.775,73.454,174.65,2
97.868,42.399,3.0145,0.2747,0.1465,13.974,68.618,-25.752,18.895,342.37,2
19.463,10.566,2.4048,0.6181,0.372,7.1088,-16.58,9.3113,64.519,166.18,2
82.943,45.312,3.2368,0.1895,0.0957,-64.052,-47.223,-25.46,37.416,283.46,2
19.114,17.133,2.4322,0.5545,0.3826,18.639,14.411,-12.446,55.44,205.69,2
24.669,20.088,2.5459,0.4211,0.229,4.5054,22.328,-10.948,2.713,235.57,2
23.85,12.242,2.6385,0.5264,0.2977,24.788,21.224,7.5905,4.201,206.83,2
45.847,9.1216,2.8423,0.3476,0.1796,29.902,39.953,-6.9229,11.778,222.03,2
110.21,70.953,4.1483,0.1001,0.0551,-130.86,-47.736,47.884,35.959,377.9,2
114.32,20.947,2.8904,0.3095,0.1836,-61.221,-107.98,-20.794,67.558,113.13,2
94.614,17.733,3.1317,0.202,0.1154,61.841,64.848,-11.194,60.809,209.65,2
61.315,43.169,3.3569,0.1507,0.0991,3.1627,37.026,14.976,9.6748,261.84,2
89.028,46.149,3.253,0.1916,0.1181,-45.574,-28.434,-32.321,25.154,301.06,2
265.58,76.476,3.1605,0.2898,0.1615,473.07,-284.7,40.462,77.551,175.06,2
108.94,93.864,3.368,0.182,0.0927,-95.894,-74.625,-82.054,75.611,302.85,2
28.927,6.6407,2.5276,0.6944,0.3487,2.5945,21.95,4.3081,2.1748,190.05,2
38.261,7.4784,2.6243,0.5059,0.2815,33.486,27.922,-4.403,51.605,204.98,2
29.311,18.454,2.6959,0.3847,0.2044,-6.3719,17.771,10.447,66.943,249.41,2
48.655,10.924,2.6177,0.4195,0.2402,2.7539,5.1389,3.0774,32.038,157.81,2
77.812,21.492,2.676,0.2972,0.1566,14,56.17,-9.6653,69.67,197.06,2
44.111,9.3378,2.8701,0.3439,0.1773,31.416,27.113,-7.2437,70.297,215.24,2
41.805,39.61,2.7351,0.2754,0.1289,-49.139,-24.603,21.414,9.5109,272.26,2
26.06,13.997,2.6786,0.3633,0.1829,12.104,11.544,-16.992,40.553,244.13,2
91.397,24.692,3.0794,0.3836,0.2533,-89.615,-81.031,13.057,35.876,289.08,2
106.93,28.359,2.9602,0.2367,0.12,134.59,82.445,19.963,15.537,300.55,2
123.25,41.289,3.4288,0.2255,0.1323,-80.545,52.523,21.853,5.3595,343.04,2
31.668,5.7114,2.3192,0.7744,0.5102,16.307,25.338,-3.8923,5.2978,149.29,2
19.947,11.824,2.6196,0.569,0.3589,18.357,15.203,8.1761,7.385,184.06,2
45.443,26.176,2.8058,0.2142,0.1134,-19.468,28.244,-17.498,42.133,140.46,2
24.683,7.1835,2.4713,0.723,0.4341,16.054,19.174,-8.0257,79.778,224.34,2
195.67,63.758,3.0978,0.3313,0.2375,-137.39,-172.47,-56.301,30.621,195.1,2
21.138,12.102,2.6004,0.5521,0.3375,16.384,16.736,-4.3067,10.21,97.049,2
74.217,30.747,3.2718,0.2211,0.1054,1.5308,-58.824,-25.945,60.966,192.81,2
28.135,7.2349,2.5915,0.7374,0.4156,19.812,12.704,6.3876,16.759,139.6,2
37.279,24.795,2.8214,0.334,0.1643,-51.507,-21.22,8.736,16.058,268.54,2
65.554,27.459,3.0265,0.2098,0.1181,-38.583,-48.386,19.823,24.201,75.44,2
21.249,7.3014,2.5881,0.7113,0.4235,13.861,13.863,9.5248,45.77,220.67,2
57.804,11.213,2.4235,0.4517,0.2333,-56.984,33.248,-12.087,66.549,253.28,2
58.126,12.283,3.0451,0.2346,0.1568,38.566,30.851,9.8821,44.911,124.27,2
13.466,10.134,2.1945,0.8115,0.4505,14.021,5.9247,-11.717,24.21,141.7,2
21.416,6.7823,2.0917,0.7287,0.4332,21.952,13.994,6.3718,35.26,241.9,2
32.642,13.491,2.7948,0.4282,0.2285,32.15,-17.249,-4.8722,69.174,165.99,2
204.41,58.335,3.5901,0.1601,0.0865,-207.06,26.176,-51.917,87.968,275.39,2
16.868,8.8821,2.4054,0.589,0.3472,32.194,21.961,-0.0666,62.694,112.69,2
213.3,112.68,3.374,0.1666,0.0908,-12.94,-144.26,-99.516,25.593,169.27,2
40.496,13.105,2.9443,0.4104,0.2311,5.3502,31.215,-6.7521,45.055,172.53,2
13.913,4.3956,2.1261,0.7196,0.471,9.7887,8.9533,-12.791,64.845,166.81,2
128.23,46.111,3.4186,0.1056,0.0543,36.945,-70.282,24.593,80.209,175.29,2
41.461,13.182,2.8417,0.2869,0.2009,12.692,33.657,9.0741,49.329,210.5,2
71.836,46.752,3.4276,0.1137,0.0681,-27.052,73.465,-35.373,76.803,197.25,2
30.201,16.483,2.8542,0.386,0.213,-1.954,-22.648,9.8037,8.7445,188.9,2
101.27,50.566,3.2585,0.2454,0.127,-56.642,-93.794,36.573,30.373,348.8,2
84.689,63.09,3.637,0.0941,0.0506,-176.87,75.833,44.526,44.209,224.21,2
13.419,11.263,2.6321,0.5238,0.2713,17.855,-0.5526,7.2492,27.306,235.01,2
28.315,21.087,2.7678,0.4681,0.2225,-30.023,14.026,-16.164,80.876,312.25,2
123.13,70.089,3.6388,0.1435,0.0654,-148.22,-84.18,-60.744,41.886,326.7,2
59.341,8.7617,2.9275,0.3274,0.1613,55.431,39.643,-6.1347,52.019,83.327,2
33.18,24.968,3.1119,0.2242,0.1328,-16.307,-28.679,-11.877,68.268,50.824,2
22.986,15.03,2.5557,0.4538,0.2556,29.297,-22.28,-13.381,63.187,222.92,2
77.721,61.862,3.2848,0.1799,0.0893,27.251,-45.888,-55.608,72.535,270.42,2
15.878,10.972,2.3139,0.8186,0.47,-7.6432,-3.8896,11.712,71.075,193.23,2
41.588,17.897,2.5185,0.3121,0.1561,19.173,33.876,13.687,35.137,110.56,2
258,104.79,3.4855,0.1827,0.1043,-188.55,-274.96,62.544,51.541,201.87,2
107.59,53.328,2.9783,0.2712,0.1509,-117.58,-56.879,53.52,50.144,285.11,2
176.44,29.682,2.9082,0.3335,0.1946,200.55,-101.78,20.77,32.098,123.79,2
79.864,25.34,2.8919,0.2649,0.1298,-35.431,-94.721,-5.6569,11.911,21.522,2
21.529,13.758,2.7135,0.5841,0.3337,-25.139,-10.972,9.932,7.3842,214.43,2
110.41,25.138,3.4295,0.2603,0.1332,-61.084,78.321,-20.97,16.594,284.82,2
64.647,10.924,3.0378,0.2896,0.1746,-14.587,39.824,6.917,58.5,39.047,2
97.845,71.067,3.4778,0.18,0.1043,61.378,109.34,-61.873,39.487,312.58,2
63.83,11.584,3.0519,0.2644,0.1371,-56.425,41.98,-3.5927,75.003,140.96,2
21.197,15.398,2.6037,0.528,0.3151,16.483,15.424,-7.4482,76.589,179.28,2
27.555,5.3129,2.6426,0.389,0.2172,42.826,27.972,-8.8715,63.447,226.32,2
43.121,26.337,2.9039,0.262,0.1616,-32.467,34.722,-6.0929,4.712,242.81,2
23.837,13.898,2.5353,0.5102,0.258,14.044,8.8619,14.167,53.595,178.35,2
33.897,6.7047,2.5784,0.4375,0.2171,63.615,28.577,5.2084,7.2252,251.73,2
162.89,101.53,3.5138,0.0962,0.0492,78.87,150.73,88.674,26.352,177.57,2
70.663,26.864,3.0906,0.1907,0.097,62.242,44.363,13.647,30.316,78.655,2
97.812,17.685,2.692,0.3069,0.1799,115.82,-37.853,4.2444,67.15,134.91,2
24.876,8.7688,2.4822,0.5898,0.3707,6.9915,8.8083,6.9995,11.218,190.07,2
180.1,135.43,4.2896,0.0541,0.0416,-61.203,-179.06,113.45,58.455,281.28,2
64.574,23.741,2.5553,0.452,0.2968,-68.861,-32.047,-19.141,62.084,110.1,2
157.96,32.474,2.8055,0.4194,0.2152,-181.72,105.24,13.422,7.769,355.99,2
157.68,74.332,3.8503,0.1688,0.0915,-111.19,-138.15,-47.389,49.24,391.03,2
30.945,16.757,2.7266,0.4747,0.2523,-45.849,20.834,13.663,24,184.24,2
36.468,17.378,2.6179,0.3372,0.1885,-2.6738,-26.673,14.935,46.746,196.14,2
236.71,92.616,3.52,0.1015,0.0539,-321.21,122.71,-89.473,25.782,71.289,2
30.155,12.257,2.6026,0.4769,0.2859,-0.2696,-20.3,-7.7299,55.521,168.61,2
124.47,51.56,3.1391,0.2301,0.1216,70.856,142.08,24.697,17.189,151.1,2
92.433,28.721,2.8222,0.3373,0.2086,-53.09,-93.916,-18.488,22.517,221.17,2
39.091,5.8071,2.7999,0.3648,0.1639,21.899,29.195,6.701,70.55,79.476,2
17.347,11.008,2.4942,0.5833,0.3317,-1.5922,6.7319,6.2564,62.825,218.81,2
17.4,12.224,2.1761,0.6983,0.4177,1.6054,4.1679,7.7922,28.982,46.729,2
77.505,17.593,3.1393,0.2523,0.1141,58.292,-43.543,-10.29,44.383,44.576,2
32.378,9.9834,2.7189,0.4508,0.2283,24.434,16.305,-6.3104,64.334,120.23,2
52.877,23.301,2.8204,0.3818,0.2282,-43.407,-58.18,-11.18,42.2,33.924,2
92.049,7.3373,2.3962,0.5984,0.3313,94.532,48.857,-2.9613,58.054,183.3,2
126.44,97.249,4.0199,0.0658,0.0397,-104.27,62.901,6.2249,88.284,334.37,2
28.886,6.8206,2.3232,0.7722,0.4416,-10.266,-17.983,4.8526,54.982,121.18,2
78.435,64.309,3.1894,0.275,0.2013,26.617,91.28,38.32,80.996,315.13,2
35.347,9.391,2.7608,0.4493,0.2385,31.001,25.247,5.2053,81.743,254.38,2
22.465,7.3368,2.4472,0.7607,0.4375,-23.012,-13.603,1.8631,36.47,100.67,2
66.634,42.322,3.1948,0.1194,0.0603,-48.45,-46.884,31.412,32.1,218.23,2
201.59,73.094,3.4777,0.1821,0.092,-194.57,-82.46,59.748,83.604,257.42,2
31.52,11.23,2.7047,0.3874,0.1896,2.8913,19.277,-1.2324,70.944,129.44,2
10.329,10.277,2.2486,0.8249,0.5476,20.438,18.192,5.8693,22.76,224.99,2
20.879,11.32,2.6449,0.6138,0.3409,-5.3063,16.22,-5.8341,17.366,103.36,2
22.497,9.6665,2.3909,0.6179,0.3272,-28.796,12.1,6.9364,43.683,145.8,2
25.229,18.397,2.5467,0.3986,0.217,31.525,12.268,15.211,51.63,100.47,2
19.756,12.021,2.4026,0.7034,0.4756,27.04,25.455,8.3949,62.247,230.82,2
18.184,5.8259,2.3666,0.6586,0.4091,11.346,26.723,-4.3583,80.929,117.29,2
27.678,7.0436,2.5812,0.5201,0.3094,-27.987,5.7116,-6.1568,1.9919,131.73,2
18.132,9.4712,2.1281,0.5086,0.2864,-41.501,20.855,-4.8252,38.182,156.86,2
101.81,38.413,3.0759,0.2149,0.1348,-50.117,-70.662,-23.288,18.019,290.05,2
24.012,15.228,2.4509,0.5743,0.3037,-8.7836,15.773,-11.262,29.835,121.92,2
25.373,18.168,2.5146,0.6313,0.3424,9.9429,15.325,-8.7235,28.399,108.57,2
16.602,8.5853,2.3925,0.6667,0.4014,12.869,7.1313,-4.6861,29.689,76.734,2
46.376,15.956,2.4609,0.474,0.3235,-47.942,-12.558,8.7319,84.694,38.888,2
64.525,46.813,3.03,0.2613,0.1321,-28.551,53.027,40.82,26.525,304.33,2
56.317,12.265,2.9159,0.2973,0.1535,-54.16,-40.559,8.863,33.587,175.16,2
82.083,47.11,3.631,0.2246,0.1251,-38.992,-103.26,38.536,81.43,323.32,2
156.96,121.83,4.3815,0.0206,0.005,60.17,102.29,-35.926,88.498,129.76,2
193.04,41.493,3.5735,0.1513,0.0983,140.11,177.36,-12.308,34.766,235.07,2
138.36,26.559,2.8639,0.2544,0.132,74.824,154.43,-13.954,53.558,184.49,2
62.881,17.311,2.8774,0.4125,0.2195,67.759,-42.828,-12.68,60.823,188.3,2
51.477,9.3649,2.858,0.3456,0.177,-14.224,-17.084,9.2346,85.393,36.476,2
37.915,6.0951,2.6439,0.6175,0.328,40.014,31.747,4.3788,36.676,188.84,2
202.83,73.997,4.3622,0.0678,0.0364,-66.408,-159.35,-21.258,76.113,348.98,2
43.687,20.436,2.572,0.4295,0.2482,-50.124,34.256,13.732,71.456,158.89,2
29.787,10.919,2.6703,0.5176,0.2636,20.588,16.953,11.314,53.613,194.89,2
42.59,27.512,3.3595,0.2287,0.1199,-22.156,47.476,-17.246,41.563,237.38,2
41.872,36.715,3.0022,0.1701,0.102,32.695,-4.831,15.476,47.169,107.25,2
46.617,26.165,2.7745,0.2487,0.1336,62.683,-33.937,13.299,28.827,66.78,2
110.29,29.511,3.4093,0.2436,0.1397,-91.766,-54.707,23.892,28.697,309.33,2
124.18,23.403,3.1793,0.2224,0.1519,-145.62,-74.446,20.624,36.59,214.95,2
79.879,12.566,3.2264,0.1949,0.1184,-150.3,48.344,16.233,65.227,253.95,2
23.269,3.1184,2.0675,0.6687,0.3544,-23.238,-18.532,-9.4784,63.419,225.08,2
23.544,12.32,2.3747,0.443,0.2426,-8.9309,-11.454,-4.0241,87.491,39.605,2
20.338,16.303,2.5164,0.5172,0.3024,1.3912,-10.031,4.1745,8.9192,232.52,2
22.355,9.7154,2.6349,0.5596,0.3118,14.531,13.042,4.4485,39.132,196.64,2
24.209,15.724,2.6569,0.4305,0.2259,-5.7419,15.629,-6.7643,50.387,205.76,2
102.22,40.62,3.5896,0.1199,0.0732,-10.12,-63.793,-36.939,71.384,281.19,2
29.182,8.9596,2.5486,0.5994,0.3376,16.372,14.67,-4.0194,65.049,91.752,2
148.82,23.8,2.966,0.1832,0.1167,118.42,138.03,-15.665,34.281,169.92,2
53.586,3.1711,2.6269,0.3927,0.1933,-3.6971,4.6324,-20.637,15.991,201.04,2
11.152,6.9539,2.4942,0.6461,0.3654,15.853,14.492,-4.4147,62.037,129.98,2
201.78,65.817,3.6415,0.0943,0.0544,-331.93,109.89,42.237,73.369,184.75,2
23.048,16.807,2.4819,0.4573,0.2385,-30.164,-9.3611,14.827,0.8687,251.14,2
41.31,7.2134,2.821,0.3669,0.2014,33.152,22.777,-9.2093,79.012,253.62,2
20.118,7.2995,2.2,0.7382,0.3943,-2.4558,9.6525,5.3895,45.398,150.54,2
22.958,3.5016,2.0488,0.7278,0.432,4.1849,6.0461,17.16,38.568,163.79,2
86.506,44.841,3.2648,0.1914,0.0987,-161.99,82.199,-40.33,3.2487,248.66,2
189.38,72.133,3.6951,0.1066,0.0148,-11.983,-188.72,-86.164,4.5768,86.127,2
42.258,14.705,2.7517,0.3114,0.1335,-63.868,-36.62,14.508,15.986,163.52,2
116.26,23.464,2.6875,0.3479,0.1826,-101.46,-98.491,-0.8442,45.434,107.59,2
15.523,14.797,2.5827,0.5068,0.2575,30.142,-5.7247,-7.7902,57.349,246.63,2
68.838,20.359,3.0166,0.1578,0.0794,-42.781,20.492,-9.611,37.676,93.604,2
19.925,6.9532,2.2658,0.7551,0.3637,14.165,-0.9765,6.2032,6.0072,246.18,2
99.209,88.661,3.2962,0.1502,0.0862,-183.47,64.21,-71.409,2.8,256.68,2
134.09,52.197,3.2688,0.2908,0.121,-76.213,-105.28,49.959,23.02,256.33,2
17.991,16.555,2.1506,0.535,0.3094,-9.7798,-8.8554,-3.6987,49.24,41.689,2
34.318,17.168,2.7536,0.3351,0.172,22.936,13.058,-18.465,8.107,240.38,2
24.222,17.899,2.5,0.5288,0.3047,20.72,-23.935,-5.1264,76.294,218.57,2
56.893,16.407,2.7271,0.2849,0.1528,5.102,30.146,-10.47,34.839,277.5,2
118.8,99.642,3.5763,0.0804,0.042,215.37,-117.01,-87.02,51.449,61.512,2
132.87,31.244,3.3527,0.1218,0.0703,44.631,-109.42,-14.858,24.738,97.577,2
21.68,20.523,2.6503,0.396,0.2315,21.807,13.882,-12.711,34.873,217.2,2
149.75,82.505,4.157,0.0341,0.0301,-55.237,-162.12,100.66,20.602,79.112,2
33.707,9.7849,2.7392,0.4667,0.258,-9.5395,20.201,9.1154,80.183,169.42,2
33.135,11.975,2.734,0.3875,0.2408,8.7624,-19.674,-7.9867,86.674,122.16,2
119.97,74.854,3.5262,0.1906,0.1376,-47.436,-119.05,69.095,86.385,385.32,2
131.07,60.988,3.2783,0.1042,0.0897,35.937,110.73,-47.831,84.463,154.83,2
135.22,102.69,4.1735,0.0632,0.0316,-37.259,-117.59,57.568,87.006,347.85,2
186.49,62.642,3.5001,0.1458,0.1107,-250.73,-77.938,54.655,67.958,256.2,2
38.923,11.644,2.8159,0.4553,0.3323,7.889,31.453,-9.8763,8.727,163.38,2
66.611,12.107,3.0037,0.3054,0.174,69.399,43.132,4.8854,15.731,167.66,2
65.72,11.283,3.0421,0.2336,0.1477,-32.043,28.941,-8.9841,77.484,150.09,2
172.16,77.043,4.6094,0.0336,0.0176,89.085,-94.967,-37.875,21.186,188.98,2
26.389,12.578,2.5095,0.543,0.2919,-3.9147,1.7325,-8.3314,57.792,166.86,2
35.433,12.684,2.7425,0.4359,0.2328,26.916,38.595,-4.0859,32.141,123.86,2
100.93,17.197,3.2708,0.1915,0.0734,-33.814,34.289,16.405,88.488,218.23,2
34.085,22.35,2.6191,0.3265,0.1809,-35.689,-39.54,-14.102,74.068,81.392,2
34.584,16.988,2.5575,0.3296,0.1648,33.338,17.116,7.074,0.1475,135.94,2
25.927,12.514,2.5933,0.5867,0.4171,-8.1876,-23.296,8.8858,74.189,226.51,2
17.005,7.3882,2.1817,0.7023,0.411,9.9068,-8.7455,5.4558,17.842,243.46,2
16.854,7.3805,2.3191,0.8106,0.5779,-1.3889,-4.8314,5.1713,24.289,86.004,2
130.31,13.303,2.6021,0.325,0.1812,-204.57,116.05,4.7837,49.759,173.55,2
47.008,24.871,3.3193,0.2503,0.1048,-6.3329,-29.8,-10.81,74.855,170.81,2
141.97,19.735,2.897,0.2425,0.1322,80.996,159.44,-14.118,51.218,188.56,2
21.873,9.597,2.433,0.6199,0.3118,-28.779,12.666,-4.9996,80.328,67.025,2
79.143,19.122,3.1096,0.404,0.2374,8.3398,57.813,12.464,10.901,335.44,2
183.75,108.76,4.1826,0.0479,0.0251,34.827,-163.06,-103.61,47.536,179.81,2
94.451,44.108,3.125,0.2355,0.1436,-162.36,92.031,29.164,84.747,128.62,2
17.809,10.765,2.1875,0.5844,0.3149,1.8625,-7.6735,5.875,88.66,163.45,2
81.543,24.798,2.8183,0.2718,0.1407,25.055,84.828,24.913,7.8673,288.19,2
30.172,16.884,2.6902,0.4673,0.2704,8.8759,25.369,14.03,74.709,229.3,2
100.28,22.508,3.1281,0.296,0.1988,-35.732,57.182,12.703,38.715,293.35,2
37.21,18.022,3.0133,0.2644,0.1517,-5.7967,11.681,16.797,66.645,236.03,2
94.022,48.045,4.1433,0.0714,0.0602,90.906,87.652,-36.997,21.121,267.56,2
67.855,11.985,2.9671,0.2902,0.1742,18.612,43.92,-9.62,79.928,108.51,2
22.094,3.4378,2.3174,0.8507,0.5761,-2.0469,12.502,-2.5684,37.164,180.65,2
27.729,18.738,2.4048,0.4773,0.2597,46.044,-22.462,-14.409,21.838,93.72,2
65.846,19.257,2.9914,0.2877,0.1832,65.679,59.168,19.237,2.095,236.73,2
128.23,50.349,3.412,0.2159,0.1535,-107.76,-111.06,40.464,38.122,269.7,2
26.814,19.192,2.791,0.3447,0.1788,10.288,-10.587,-14.758,66.337,194.62,2
58.378,30.943,2.9381,0.3073,0.2181,-33.534,49.11,25.221,22.875,301.64,2
36.182,18.291,2.638,0.359,0.1991,-3.5161,16.057,-13.517,73.546,75.931,2
25.568,13.996,2.5988,0.5063,0.2783,14.557,12.638,-9.8595,5.282,271.32,2
29.418,11.771,2.3531,0.4612,0.2373,-40.696,16.194,-8.1564,27.195,53.604,2
42.772,4.5409,2.3663,0.422,0.2066,59.008,-10.619,-4.9732,61.791,150.15,2
95.884,23.765,2.8139,0.3162,0.2018,95.181,64.298,-20.388,65.137,153.99,2
190.59,52.018,3.3878,0.1801,0.0956,-113.91,-136.93,45.361,34.157,245.87,2
41.188,8.7842,2.8172,0.5072,0.3191,12.675,30.753,-2.4186,15.648,200.3,2
133.41,56.024,3.3631,0.0875,0.0505,-121.72,107.54,64.373,62.358,173.88,2
103.41,64.427,4.1762,0.0668,0.0349,-0.7411,64.389,49.201,74.192,159.13,2
18.488,6.2289,2.4091,0.8772,0.5595,15.258,16.345,2.9808,87.64,80.568,2
20.711,12.027,2.4976,0.5183,0.2782,-0.8819,-6.5739,-10.417,33.149,134.54,2
59.188,21.313,2.7029,0.3945,0.217,-17.917,-71.895,12.196,10.276,121.29,2
53.555,9.6114,2.658,0.3802,0.2055,28.91,41.88,-3.0908,53.14,264.17,2
32.67,11.241,2.6812,0.4333,0.2594,6.976,9.6426,4.1708,75.009,159.93,2
30.45,9.9326,2.3493,0.4746,0.24,22.193,18.985,3.5457,54.441,183.29,2
143.52,37.648,2.9955,0.2226,0.1372,-209.55,115.41,10.94,4.429,190.72,2
25.588,12.481,2.6756,0.3801,0.2045,-15.557,15.019,-14.266,12.775,199.27,2
21.733,13.404,2.5937,0.5007,0.2804,-1.2331,11.185,12.828,63.302,197.21,2
29.003,17.199,2.5849,0.3485,0.1808,-0.3439,23.527,9.9519,0.219,196.2,2
27.865,22.494,2.8701,0.2927,0.1593,26.853,-25.228,7.6651,88.781,201.9,2
164.08,26.364,3.1871,0.1189,0.0686,-243.09,-86.734,-18.335,17.152,88.123,2
30.329,9.7162,2.6946,0.4889,0.2717,-14.124,-17.601,-11.409,78.346,237.19,2
30.579,9.5366,2.4928,0.4727,0.2492,23.736,17.461,3.4148,61.984,198.42,2
60.988,13.513,2.4306,0.5492,0.3135,55.982,54.371,-15.284,41.842,99.683,2
121.35,93.683,3.1753,0.248,0.1263,108.6,-93.225,68.578,9.9975,195.92,2
14.831,11.333,2.6411,0.719,0.452,-5.7155,21.436,-7.904,80.382,263.02,2
22.144,8.3309,2.6812,0.6875,0.3573,-2.0053,-5.2187,-9.6618,63.885,139.99,2
26.603,11.704,2.5843,0.5208,0.3138,29.151,21.671,-7.2544,12.153,211.94,2
106.14,24.526,3.3461,0.29,0.1854,-52.448,-75.14,-16.475,7.5751,336.09,2
37.151,26.555,2.8384,0.2412,0.1297,31.5,-15.84,16.034,31.533,138.73,2
35.647,29.573,3.1125,0.2125,0.1251,8.5139,19.169,24.065,88.995,187.48,2
97.038,14.247,2.3936,0.4566,0.2404,-120.31,55.751,7.2943,65.684,262.9,2
34.31,10.063,2.4698,0.3966,0.2051,23.688,27.493,4.6878,15.123,206.48,2
161.48,83.03,3.0887,0.2737,0.1515,-91.584,-198.71,-49.926,86.627,311.67,2
134.98,111.43,3.4087,0.2072,0.1087,-75.608,-142.65,-69.439,88.293,282.3,2
286.4,157.28,3.4429,0.1738,0.0897,-287.54,-224.92,74.971,46.256,154.98,2
303.28,40.369,3.4487,0.1013,0.0335,-258.75,-242.52,35.178,73.703,157.82,2
62.998,39.338,2.9009,0.4187,0.2309,-50.014,-33.357,-18.331,19.898,300.44,2
81.031,9.8854,3.0858,0.3233,0.2138,57.464,60.103,8.0262,21.007,180.32,2
46.965,11.148,2.8176,0.3839,0.2009,40.341,23.154,5.657,26.016,66.401,2
25.462,3.8234,2.4885,0.6954,0.3595,19.485,1.3408,5.5778,2.1818,170.6,2
128.65,62.179,3.5485,0.1202,0.068,-12.208,80.057,53.153,87.534,232.06,2
13.95,11.249,2.4374,0.7756,0.496,-1.2467,-6.5713,-9.7086,30.979,228.61,2
25.265,17.929,2.8822,0.3446,0.1836,-18.301,24.475,-7.6379,46.957,87.81,2
45.073,13.879,2.8026,0.4685,0.2339,8.6753,14.868,-3.1617,39.433,178.28,2
19.368,16.645,2.42,0.4411,0.2338,1.398,-8.2798,7.2769,41.666,213.35,2
26.142,12.866,2.679,0.4377,0.2251,29.836,18.008,-7.718,68.852,216.69,2
112.9,56.944,3.3568,0.2599,0.1814,-2.5354,116.25,-38.315,73.26,319.66,2
269.74,116.56,3.5754,0.0867,0.049,-275.43,-141.64,99.691,67.275,100.33,2
71.652,29.822,2.857,0.1718,0.1214,-32.888,57.524,-18.787,45.101,42.925,2
103.22,80.46,3.8892,0.0529,0.0274,1.1897,99.4,47.436,22.002,140.69,2
20.572,12.899,2.3191,0.4508,0.2326,-12.56,-7.2786,-7.3644,7.464,77.971,2
16.496,11.26,2.5,0.5795,0.3487,12.276,-4.1539,-7.5753,61.284,257.64,2
104.1,56.12,4.0334,0.1241,0.0405,-105.5,71.461,43.821,32.024,278.7,2
60.541,14.235,2.917,0.2978,0.1544,-59.308,-11.688,2.9627,87.738,139.35,2
163.9,43.336,3.5844,0.1562,0.0879,-120.43,-117.6,-39.051,22.192,306.63,2
48.261,22.741,2.9154,0.1695,0.1061,29.09,25.889,-14.706,66.983,208.75,2
46.69,16.047,3.2486,0.2043,0.1509,-30.067,-13.959,-13.212,52.884,158.37,2
11.465,10.112,2.4334,0.5844,0.3039,26.773,9.4685,-5.8461,51.983,203.03,2
33.051,10.009,2.6415,0.4247,0.2317,26.985,26.545,7.1818,36.865,132.57,2
112.43,51.261,3.7315,0.0926,0.0496,-80.98,82.849,41.605,12.037,254,2
72.517,17.867,2.9948,0.1984,0.1037,79.73,32.78,-8.4234,37.838,166.1,2
55.03,35.185,2.8035,0.3738,0.2168,-45.542,-70.063,-24.48,22.888,314.01,2
37.289,9.2609,2.8065,0.4309,0.2709,-45.914,-23.421,-5.7087,1.6194,141.43,2
230.55,145.56,4.5685,0.0757,0.0092,-144.28,-188.5,-142.59,69.999,296.55,2
28.299,9.8867,2.4793,0.5041,0.2869,6.9586,18.937,-6.8073,71.978,114.46,2
40.82,8.186,2.8445,0.3032,0.1626,33.56,25.313,10.877,0.1146,81.478,2
15.138,8.0748,2.0252,0.6932,0.3779,-10.545,9.0028,-14.715,1.9985,142.53,2
125.09,85.577,3.5876,0.2499,0.1498,-75.608,-112.3,-78.919,27.412,364.8,2
144.57,30.202,3.3096,0.1779,0.1047,100.29,81.877,27.729,0.157,158.84,2
70.948,29.638,2.7782,0.5748,0.3221,-63.373,-54.135,17.455,7.1129,297.37,2
44.702,23.111,2.8322,0.3835,0.1919,-15.412,-38.973,7.362,43.783,224.23,2
125.32,44.109,3.5834,0.2338,0.1403,-96.808,-103.99,30.676,54.644,366.06,2
149.25,68.584,3.5136,0.2605,0.1304,-117.33,-135.41,27.772,7.048,374.1,2
29.892,9.4299,2.7559,0.5509,0.3114,33.86,23.096,11.667,1.2571,153.9,2
164.69,119.62,4.5312,0.0351,0.0178,41.603,-145.25,-82.611,14.968,172.84,2
138.27,65.578,3.7058,0.1083,0.07,-34.241,-51.836,43.424,77.822,358.19,2
103.18,57.248,3.8243,0.0899,0.0461,-186.62,100.43,35.546,41.567,222.7,2
115.94,67.562,3.7193,0.2272,0.093,-118.33,69.03,-52.715,58.027,409.5,2
78.788,23.477,3.0045,0.2622,0.146,19.592,77.028,11.131,28.226,204,2
12.958,11.089,2.1973,0.7429,0.4476,14.275,-7.0607,-8.9274,32.53,72.549,2
82.755,20.282,2.8631,0.3716,0.2212,-78.074,-85.322,17.483,89.812,199.82,2
39.176,18.103,2.8325,0.3779,0.261,-17.153,-34.279,14.599,62.053,252.38,2
107.28,56.668,3.8065,0.1173,0.082,-202.08,90.689,25.852,48.529,308.27,2
106.4,26.16,2.989,0.3097,0.1574,-70.697,-106.39,15.811,43.821,185.14,2
103.89,24.978,3.2098,0.1906,0.1046,30.962,66.197,16.225,1.2493,240.59,2
53.284,13.107,2.9023,0.3381,0.2009,-5.4636,33.515,-7.0071,88.815,38.803,2
38.859,14.326,2.8924,0.34,0.2423,18.625,20.269,8.789,38.734,206.02,2
30.833,22.089,2.3942,0.3555,0.1731,21.258,9.1749,9.0501,63.558,51.015,2
27.574,8.8831,2.6968,0.6312,0.3226,27.317,26.76,10.959,64.974,212.04,2
16.157,4.9839,2.2239,0.792,0.6051,-14.582,-3.4587,-4.6634,28.157,77.952,2
83.538,11.685,3.0784,0.3021,0.178,104.71,66.5,-5.1481,30.777,294.01,2
99.11,39.741,3.8987,0.0934,0.0652,-117.53,-44.975,28.693,42.895,233.93,2
25.975,6.0889,2.6402,0.6568,0.3438,27.309,15.61,2.1324,19.616,161.32,2
24.781,14.054,2.6291,0.4006,0.2089,-23.77,-7.7667,14.21,16.828,219.67,2
102.77,46.604,3.8745,0.1486,0.089,-82.455,-70.569,39.439,64.378,316.96,2
62.197,14.316,3.0754,0.2804,0.137,-15.788,-11.368,-3.1367,48.746,157.62,2
64.542,54.507,3.193,0.1937,0.1055,49.804,54.733,59.027,31.463,249.41,2
12.727,11.629,2.0881,0.7102,0.3959,15.586,-9.1686,8.6589,35.792,193.58,2
24.274,10.63,2.6772,0.5237,0.2955,7.8475,20.656,-1.8926,14.384,207.39,2
149.04,108.51,3.6602,0.1263,0.0499,-86.85,85.204,122.46,54.354,222.4,2
94.392,57.804,3.4922,0.2502,0.1454,-79.781,-72.369,48.347,21.386,430.12,2
200,75.488,3.1557,0.3506,0.2033,-95.642,-170.82,56.56,56.046,299.57,2
106.7,29.961,2.9018,0.4055,0.1902,83.613,91.159,15.908,37.467,104.77,2
49.7,12.396,2.9297,0.2787,0.1452,-11.453,21.18,-6.0053,47.262,162.4,2
12.986,11.196,2.2776,0.7493,0.4142,-14.766,6.1767,11.192,82.475,198.07,2
30.302,7.31,2.9203,0.344,0.2085,44.26,16.677,6.8705,52.927,217,2
69.839,33.288,2.7741,0.3329,0.1968,62.021,41.498,15.129,8.1046,96.654,2
52.385,39.362,3.0348,0.1716,0.0835,-14.177,-52.725,-26.983,72.032,171.95,2
17.848,10.508,2.3927,0.6275,0.3381,-21.482,-11,5.5515,10.016,109.65,2
187.59,76.866,3.1796,0.3393,0.2067,-117.19,-181.1,61.121,53.709,300.53,2
85.102,31.255,3.1878,0.1493,0.0782,-112.78,48.025,11.857,41.103,87.026,2
195.28,112,3.6739,0.1005,0.0449,-155.78,-164.09,106.16,72.974,311.65,2
17.605,10.124,2.5035,0.6423,0.3626,-16.737,-13.615,-1.2909,89.349,189.46,2
25.518,8.7685,2.5581,0.6113,0.3472,-17.681,-13.615,-11.356,55.861,159.34,2
59.997,23.818,3.0218,0.2171,0.1269,5.5473,63.162,-12.785,43.175,205.26,2
40.744,16.064,2.8145,0.3108,0.1668,15.862,36.507,-6.2138,13.397,284.78,2
112.45,73.309,3.4562,0.2239,0.1313,-19.647,-104.67,-44.881,52.668,355.25,2
66.108,11.957,2.9432,0.2689,0.1578,14.586,54.47,-8.0502,47.632,232.86,2
235.37,108.81,4.1361,0.0526,0.028,-284.78,-163.28,-50.474,59.671,171.7,2
27.381,8.3378,2.5849,0.5956,0.3368,7.2203,15.339,3.3975,1.389,115.12,2
31.554,25.292,2.7616,0.2445,0.143,23.59,-14.875,8.6502,33.369,242.88,2
26.931,9.4717,2.5496,0.5444,0.3145,-10.395,-17.734,-8.2846,76.685,204.03,2
61.483,28.297,3.1411,0.1662,0.0835,71.526,34.478,-23.825,78.935,154.43,2
19.519,9.0427,2.3424,0.6409,0.4523,-19.014,-15.323,2.3086,88.161,254.89,2
42.721,12.049,2.7239,0.4155,0.2219,44.532,27.328,-12.08,3.862,175.41,2
113.98,26.484,3.3606,0.1478,0.0748,-82.306,-115.62,15.75,84.717,231.2,2
41.822,14.649,2.7645,0.4351,0.2279,-32.417,-43.657,-10.221,50.438,101.48,2
61.085,23.697,3.0761,0.277,0.1582,23.187,22.326,24.213,51.912,176.08,2
40.964,2.255,2.2857,0.668,0.3923,42.128,27.343,2.5594,43,205.61,2
38.817,14.929,2.7164,0.4131,0.2795,24.657,31.831,-13.375,27.074,156.03,2
147.8,38.58,3.3336,0.1725,0.0956,-164.19,106.61,14.409,23.906,285.69,2
33.037,10.463,2.5621,0.3985,0.2047,-45.742,-17.249,14.608,0.2403,197.57,2
14.168,12.264,2.4124,0.5824,0.3861,14.544,16.866,-15.414,23.019,221.54,2
247.85,69.048,3.438,0.1692,0.1403,433.1,-217.18,54.062,14.267,113.82,2
112.39,54.232,3.1078,0.194,0.1186,-38.002,50.651,15.143,10.814,291.26,2
67.965,54.975,3.5111,0.2382,0.1373,-13.281,-34.758,-53.732,7.297,342.18,2
116.73,76.676,3.1593,0.2077,0.0892,-71.504,-123.07,58.059,60.018,259.19,2
30.649,10.721,2.5919,0.3761,0.2196,-17.811,-27.217,8.1794,31.545,181.66,2
21.566,16.105,2.6703,0.3503,0.241,4.8524,-23.978,8.6312,38.214,87.933,2
18.599,12.481,2.5894,0.7053,0.408,1.6629,19.184,7.1416,1.1793,138.79,2
16.393,14.479,2.5354,0.5797,0.3918,2.7736,-21.125,13.755,13.595,150.83,2
25.027,10.353,2.6192,0.4242,0.2524,-6.8808,-4.5641,-13.402,64.052,202.37,2
117.52,46.754,3.293,0.138,0.0751,-106.73,-110.54,37.869,40.92,173.6,2
24.619,12.27,2.4713,0.4291,0.2416,7.6665,10.59,-8.5568,71.151,221.37,2
23.849,16.522,2.4074,0.5284,0.3072,-25.495,-16.436,9.6493,13.849,215.21,2
34.634,7.1569,2.5971,0.5613,0.2819,11.864,27.638,-5.0869,8.051,207.1,2
216.82,133.24,5.1467,0.0217,0.0078,-188.98,-153.65,78.912,84.401,29.358,2
46.853,18.518,2.501,0.4341,0.2507,4.1388,-37.606,2.339,49.1,109.42,2
23.443,12.838,2.159,0.5591,0.3231,11.457,11.911,2.6576,27.481,222.99,2
29.019,8.5951,2.6695,0.5991,0.4305,-2.5184,15.657,7.9688,89.58,64.276,2
230.45,97.306,3.4096,0.2002,0.1299,-188.44,-149.62,75.302,54.932,205.87,2
137.36,28.715,3.3425,0.1368,0.0583,17.771,78.417,23.349,85.832,96.935,2
23.038,15.902,2.5647,0.4687,0.2466,-30.466,14.284,11.33,80.508,119.49,2
29.336,15.772,2.9017,0.4176,0.21,20.669,-7.4555,-13.283,65.015,245.12,2
60.073,47.06,3.0947,0.1868,0.1338,51.385,47.364,46.074,49.132,274.87,2
15.45,11.598,2.3365,0.6452,0.4309,-1.3083,-3.0694,8.5597,47.946,223.98,2
142.07,70.613,3.4261,0.1192,0.0605,-97.196,-80.281,-37.437,12.457,309.59,2
118.65,26.055,3.296,0.1257,0.096,71.956,63.211,23.264,60.373,239.07,2
113.97,18.369,2.718,0.4921,0.3018,95.898,111.4,6.8345,14.283,147.61,2
26.203,7.1995,2.2765,0.6138,0.3201,-9.4944,-12.395,2.6426,80.029,173.5,2
18.775,9.4864,2.2788,0.6421,0.4395,18.734,14.662,-1.9846,55.615,217.88,2
43.135,28.173,2.769,0.2213,0.1149,18.636,28.788,22.931,29.341,139.62,2
22.111,19.197,2.5075,0.4375,0.2191,-12.398,20.39,12.481,76.703,190.55,2
146.87,43.485,3.2927,0.2839,0.1455,-128.23,-100.92,-34.737,39.946,331.37,2
150.27,45.129,3.2916,0.1771,0.0909,-74.96,-195.46,35.076,11.889,252.55,2
15.116,9.3146,2.3706,0.7901,0.3627,-1.4761,-12.11,3.1595,43.332,73.185,2
105.68,33.307,3.0236,0.1805,0.0885,-203.95,94.212,18.04,9.4296,163.52,2
32.289,11.082,2.5716,0.4396,0.2258,29.962,34.325,-0.1897,12.118,194.98,2
131.53,37.922,2.8414,0.2287,0.1211,-145.35,108.14,-27.698,32.167,312.54,2
30.562,15.654,2.9044,0.4233,0.2493,13.666,-12.683,-11.438,8.8705,120.37,2
81.519,42.946,3.1605,0.1755,0.0985,-20.653,-91.754,19.716,43.604,226.4,2
154.26,75.135,2.9843,0.309,0.1695,129.16,164.81,27.326,41.66,238.69,2
26.43,14.359,2.4206,0.4514,0.2417,18.373,19.486,-14.316,77.303,233.28,2
30.111,17.383,2.3502,0.3973,0.221,30.004,-7.8108,-10.225,71.166,221.22,2
26.536,10.791,2.7236,0.6936,0.3629,30.816,20.589,1.117,33.05,140.5,2
27.358,11.068,2.5591,0.5222,0.2882,-15.392,20.889,-4.8565,21.263,225.88,2
26.395,12.09,2.5843,0.4766,0.2617,-1.5836,-19.088,7.8543,59.386,122.63,2
19.236,10.043,2.1903,0.5484,0.2806,-25.646,-5.2548,-4.0882,41.077,207.04,2
154.73,42.925,3.0352,0.2628,0.16,-98.712,-163.25,-30.752,85.368,66.007,2
26.581,9.0776,2.4112,0.6972,0.4408,-3.2443,-16.893,8.6363,33.188,48.338,2
19.62,11.968,2.5883,0.5471,0.2774,20.625,12.089,-2.4813,89.283,148.7,2
30.547,13.075,2.5445,0.6895,0.4621,7.1099,0.3381,4.926,34.005,40.304,2
55.012,11.842,2.8859,0.3212,0.1606,43.268,40.897,-9.7756,50.727,75.447,2
90.319,11.22,2.6133,0.5053,0.2462,-56.284,-113.37,11.73,38.607,77.285,2
92.48,18.193,2.8222,0.3644,0.1936,80.198,68.483,-13.946,29.102,135,2
90.709,11.01,2.541,0.377,0.1885,-63.823,-79.258,6.1829,19.578,46.622,2
31.293,8.1559,2.5366,0.5577,0.3076,49.586,27.449,-7.2606,85.503,34.962,2
53.729,16.072,2.6599,0.2801,0.1499,52.433,39.594,-10.377,69.279,148.03,2
92.748,49.21,3.6815,0.2387,0.1178,-80.543,-67.989,-30.796,37.092,391.78,2
129.63,28.674,3.4364,0.2046,0.1237,-78.766,-107.86,-14.056,11.122,267.5,2
180.06,25.183,2.6991,0.393,0.2264,-269.1,142.58,20.356,18.395,247.73,2
178.32,119.83,3.6171,0.1688,0.0806,-83.301,-154.83,99.511,20.796,277.81,2
9.6238,8.8125,2.2644,0.7802,0.5417,-30.37,-12.025,9.5446,12.618,193.82,2
285.84,179.29,3.4879,0.1226,0.0706,-316.22,-189.44,-88.505,35.55,175.7,2
108.56,49.951,3.3579,0.1149,0.0787,88.747,77.753,-49.343,46.128,227.7,2
27.005,14.728,2.7267,0.4353,0.2599,25.628,23.052,8.8977,8.7144,234.39,2
121.7,92.298,3.3298,0.1872,0.1163,-206.16,90.584,-59.952,55.337,226.09,2
257.53,44.323,2.8808,0.4566,0.3375,-285.68,149.49,26.539,5.174,256.45,2
18.759,7.0806,2.3962,0.7735,0.4465,-28.645,6.6578,10.54,38.565,151.34,2
22.299,15.579,2.6675,0.5828,0.3968,-14.438,-21.103,-12.226,43.694,150.46,2
102.67,84.022,3.6122,0.116,0.0614,-37.242,60.668,85.345,59.352,303,2
22.632,11.392,2.3901,0.5295,0.3035,27.701,10.572,-11.479,55.519,189.64,2
15.007,4.7531,2.522,0.7487,0.3878,6.4595,9.4003,2.6168,10.714,214.35,2
52.675,19.868,2.8745,0.2203,0.1132,-78.458,-40.02,-4.3654,3.9891,198.44,2
85.957,54.582,3.4975,0.1203,0.0897,-69.686,-53.61,39.828,89.909,249.3,2
68.803,7.0206,2.5912,0.441,0.269,-60.275,-77.916,9.8045,87.463,143.21,2
13.13,10.419,2.437,0.7861,0.4954,13.004,5.8187,-10.274,17.901,195.47,2
50.395,10.945,2.3458,0.4826,0.329,46.832,39.387,1.7221,70.844,144.14,2
161.13,69.672,3.3498,0.1032,0.057,-50.925,-194.39,-64.005,89.829,202.18,2
21.416,12.107,2.6623,0.5049,0.3101,26.094,10.765,8.3197,12.174,157.29,2
27.5,8.1356,2.4778,0.5824,0.3577,-7.6491,-18.666,10.917,88.584,133.01,2
30.192,11.527,2.6857,0.5155,0.3577,13.148,25.979,-9.006,70.509,206.87,2
69.606,46.711,3.8285,0.103,0.0569,1.8354,-18.783,-54.759,31.915,65.139,2
109.72,14.195,2.5104,0.48,0.3356,-136.68,94.007,-11.751,62.424,241.6,2
48.54,10.682,2.7122,0.3569,0.1891,-37.758,-38.172,-7.2238,80.187,103.87,2
109.67,25.169,3.2987,0.3178,0.1794,-66.844,-36.363,18.448,1.2185,346.08,2
28.232,13.281,2.4591,0.6609,0.4239,-5.6691,22.78,14.963,10.628,237.1,2
29.661,6.5507,2.2095,0.5309,0.2809,38.114,10.868,2.7742,47.505,151.43,2
140.04,30.005,2.978,0.2862,0.151,125.22,110.81,17.055,23.789,172.69,2
35.557,7.9008,2.6849,0.4287,0.2366,-16.805,17.261,-1.191,74.897,89.734,2
55.424,16.649,2.9166,0.3467,0.2482,-45.037,36.634,-9.1619,7.785,297.68,2
50.243,32.892,3.0982,0.1915,0.1048,36.386,64.358,25.458,51.367,254.5,2
33.24,1.6143,2.2819,0.6073,0.305,0.6189,14.903,-1.077,80.296,116.92,2
85.838,49.626,3.7247,0.1331,0.0744,-106.17,-33.818,-37.324,58.063,242.92,2
34.985,17.993,2.8319,0.3623,0.2202,28.953,34.139,-9.3712,80.949,181.4,2
29.809,15.719,2.6428,0.4268,0.2519,51.429,22.945,5.5462,50.682,106.76,2
130.98,56.047,3.9626,0.1185,0.0617,-114.55,-79.995,-54.462,39.978,278.04,2
102.42,41.218,3.682,0.2401,0.1405,-61.136,-97.234,9.2253,18.473,340.82,2
180.95,51.493,3.5246,0.1272,0.06,78.761,98.149,-38.37,11.915,130.98,2
86.806,66.778,3.2433,0.3038,0.1967,-52.79,-89.738,67.019,10.24,303.67,2
44.59,18.177,2.6586,0.2828,0.1473,29.615,32.032,12.855,45.552,264.44,2
20.589,4.4121,1.9468,0.747,0.3685,26.852,9.2431,7.435,51.577,35.191,2
22.191,11.243,2.5811,0.5163,0.3743,-5.3955,7.2068,-8.2472,4.8399,209.28,2
25.683,19.078,2.6808,0.3399,0.17,-11.345,-17.17,-14.091,9.831,217.72,2
33.033,13.714,2.8485,0.3373,0.1779,29.58,19.69,4.5723,26.786,259.5,2
32.454,5.4665,2.5422,0.6688,0.4798,24.578,18.873,-0.5899,14.226,84.999,2
28.646,7.3906,2.4407,0.5866,0.3789,-13.414,-12.085,-2.4281,1.9798,199.51,2
110.53,60.473,3.3362,0.3675,0.2222,-58.297,-124.52,48.508,14.667,448.03,2
12.766,11.599,2.0952,0.7229,0.3815,15.337,-7.1501,-11.199,39.354,190.74,2
110.9,37.505,3.6716,0.1695,0.0885,-96.404,-140.56,8.9172,38.741,170.07,2
16.898,15.211,1.9413,0.7216,0.3801,-26.288,-3.2996,12.549,56.054,191.99,2
30.284,16.766,2.7896,0.4367,0.2394,-15.502,-27.692,12.379,46.364,266.49,2
74.663,20.977,2.8239,0.2831,0.1581,34.689,39.356,21.308,42.223,25.289,2
23.193,10.738,2.7263,0.4789,0.2394,10.156,17.818,-4.4243,1.935,220.15,2
15.969,9.451,2.4684,0.6053,0.3318,-8.6906,-17.61,-3.5747,3.3863,135.2,2
78.758,25.439,3.0732,0.2307,0.1348,87.291,54.65,18.442,28.571,159.36,2
27.094,12.958,2.4556,0.4203,0.282,1.9025,-4.788,4.1522,42.598,100.4,2
33.693,7.0612,2.5977,0.7388,0.3504,-14.233,6.1811,12.767,43.816,221.96,2
108.85,22.052,3.1934,0.2063,0.131,62.46,85.703,-17.388,47.675,176.78,2
237.31,103.86,3.3312,0.1541,0.0534,-30.272,-132.5,-82.248,79.09,171.74,2
56.687,41.029,2.942,0.248,0.1319,-41.436,-43.862,-38.249,42.899,170.12,2
100.72,32.166,3.1019,0.3496,0.2242,-68.444,-79.351,-23.634,9.6768,301.5,2
57.699,12.646,3.0208,0.2622,0.1444,47.146,41.805,-9.8324,61.611,224.98,2
227.07,68.97,3.2999,0.219,0.1276,-232.51,-169.42,-48.975,75.756,286.85,2
37.665,10.498,2.8044,0.3638,0.2054,44.272,25.586,11.234,28.105,107.46,2
86.292,35.917,3.0101,0.2618,0.1383,6.1267,80.403,-25.231,81.042,125.51,2
118.18,57.775,3.1979,0.2059,0.1245,-95.452,-146.52,11.697,27.929,162.7,2
26.386,15.149,2.7889,0.4163,0.2447,8.0143,21.549,-9.4032,52.18,211.48,2
23.68,13.489,2.5212,0.4583,0.2455,-40.084,-18.003,6.6805,49.333,127.52,2
69.654,32.811,3.1655,0.1858,0.1042,-81.452,-54,-25.496,4.42,247.97,2
41.949,12.62,2.633,0.3469,0.1944,-24.005,-11.826,-9.09,10.611,111.56,2
30.029,12.801,2.632,0.3827,0.2019,-1.0485,16.291,10.479,62.364,219.34,2
23.988,15.735,2.3627,0.7313,0.3967,9.7435,19.796,11.352,26.872,164.98,2
97.35,18.941,3.2047,0.2185,0.1189,60.313,0.6837,-12.901,47.155,161.69,2
57.777,12.005,2.9149,0.2725,0.1502,15.277,29.879,5.5892,67.687,146.75,2
21.598,12.363,2.362,0.7889,0.4711,26.292,20.156,-13.405,7.3532,89.686,2
167.72,23.433,2.6893,0.5521,0.3032,-111.48,-157.5,-12.305,3.1952,402.36,2
35.574,19.334,2.549,0.3672,0.2161,22.032,18.991,-15.24,40.461,167.85,2
19.947,11.753,2.4216,0.6098,0.3352,9.942,19.68,-8.1985,48.221,228.15,2
23.084,10.752,2.4588,0.5604,0.2957,-10.549,23.065,3.8881,84.343,177.94,2
124.8,28.497,2.9535,0.3272,0.1675,100.33,93.395,19.817,10.896,319.54,2
26.132,11.945,2.6949,0.5182,0.287,14.235,33.259,-0.386,10.507,232.54,2
19.766,10.868,2.7675,0.6183,0.3476,-2.023,12.866,4.7358,51.544,100.09,2
91.99,27.384,3.2073,0.1461,0.0744,61.915,93.72,11.555,33.887,223.05,2
64.413,19.306,2.6862,0.2561,0.1375,77.758,71.4,18.055,88.531,68.015,2
37.666,10.02,2.9203,0.4054,0.207,9.4332,-21.392,7.9267,5.0986,89.994,2
60.808,18.238,2.9456,0.3161,0.169,60.953,59.067,-16.183,2.6888,242.27,2
73.517,12.143,3.0099,0.3203,0.1552,0.6268,58.406,-8.1276,16.381,199.83,2
21.539,10.951,2.1399,0.5435,0.279,-13.733,-18.441,8.682,28.475,161.37,2
132.57,75.067,3.4945,0.2056,0.1113,-6.3234,97.451,25.834,58.863,369.97,2
30.074,7.4778,2.5545,0.5551,0.3194,-11.185,-20.119,9.6589,78.579,159.61,2
32.807,26.243,3.0581,0.3104,0.1602,11.353,18.669,17.166,21.233,178.32,2
22.521,10.003,2.6483,0.6405,0.3681,5.019,7.9027,8.1936,32.729,153.58,2
19.985,17.801,2.6581,0.4046,0.24,0.0041,29.103,-13.43,87.15,245.89,2
59.24,53.08,3.3758,0.1494,0.0852,23.148,22.889,-48.013,20.099,128.49,2
24.424,9.2825,2.4734,0.7387,0.6224,11.107,-9.3485,-2.9965,48.38,161.88,2
41.668,11.259,2.7431,0.383,0.234,-16.047,-23.805,2.1218,38.31,237.35,2
49.579,18.91,2.8097,0.2638,0.1292,-35.774,-40.721,8.0923,69.706,39.35,2
111.61,32.533,2.683,0.4274,0.2313,-54.28,-134.08,-29.328,31.666,185.53,2
106.33,35.017,2.7966,0.4505,0.2452,-38.163,-115.38,23.365,7.764,360.89,2
38.459,16.906,2.6937,0.4008,0.2196,-25.023,-22.823,8.4747,29.519,229.86,2
38.54,20.451,2.7214,0.3324,0.2194,-2.0651,15.796,-19.898,86.265,260.97,2
168.81,45.413,3.0469,0.2567,0.1441,-215.59,133.4,-30.102,68.138,207.55,2
17.992,11.832,2.4601,0.6101,0.4107,-3.128,11.186,11.035,59.544,171.82,2
110,28.844,3.2674,0.2431,0.151,-79.1,36.856,-18.622,7.3746,322.92,2
31.655,10.747,2.3883,0.499,0.2638,34.813,19.444,-8.6544,63.789,269.67,2
49.993,14.873,2.7185,0.4111,0.2591,-34.45,-25.456,10.708,41.314,164.78,2
29.087,9.128,2.6444,0.5805,0.3141,7.6234,17.428,9.5575,16.358,143.68,2
256.25,149.15,3.4173,0.2234,0.1234,-167.8,-280.66,-110.46,43.921,264.77,2
13.029,10.954,2.2,0.7571,0.4511,-14.099,5.7807,-10.175,64.87,182.98,2
56.989,27.813,2.7037,0.3363,0.1909,-6.8392,-47.46,-30.871,85.528,76.655,2
62.822,15.276,2.9214,0.3116,0.1576,2.8447,50.455,8.6603,17.052,292.64,2
19.029,12.665,2.5571,0.4466,0.2394,13.233,7.6753,13.863,67.536,159.87,2
23.977,9.17,2.5234,0.6796,0.4114,3.8862,-7.807,5.2894,57.932,144.04,2
23.655,17.558,2.7149,0.3874,0.2138,41.333,-17.684,21.021,73.783,140.19,2
20.097,10.818,2.3222,0.8134,0.5084,-4.731,13.648,-7.0235,83.468,103.19,2
75.411,16.106,2.7819,0.4082,0.2108,70.017,16.165,-9.8261,17.364,56.136,2
119,54.457,2.9583,0.1383,0.0995,-143.28,47.149,31.879,5.9524,148.16,2
125.39,61.807,3.6173,0.098,0.0577,-187.57,85.188,-28.38,13.918,211.89,2
56.833,28.721,3.0828,0.2008,0.1054,51.1,38.175,-26.909,71.088,194.5,2
22.099,5.7126,2.2043,0.5539,0.2897,35.412,6.5672,10.025,7.7667,237.35,2
17.753,10.114,2.4212,0.6101,0.3496,10.68,19.863,-4.8422,31.087,143.9,2
139.73,27.611,3.4177,0.1877,0.0946,-214.09,86.591,-23.09,27.581,130.97,2
26.051,9.2468,2.4691,0.5637,0.3243,29.204,20.307,5.6914,16.816,176.21,2
172.65,77.866,3.6365,0.1272,0.0758,-104.32,-160.42,84.882,2.1259,241.68,2
21.334,10.012,2.2201,0.5904,0.3283,5.409,-16.848,10.425,23.493,82.309,2
18.674,12.466,2.6857,0.6149,0.341,28.348,15.14,3.2583,38.792,230.06,2
24.962,14.028,2.3831,0.3971,0.2175,-20.366,4.407,-6.4822,77.437,232.69,2
40.944,21.419,3.084,0.3428,0.1842,-0.3809,-33.687,-17.502,72.088,143.29,2
58.401,34.699,3.0107,0.2517,0.139,-10.877,-68.558,17.498,6.8722,157.27,2
49.091,13.502,2.525,0.3194,0.1716,-15.156,40.973,-5.5597,79.897,137.44,2
119.53,38.904,3.2762,0.1832,0.0982,-128.56,82.751,15.21,42.045,243.1,2
175.69,76.502,3.3476,0.1343,0.0707,149.05,126.41,58.29,70.616,184.39,2
113.06,75.055,3.7601,0.2196,0.1106,-64.191,-118.45,29.881,7.3405,438.9,2
63.931,35.059,2.9455,0.1195,0.0494,-64.06,-23.666,26.152,16.722,97.538,2
26.386,13.014,2.6646,0.5658,0.3211,8.9559,-1.4528,-8.8425,53.494,217.23,2
92.28,19.717,2.734,0.393,0.2186,74.546,85.744,14.32,50.299,310.81,2
20.447,15.14,2.3927,0.6194,0.3138,-25.873,2.013,-17.421,31.079,152.92,2
34.858,11.137,2.369,0.6686,0.3629,26.891,19.115,0.7234,48.773,46.295,2
27.8,17.555,2.8014,0.3692,0.2107,6.9422,0.5586,-17.854,30.583,200.51,2
40.313,10.746,2.5185,0.397,0.2197,41.248,25.637,-5.6343,50.348,221.75,2
18.537,8.6372,2.1299,0.7111,0.3821,33.151,-6.1591,-7.7178,23.7,231.41,2
114.09,63.851,3.5737,0.1523,0.0806,13.287,112.41,-19.58,32.346,164.49,2
29.46,10.436,2.487,0.6818,0.4378,-16.216,-13.993,14.303,69.581,147.02,2
121.39,45.53,3.5099,0.1017,0.0583,95.597,120.88,41.475,52.515,201.84,2
21.073,6.5254,2.1383,0.7709,0.4982,-19.233,-16.53,6.1628,84.092,221.02,2
68.55,63.36,3.6238,0.2244,0.1289,11.5,-103.73,-37.16,64.651,298.73,2
26.929,7.756,2.6252,0.5294,0.322,4.9266,7.0077,6.1929,56.479,183.23,2
19.759,10.203,2.3139,0.6505,0.3908,4.7648,-15.447,-6.551,42.972,127.29,2
27.134,19.065,2.7578,0.4559,0.2332,16.261,23.423,18.558,69.668,240.23,2
46.179,22.854,2.8915,0.238,0.1357,50.401,29.813,6.8526,81.158,184.99,2
160.07,74.964,3.4961,0.1726,0.1157,-199.79,-135.08,-89.147,31.75,249.77,2
31.677,12.906,2.3887,0.4565,0.2805,-29.771,-20.838,-13.195,69.827,143.09,2
182.25,28.476,2.7563,0.1946,0.099,-268.33,-86.468,-17.239,55.435,164.83,2
36.111,9.0128,2.6493,0.574,0.3778,37.991,25.915,7.4065,5.3533,117.59,2
69.654,62.889,3.3992,0.3335,0.1697,34.944,63.194,32.539,64.605,401.81,2
44.134,11.081,2.9063,0.3387,0.1706,7.9697,32.838,4.7318,34.553,148.58,2
32.921,8.1907,2.7625,0.3366,0.2053,30.506,22.119,7.1476,89.953,217.79,2
78.602,16.852,3.0445,0.2735,0.144,17.914,69.495,-19.193,43.552,208.57,2
105.3,63.219,3.9254,0.1333,0.0709,26.649,56.131,-31.884,25.87,366.25,2
39.925,14.133,2.7963,0.3543,0.203,4.074,34.13,12.606,55.27,216.34,2
32.889,0.4838,2.2191,0.524,0.2626,-10.081,1.9906,10.767,21.509,214.29,2
69.658,25.334,2.9738,0.2974,0.1492,16.404,67.565,-14.6,64.632,151.41,2
158.31,46.85,3.0995,0.2911,0.1555,-224.39,141.53,-29.904,2.9828,106.18,2
18.293,8.9937,2.7072,0.7228,0.4048,-0.1762,10.086,13.785,41.617,164.66,2
138.92,33.856,3.3381,0.1488,0.0815,-110.3,-101.96,35.733,81.413,230.23,2
22.575,21.363,2.7509,0.3514,0.189,-1.8733,-13.464,5.4356,6.9432,78.03,2
49.863,21.973,2.866,0.1811,0.1028,-34.053,32.143,11.153,77.711,240.22,2
27.503,4.0154,2.2861,0.6351,0.3678,7.5362,-5.2818,4.3336,65.639,193.9,2
15.246,13.966,2.4343,0.6239,0.3178,-40.021,6.7776,-7.6091,88.93,149.34,2
206.52,49.03,3.3471,0.1696,0.0808,-69.993,-247.78,35.357,29.588,300.4,2
31.318,13.567,2.8197,0.384,0.2565,11.903,25.766,-4.8832,77.678,139.66,2
52.63,25.718,3.1599,0.2567,0.1429,-18.991,-68.066,-19.61,18.275,201.48,2
34.447,9.6442,2.567,0.4688,0.2913,8.5446,-25.122,11.632,46.825,140.03,2
18.716,9.7296,2.3505,0.6897,0.4191,-7.164,2.0698,-7.3787,44.472,177.73,2
136.9,89.628,4.4452,0.0493,0.0271,46.054,-40.69,-52.157,84.615,360.74,2
49.572,15.485,2.6294,0.2418,0.1209,-5.3797,-21.172,-11.066,27.711,240.57,2
16.252,11.577,2.4281,0.6082,0.3601,0.6814,-3.8872,-6.7228,82.112,183.61,2
19.5,9.5863,2.5136,0.5742,0.4117,23.757,20.525,-6.5799,22.78,145.23,2
104.97,61.685,3.4451,0.1396,0.0712,-1.5046,78.201,37.468,10.381,183.49,2
233.04,201.36,4.382,0.0507,0.0336,-239.34,-217.83,131.55,11.895,242.11,2
22.988,12.316,2.6037,0.5978,0.4172,16.268,19.649,10.292,40.238,208.7,2
124.45,99.057,3.4987,0.2107,0.0915,41.055,-57.699,74.422,48.717,386.59,2
65.779,9.548,2.9789,0.2887,0.1612,33.159,-18.903,6.8153,60.266,90.187,2
64.216,13.296,3.117,0.3408,0.1826,28.549,51.574,9.0948,13.033,158.64,2
34.396,12.718,2.5275,0.4453,0.2266,14.723,37.484,-12.16,40.762,148.51,2
48.944,16.18,2.8957,0.239,0.1291,-13.114,29.155,-7.4326,27.591,198.53,2
19.745,12.624,2.4191,0.5181,0.2724,-17.057,-12.56,6.6642,86.993,68.28,2
95.255,29.349,3.5036,0.1622,0.086,67.624,84.456,-26.323,11.653,134.16,2
12.439,5.6744,2.0996,0.6956,0.406,34.887,7.2711,9.9009,8.4374,205.33,2
120.88,33.244,3.0459,0.341,0.1975,-89.275,-95.557,13.97,20.878,344.35,2
25.09,10.586,2.6037,0.6276,0.3649,15.049,16.988,-10.803,12.292,194.89,2
149.03,87.581,4.1545,0.0808,0.0244,140.56,130.39,54.19,73.448,331.22,2
35.614,19.472,2.757,0.294,0.1654,15.392,30.601,7.5152,83.468,53.6,2
42.839,25.933,2.8649,0.1664,0.0937,-30.553,10.684,12.524,11.7,137.5,2
150.22,38.435,3.312,0.1414,0.0748,-87.542,-72.85,-29.442,17.251,296.89,2
212.76,82.92,4.7133,0.0488,0.0008,119.96,-182.43,37.073,9.5929,155.05,2
36.683,23.471,3.0529,0.278,0.1598,39.119,32.822,-14.863,66.692,148.28,2
145.1,37.34,3.3006,0.3226,0.1608,-142.72,-59.423,-17.782,0.7016,212.37,2
26.748,16.14,2.4793,0.4378,0.2305,2.6881,24.561,11.121,39.463,54.432,2
192.43,158.71,4.5769,0.0378,0.0199,-289.29,-175.21,-142.12,48.245,262.61,2
56.673,24.635,3.0881,0.2139,0.1253,44.496,56.314,15.416,10.246,203.22,2
29.751,14.471,2.485,0.5447,0.29,-19.226,-17.602,-7.6278,50.359,207.8,2
33.435,11.55,2.6623,0.4113,0.2144,-34.732,11.474,-6.842,86.231,227.9,2
13.68,6.7407,2.1522,0.7669,0.351,-5.3668,7.9734,-3.7875,18.468,66.334,2
67.373,30,3.0715,0.1756,0.0886,-75.881,-47.106,-23.486,50.191,155.44,2
160.77,49.364,3.4663,0.152,0.0895,-149.82,104.73,46.562,19.113,192.04,2
127.98,7.1156,2.6097,0.6207,0.4669,-127.45,-96.813,7.6566,22.513,219.76,2
21.476,0.0027,2.1156,0.7586,0.4866,-0.9198,7.6359,-0.0001,74.132,216.08,2
62.435,9.0876,2.7892,0.3428,0.2007,76.878,40.938,5.0307,4.996,104.25,2
175.04,24.574,2.7976,0.4578,0.2373,-156.92,-126.91,9.5755,17.664,212.15,2
10.701,10.269,2.6054,0.5717,0.2778,-17.899,-15.545,0.8136,3.6583,169.5,2
15.247,9.6954,2.6714,0.567,0.3553,25.544,17.935,-8.2224,3.0382,246.01,2
27.625,9.4464,2.5447,0.5449,0.2953,6.9847,21.753,5.5572,71.487,97.899,2
19.229,7.4513,2.0663,0.7468,0.4506,-1.3124,6.7355,4.2598,15.253,159.42,2
24.369,15.588,2.5593,0.4248,0.2166,-5.3289,-16.227,13.815,71.762,140.87,2
136.79,88.18,4.495,0.0619,0.0348,-74.923,-78.787,-47.536,0.4592,264.8,2
111.72,48.545,3.6944,0.1291,0.0676,-189.63,80.436,-40.384,12.308,352.5,2
17.923,9.1936,2.3979,0.756,0.454,-17.647,-14.082,6.9877,75.328,98.969,2
29.076,20.243,2.5917,0.3004,0.171,13.35,2.3986,2.9814,62.451,235.88,2
171.68,76.838,3.4132,0.1165,0.0719,-6.3928,-160.96,78.68,65.215,140.85,2
101.92,50.874,3.8503,0.1131,0.0565,-90.529,2.4132,-41.197,19.235,252.76,2
15.272,12.067,2.3655,0.6509,0.3556,-1.7956,3.1911,-5.8832,36.828,126.36,2
27.481,23.563,2.8017,0.2826,0.1492,4.5103,20.966,-12.144,81.452,238.46,2
21.797,15.717,2.6228,0.3912,0.2494,27.252,23.665,5.5179,69.323,138.7,2
149.93,106.31,3.9798,0.08,0.0608,-201.61,-131.7,-107.38,7.819,283.95,2
27.399,10.162,2.5729,0.5374,0.3115,31.868,19.313,6.3707,15.272,213.18,2
74.258,21.042,2.8007,0.3228,0.1653,-50.303,-51.463,9.7256,49.296,120.16,2
20.93,10.524,2.5977,0.5783,0.3245,-5.3601,16.954,8.6707,66.697,169.83,2
38.186,33.988,3.033,0.278,0.1636,-10.531,15.734,-20.799,89.326,298.49,2
29.472,12.026,2.8484,0.4708,0.2593,35.544,18.748,1.065,38.556,224.48,2
11.245,7.9507,2.2602,0.5732,0.3124,10.538,0.0331,3.4795,35.465,235.44,2
167.69,55.421,3.4801,0.3354,0.1717,-114.6,-166.19,52.974,46.207,327.25,2
109.75,27.718,3.0571,0.1903,0.0978,90.226,87.799,29.175,37.283,310.57,2
36.973,12.089,2.7674,0.3945,0.2099,2.0496,10.378,-5.9615,33.952,93.206,2
87.363,43.842,3.833,0.2134,0.0986,-12.672,67.38,-36.049,45.177,357.15,2
56.591,29.035,3.0775,0.2298,0.1248,-25.551,-9.6603,17.284,43.351,268.62,2
48.041,10.011,2.7225,0.4669,0.2988,27.763,10.014,14.03,47.456,128.68,2
26.782,6.9718,2.5551,0.7409,0.3719,21.512,-15.232,6.2039,11.394,152.01,2
13.197,11.772,2.428,0.7389,0.486,7.504,12.42,7.254,36.401,202.96,2
101.45,58.877,3.8703,0.1519,0.076,24.285,-68.06,-28.411,24.702,407.44,2
38.925,6.3582,2.6497,0.5746,0.3644,29.943,24.261,-12.069,8.9779,249.93,2
21.407,12.794,2.3473,0.4764,0.2449,12.45,12.765,-9.0269,6.27,133.25,2
14.673,11.124,2.3157,0.6285,0.3164,-21.285,-5.0364,4.9267,83.126,244.84,2
162.42,51.831,3.5655,0.0903,0.0456,-98.3,-32.992,47.749,49.684,306.18,2
33.638,7.2779,2.793,0.4491,0.2538,24.861,12.088,8.9577,53.092,159.69,2
25.575,7.0241,2.3962,0.6426,0.4197,12.845,14.824,-5.6436,32.479,74.24,2
17.766,11.975,2.3423,0.5936,0.3272,12.203,24.666,6.3376,34.355,232.35,2
107,43.607,3.2792,0.2406,0.1157,-47.247,-84.921,38.981,7.1503,319.19,2
154.22,50.697,3.4433,0.2179,0.1203,-120.76,-108.93,-47.831,22.079,233.1,2
117,33.191,2.8993,0.1854,0.0927,98.606,-65.318,-29.724,5.597,217.82,2
13.145,10.006,2.3901,0.8065,0.5275,12.207,7.8856,10.315,7.9436,143.11,2
22.583,12.982,2.5328,0.4516,0.2449,21.024,12.047,-5.0394,49.739,151.71,2
166.48,121.39,3.4654,0.1045,0.0567,350.69,-180.63,-84.489,20.175,109.64,2
65.516,21.32,2.6325,0.259,0.1041,-32.187,-42.034,-16.083,21.577,38.833,2
30.391,7.6326,2.2989,0.6533,0.3593,-35.529,-8.7048,5.6889,53.951,236.92,2
19.979,9.2008,2.4346,0.6507,0.4283,-4.1789,14.452,10.309,78.277,32.325,2
37.557,11.974,2.7356,0.2964,0.1858,26.423,7.1043,-3.811,34.408,83.763,2
67.486,24.014,2.9403,0.3018,0.1888,-67.871,-27.651,-15.864,39.729,293.3,2
14.817,13.793,2.5529,0.4229,0.2508,4.8655,-1.9956,-8.5446,47.789,167.88,2
21.245,12.698,2.5443,0.5535,0.2768,0.192,24.509,-8.6167,64.164,215.01,2
83.263,13.581,3.1222,0.2415,0.1219,-33.472,50.779,6.4923,11.772,280.58,2
162.2,55.285,3.8238,0.1675,0.1101,97.59,83.911,27.17,66.717,347.68,2
22.839,10.525,2.643,0.5893,0.3606,24.321,16.675,11.898,2.1032,114.39,2
86.593,50.658,3.9151,0.1159,0.0581,27.031,52.512,-19.176,6.721,351,2
48.706,14.435,2.8657,0.3229,0.1614,66.522,28.958,13.105,21.108,221.08,2
45.397,9.8762,2.872,0.3904,0.2007,6.917,47.607,-3.6372,29,245.38,2
16.296,9.4793,2.5296,0.6223,0.3386,0.262,-9.6089,9.1627,40.318,112.23,2
173.08,159.21,4.1179,0.0461,0.0232,-201.87,-153.5,65.262,21.023,195.42,2
21.338,0,2.3627,0.859,0.4794,0,0,-17.942,27.123,175.15,2
136.72,34.937,3.1082,0.2307,0.1196,-178.36,99.671,-22.385,13.195,246.96,2
32.943,15.406,2.9391,0.2618,0.1142,43.423,23.959,11.381,74.844,190.86,2
126.61,41.933,3.461,0.2103,0.1233,-129.05,-120.06,-15.783,29.611,369.93,2
22.642,18.386,2.7697,0.4027,0.2591,7.6687,12.489,-12.232,24.134,136.06,2
31.022,18.001,2.6861,0.4839,0.2757,6.6471,25.94,-0.3008,76.823,188.37,2
39.592,17.418,2.5583,0.5685,0.3334,30.238,19.514,-14.297,47.824,191.56,2
20.435,10.945,2.3365,0.5668,0.3018,-7.8342,18.168,-9.5896,73.585,242.83,2
26.995,15.335,2.711,0.3619,0.1936,-29.931,-18.12,-8.8298,57.15,172.69,2
99.643,60.762,3.1314,0.2627,0.1533,-38.24,-74.206,70.41,12.636,341.21,2
32.91,9.9051,2.4713,0.4054,0.2145,5.4576,-12.281,-4.0132,82.056,276.08,2
210.5,33.389,2.9039,0.2982,0.1578,-186.24,106.85,17.893,28.433,215.48,2
190.94,60.551,3.4649,0.1574,0.0873,-200.35,-121.84,-52.078,75.376,258.46,2
35.942,33.202,2.6906,0.5015,0.3394,-5.2998,-9.0595,-28.082,2.001,336.08,2
103.71,35.406,3.1416,0.1689,0.1072,-145.05,-56.919,-20.644,60.145,230.93,2
126.24,99.47,3.9511,0.1433,0.0811,-75.481,-59.619,22.921,60.931,368.57,2
27.016,7.4843,2.2945,0.6091,0.3832,12.382,6.0053,3.7229,89.396,185.01,2
58.387,12.853,2.7489,0.303,0.1697,-49.573,-35.909,-6.2033,89.56,127.11,2
23.686,21.166,2.6959,0.3505,0.1782,27.608,-9.1757,16.178,50.741,223.07,2
21.684,14.593,2.678,0.5456,0.321,1.5907,15.798,3.1087,22.869,263.44,2
122.89,25.564,3.0987,0.2301,0.1158,-112.43,-108.47,13.96,61.97,238.86,2
8.854,1.2657,2.5683,0.6776,0.4368,-4.2045,-13.957,-6.7185,53.621,218.77,2
24.709,20.03,2.749,0.3832,0.238,17.236,-9.3095,-15.72,62.637,58.523,2
30.447,18.317,2.8618,0.3409,0.1753,-7.0644,15.815,-5.8422,58.714,216.14,2
22.506,9.6454,2.6401,0.5586,0.324,-14.489,-26.805,-6.7603,25.565,46.623,2
26.746,18.439,2.5687,0.4506,0.2656,23.605,-18.241,24.275,22.477,212.46,2
18.29,7.6596,2.2159,0.638,0.4358,-4.6407,6.5507,9.3343,28.331,226.18,2
214.81,43.649,3.2238,0.2037,0.1275,-144.48,-176.87,-25.997,52.909,275.15,2
76.684,37.432,3.5897,0.0947,0.031,66.048,64.691,-10.949,0.8318,21.125,2
15.955,11.557,2.4133,0.6178,0.3764,-3.0638,5.5481,-7.4926,11.325,181.52,2
18.268,10.168,2.5999,0.6457,0.3555,21.258,11.713,5.784,12.258,129.07,2
225.44,100.3,4.2132,0.0872,0.0218,-226.07,-217.13,-75.1,71.712,363.55,2
61.904,35.127,2.8904,0.1493,0.0765,46.569,47.456,-20.903,17.484,276.54,2
18.396,8.3041,2.4718,0.7747,0.5125,3.5676,13.371,-7.3562,46.709,193.76,2
23.503,7.2791,2.6198,0.4206,0.24,-34.428,-12.497,5.9887,74.949,141.97,2
22.012,20.656,2.6375,0.4585,0.25,16.066,-15.956,-18.944,45.704,126.86,2
52.586,13.174,2.7235,0.535,0.311,-33.059,-41.474,-9.4705,89.37,229.85,2
59.41,9.1581,2.8756,0.3848,0.1951,-93.112,39.065,-8.7892,9.2116,268.6,2
74.472,16.337,2.5695,0.4898,0.2777,-58.356,-83.889,-17.359,84.641,120.33,2
27.941,12.941,2.6707,0.4184,0.2188,22.674,19.157,6.7528,15.208,227.75,2
30.206,11.007,2.4464,0.5438,0.3453,20.272,27.953,2.2271,66.642,229.76,2
37.947,6.7096,2.7039,0.4723,0.3376,33.054,11.65,-7.4722,79.512,201.04,2
17.46,15.529,2.4338,0.523,0.3297,7.5692,-16.084,0.2426,44.692,221.65,2
136.45,88.288,3.1617,0.2205,0.1216,-205.73,126.77,85.367,18.736,317.69,2
67.38,14.543,2.9831,0.173,0.0939,4.6523,-31.605,9.9959,74.26,103.42,2
36.779,11.152,2.6345,0.4938,0.326,29.139,22.458,-12.721,28.694,74.945,2
75.609,74.433,3.136,0.2788,0.1699,8.1205,35.999,-99.087,8.8103,235.59,2
22.245,12.441,2.6138,0.528,0.2981,4.9286,11.713,-10.488,47.583,226.53,2
87.933,70.238,3.1797,0.2896,0.159,-98.403,53.9,-67.043,42.493,260.42,2
135.48,16.643,2.5376,0.5093,0.2695,-108.35,-106.63,9.1775,75.658,138.55,2
29.585,10.649,2.4565,0.4636,0.2375,17.597,22.489,-3.7615,73.798,205.76,2
42.37,22.613,3.0918,0.2197,0.1017,-8.2043,-25.378,-14.86,37.979,206.96,2
42.028,11.182,2.8879,0.3448,0.1583,44.228,33.621,-0.7867,37.584,244.07,2
23.287,14.632,2.5515,0.4268,0.2495,1.563,15.727,3.7522,35.73,193.44,2
27.501,13.908,2.7345,0.4588,0.2855,-5.9794,12.541,14.026,72.162,150.5,2
19.798,15.464,2.4541,0.4745,0.2583,-5.9147,17.555,-9.3996,21.142,211.22,2
93.715,16.567,3.1682,0.279,0.1463,-111.17,62.374,11.991,27.89,238.42,2
77.333,18.101,2.702,0.3873,0.1936,71.932,48.221,-14.445,30.558,147.22,2
34.51,10.479,2.8202,0.2433,0.1403,-20.686,24.058,-7.4882,43.775,176.45,2
20.285,5.6058,2.4278,0.7003,0.3743,42.467,16.19,-12.071,88.897,256.31,2
105.18,46.256,3.5711,0.0841,0.0406,72.432,61.04,-33.142,26.187,225.49,2
68.841,16.346,2.6128,0.3171,0.1695,-104.37,65.894,6.9582,39.069,94.769,2
204.05,93.141,4.5762,0.0452,0.0239,-303.63,-175.81,46.578,45.678,256.17,2
174.84,86.838,4.1427,0.1332,0.0435,-200.23,-165.95,52.358,44.926,315.75,2
73.516,14.921,2.9791,0.2332,0.1184,-76.058,14.333,-8.9767,49.144,189.34,2
187.43,36.463,2.8737,0.2731,0.1458,217.93,90.096,-21.554,9.0153,238.1,2
119.69,49.105,3.542,0.1032,0.0488,-3.8804,-121.48,24.949,37.48,251.16,2
142.67,50.445,3.7499,0.14,0.0704,-74.954,-121.62,-24.621,48.991,290.76,2
23.418,5.3755,2.5235,0.5344,0.2815,-28.318,-6.5909,6.3496,89.257,85.833,2
38.035,12.849,2.2504,0.573,0.3062,30.023,17.876,5.8187,40.214,246.09,2
51.335,22.946,3.0204,0.1899,0.0978,80.211,-30.216,13.863,10.755,110.82,2
16.758,10.985,2.5832,0.6371,0.393,-2.1684,5.9657,7.8156,88.439,258.1,2
42.181,8.9408,2.7645,0.3577,0.1849,36.513,-15.222,-5.153,26.471,104.51,2
24.962,21.516,2.5717,0.3619,0.2399,3.8446,12.366,8.3505,78.131,117.27,2
79.184,27.396,2.7882,0.4039,0.2353,-42.453,46.843,24.029,11.082,284.17,2
120.41,71.275,3.6697,0.0572,0.0328,-107.94,-93.916,69.884,68.661,175.39,2
117.75,35.725,2.7709,0.4203,0.2347,-42.523,-147.97,25.887,38.063,224.05,2
71.581,37.081,3.0243,0.3102,0.1603,-117.97,73.877,25.285,13.14,223.78,2
52.023,29.485,2.9985,0.3057,0.1895,-58.631,-21.084,-12.517,2.1899,266.27,2
19.934,6.9203,2.1889,0.8026,0.4498,19.854,14.432,4.9234,41.328,119.75,2
19.551,16.546,2.3879,0.5106,0.2611,-19.103,-12.724,-12.162,51.525,260.49,2
62.954,10.363,3.0372,0.29,0.1455,-11.326,30.651,-6.6249,25.276,155.89,2
20.426,8.99,2.3139,0.6408,0.3956,-22.071,-13.227,1.2753,61.917,118.88,2
10.416,10.1,2.4326,0.4747,0.2659,4.8097,13.185,6.5697,52.048,264.97,2
89.308,17.089,3.1438,0.2368,0.132,-32.082,-27.48,2.1437,85.882,90.035,2
75.129,26.941,3.103,0.2964,0.1479,-30.54,-48.442,-12.582,7.1122,305.58,2
25.329,13.265,2.4484,0.5388,0.281,6.1188,-16.462,-0.1698,44.606,150.16,2
198.95,139.44,3.9829,0.0901,0.0475,-173.66,-50.959,-127.03,66.528,299.1,2
160.7,23.511,3.0259,0.425,0.2464,-92.011,-99.984,-10.296,41.343,270.59,2
75.851,13.692,3.0963,0.3277,0.2201,-17.588,65.281,5.4779,13.298,323.63,2
38.293,25.237,2.8786,0.312,0.1947,10.911,23.234,24.074,89.533,261.88,2
73.548,28.639,3.0656,0.2119,0.1356,46.932,35.369,-38.669,21.366,265.36,2
54.512,33.661,2.7029,0.2914,0.1497,-34.966,14.56,-26.794,10.233,286.99,2
115.78,19.77,3.2576,0.2188,0.1119,46.334,78.634,13.731,29.912,260.26,2
38.202,9.6268,2.428,0.4647,0.2701,-28.182,1.2728,-13.191,75.159,150.16,2
189.27,72.616,3.4079,0.1572,0.0827,-209.31,-102.77,-67.401,60.987,221.03,2
48.357,15.651,2.634,0.4427,0.2534,-27.664,-57.425,9.6441,56.07,229.91,2
106.77,29.189,3.3126,0.1405,0.0634,-122.28,75.755,-21.837,29.583,231.51,2
41.131,11.877,2.9079,0.3387,0.1749,12.531,15.583,-6.2717,74.653,83.943,2
43.217,9.1758,2.8603,0.3697,0.1979,40.76,-19.588,4.3802,55.468,246.54,2
30.296,11.607,2.8627,0.4376,0.2421,18.891,23.062,-10.276,23.389,195.08,2
109.59,19.211,3.2331,0.1669,0.1031,-23.481,79.608,-17.232,15.553,209.42,2
36.828,9.5478,2.3942,0.4469,0.2479,-32.088,-24.15,8.9043,34.032,98.086,2
49.537,25.599,2.9023,0.2279,0.1146,54.847,44.641,-20.558,13.989,287.84,2
21.308,11.546,2.5781,0.605,0.321,-2.685,11.39,-9.3491,25.505,235.81,2
126.26,65.324,3.1988,0.2062,0.0825,11.954,-64.15,-40.908,81.566,231.89,2
19.777,11.367,2.4133,0.7413,0.4537,-12.242,-14.118,11.747,65.002,240.19,2
22.715,16.17,2.4314,0.4519,0.2352,11.371,14.003,11.351,15.825,228.63,2
22.936,10.031,2.5397,0.5945,0.3304,13.38,-14.735,-7.3469,26.476,200.88,2
51.912,12.039,2.955,0.3505,0.2135,12.536,32.486,8.8934,49.227,152.12,2
95.237,21.744,3.3173,0.3337,0.1712,-22.649,51.483,19.644,27.242,315.83,2
64.984,36.975,3.2032,0.124,0.068,78.352,51.929,13.509,26.715,225.78,2
124.01,55.801,4.4176,0.0549,0.0282,60.766,98.248,39.278,7.8144,259.55,2
23.441,10.363,2.7218,0.5598,0.3975,9.4621,14.452,-7.9135,74.136,139.49,2
84.69,21.685,2.6985,0.3243,0.1712,81.51,49.254,-13.219,64.066,300.75,2
29.33,10.576,2.7843,0.4815,0.3147,27.272,14.39,6.0907,37.039,112.34,2
94.931,23.318,3.0075,0.2074,0.1066,33.44,-96.622,15.908,4.3736,200.71,2
45.699,11.545,2.5459,0.3807,0.2012,19.399,15.257,-2.4373,40.974,189.34,2
60.691,10.515,2.9305,0.2454,0.1647,-71.689,21.396,-9.1812,53.457,194.26,2
78.735,35.247,3.0993,0.179,0.0959,70.848,50.69,-22.262,27.524,180.25,2
122.18,35.176,3.3966,0.1566,0.0969,-123.74,77.544,33.648,69.774,250,2
24.513,19.103,2.6042,0.4527,0.2401,-2.0897,19.794,-13.264,51.46,165.27,2
128.74,35.058,2.8948,0.3656,0.2237,137.05,-61.941,16.891,38.346,5.5922,2
28.68,7.9556,2.1847,0.549,0.2843,13.013,-15.211,-3.8674,62.941,138.55,2
19.314,12.277,2.5152,0.6015,0.3344,14.889,16.128,4.4356,63.526,222.13,2
26.914,5.1737,2.582,0.6229,0.3831,-14.32,24.328,9.7198,35.591,92.273,2
26.783,7.6988,2.5822,0.6262,0.4096,-28.07,-25.358,-10.37,78.132,176.86,2
46.5,37.267,2.793,0.254,0.1683,12.392,-32.471,-25.694,80.653,204.58,2
24.681,8.6975,2.3923,0.6076,0.3561,-7.5999,-1.2235,-6.0183,52.816,91.684,2
35.667,4.6364,2.6483,0.6584,0.3885,36.371,23.362,-16.386,1.2558,186.65,2
27.784,16.02,2.7518,0.3488,0.1674,-45.934,-31.103,9.4398,81.52,156.12,2
55.239,3.4692,2.8082,0.4538,0.2421,21.406,25.16,-10.477,48.778,154.08,2
115.81,76.416,3.7433,0.0661,0.0523,-133.76,63.693,-45.508,4.098,305.64,2
201.84,111.42,4.6269,0.0368,0.0193,-20.655,42.043,25.527,81.745,303.91,2
109.79,90.014,3.3358,0.0775,0.0344,-156.35,70.315,-34.052,64.624,98.018,2
58.121,14.346,3.0245,0.3531,0.2014,45.302,32.732,-10.016,16.152,72.019,2
41.08,34.292,2.972,0.2752,0.1488,-42.807,-30.075,24.439,67.089,113.02,2
170.69,79.222,4.0972,0.1103,0.032,-33.16,-157.9,-22.703,32.164,314.77,2
86.826,18.076,3.2215,0.1861,0.1024,51.637,37.016,-4.8807,87.39,222.15,2
81.1,20.15,3.1903,0.3768,0.2248,5.7235,51.98,-7.3353,5.3011,335.42,2
105.51,16.504,3.2392,0.208,0.1202,73.921,-52.784,-16.15,64.624,169.78,2
10.967,8.6714,2.2508,0.819,0.4312,18.351,20.96,-1.4768,75.992,183.54,2
94.776,61.402,3.4689,0.1459,0.1014,-45.57,-47.251,-38.171,3.8208,362.28,2
110.66,24.05,2.6604,0.4743,0.2437,38.421,129.33,-19.163,70.345,111.87,2
50.425,21.003,2.7302,0.3141,0.2151,23.676,45.514,-28.164,83.924,234.6,2
150.33,28.372,2.6636,0.3334,0.2203,-85.671,-117.01,17.002,52.777,202.8,2
89.894,33.684,3.4545,0.1496,0.083,-101.85,62.976,22.22,5.1881,250.62,2
31.878,21.818,2.5364,0.4122,0.204,45.832,15.89,-13.451,72.894,165.09,2
25.449,20.975,2.6986,0.2645,0.1279,46.269,31.468,-16.491,85.952,109.63,2
113.47,52.119,3.7105,0.1876,0.0967,-82.299,-122.1,-58.813,16.31,263.14,2
106.8,64.364,3.9556,0.1151,0.0815,-136.42,-65.918,-49.553,4.031,375.45,2
12.84,11.427,2.0881,0.7265,0.4122,15.097,-8.261,-9.6155,36.706,103.24,2
24.413,11.761,2.6274,0.4528,0.27,9.1242,13.208,-6.205,53.71,180.68,2
73.688,20.743,2.699,0.2583,0.1266,-0.1382,84.516,-14.354,36.729,121.71,2
29.814,12.505,2.5442,0.6812,0.4576,23.072,16.237,-7.8348,11.956,153.85,2
21.476,10.316,2.3666,0.7288,0.3861,15.522,18.645,-2.4377,33.563,263.14,2
47.636,15.581,2.7369,0.4428,0.2374,-2.8129,-21.594,12.34,71.498,173,2
12.882,11.343,2.0986,0.7331,0.4183,14.916,-7.8405,-9.9097,56.408,113.42,2
61.47,17.405,3.0159,0.3689,0.1805,36.102,38.285,2.3811,8.5685,238.57,2
31.655,6.3376,2.5011,0.6707,0.4512,-3.607,17.278,2.9658,17.058,91.369,2
15.682,10.576,2.4572,0.5267,0.3159,23.023,1.3088,-3.6389,40.87,260.47,2
233.09,33.121,3.4052,0.1125,0.0572,208.63,217.93,8.618,65.145,78.006,2
140.64,22.816,2.8231,0.4778,0.3403,-115.49,-69.379,15.816,0.859,225.63,2
19.792,4.9201,2.1641,0.8302,0.5206,-5.5817,-14.194,5.6208,23.577,132.58,2
212.74,43.224,3.1905,0.1361,0.0687,-95.185,-197.66,-42.389,30.698,243.75,2
18.493,16.937,2.7835,0.4513,0.23,7.9821,-21.905,7.6908,44.625,75.022,2
98.511,38.038,3.3615,0.1227,0.0633,60.228,88.412,-32.719,56.403,256.85,2
126.33,26.694,2.953,0.2791,0.2072,-149.71,113.11,17.541,5.6993,207.83,2
80.237,54.469,3.3462,0.1725,0.0945,-21.227,46.082,37.754,15.264,308.55,2
103.88,43.547,3.554,0.2919,0.1803,13.296,53.987,-32.506,17.178,346.15,2
184.52,53.136,3.1538,0.2337,0.114,-247.85,156.78,-30.369,25.825,167.68,2
53.366,24.759,3.3111,0.2169,0.0909,5.2783,50.629,-16.923,80.822,82.487,2
25,11.684,2.5378,0.4348,0.2246,35.149,9.2603,6.4437,64.533,53.093,2
36.792,6.9047,2.5653,0.5381,0.2987,-3.0188,23.051,-1.3905,3.6592,86.785,2
47.773,9.7269,2.8571,0.3899,0.2014,40.934,11.448,12.57,54.776,239.25,2
21.763,10.601,2.4755,0.6284,0.4602,6.8925,26.548,-10.16,39.457,164.04,2
22.414,7.7158,2.2941,0.6328,0.3397,-8.8176,-34.795,-3.3566,53.737,112.67,2
121.58,73.233,3.7044,0.1167,0.0598,-166.15,-14.422,33.841,21.875,355.37,2
83.471,17.402,3.1388,0.292,0.1638,-112.55,53.791,-16.548,39.472,245.48,2
67.447,63.959,3.2897,0.0858,0.0646,-29.77,55.398,30.583,22.804,308.29,2
153.34,40.189,3.0958,0.2447,0.1504,177.58,-84.68,-19.485,2.1684,199.65,2
163.78,43.565,3.1101,0.2666,0.1637,-123.43,-51.166,-41.422,62.473,302.71,2
33.549,19.832,2.5877,0.3643,0.1951,-0.0327,-25.059,17.546,86.944,226.62,2
37.945,9.3048,2.8251,0.4592,0.2625,35.472,32.766,9.5871,14.827,203.54,2
32.814,17.257,2.7589,0.3066,0.1699,8.5203,-21.316,-13.041,55.408,194.62,2
27.89,13.172,2.3615,0.4323,0.2251,12.312,-0.7588,-9.0291,44.476,185.64,2
71.873,9.8828,2.9972,0.3322,0.1917,68.358,64.421,-5.8032,9.1396,198.36,2
44.013,19.63,3.1362,0.2368,0.1312,-43.564,-30.764,-4.4612,40.699,72.425,2
20.481,10.373,2.5814,0.5937,0.3212,-44.755,22.879,6.1172,84.712,206.09,2
66.284,30.948,3.1909,0.1321,0.0667,-126.32,-34.238,23.568,41.382,236.37,2
95.394,70.41,3.6003,0.1923,0.1043,36.871,70.717,40.838,78.833,353.4,2
138.75,40.243,3.0299,0.1368,0.041,84.746,130.86,-28.884,3.3626,218.11,2
23.301,13.789,2.6068,0.4936,0.2565,-11.783,-3.554,11.799,53.827,216.96,2
21.381,5.7394,2.5833,0.6553,0.4067,-16.495,16.561,5.923,57.152,142.97,2
19.195,16.518,2.3225,0.5707,0.2959,12.918,20.852,-4.6834,26.331,195.02,2
144.04,26.807,2.9631,0.2711,0.1432,-89.843,-102.29,16.073,44.695,176.17,2
109.16,18.206,3.3285,0.1588,0.1084,-94.864,46.754,13.487,59.091,130.68,2
22.219,18.108,2.7362,0.4488,0.2799,29.468,32.289,-12.989,48.836,162.36,2
25.701,17.105,2.4558,0.4416,0.2896,36.86,24.371,-4.3285,0.313,191.83,2
21.586,17.148,2.9789,0.3081,0.1819,1.946,-14.161,13.312,66.779,165.79,2
115.85,27.736,3.3434,0.1905,0.1073,-123.29,75.728,-30.435,34.279,199.77,2
17.107,6.8195,2.2768,0.6185,0.3667,-16.099,-18.225,13.082,89.723,65.172,2
44.667,21.94,2.6663,0.2941,0.1276,54.019,20.04,21.818,1.6086,193.25,2
18.107,10.397,2.2866,0.701,0.4061,-18.409,2.8306,-10.056,34.715,172.44,2
94.877,29.47,2.7372,0.3828,0.2408,-103.89,-67.901,-24.788,1.374,317.6,2
24.283,11.624,2.6294,0.4695,0.2477,9.0073,10.559,4.4065,52.921,180.82,2
22.441,18.842,2.6412,0.4365,0.2538,2.6846,-25.627,2.1038,19.255,237.36,2
15.265,5.8096,2.2321,0.5464,0.3281,9.7371,7.7963,5.4489,71.264,248.93,2
37.868,16.141,2.8675,0.3161,0.1852,-28.094,19.41,-11.009,47.337,134.71,2
118.4,26.288,3.3119,0.3297,0.169,-11.958,-78.736,-22.82,10.435,382.97,2
12.853,11.403,2.0512,0.7289,0.4133,-15.047,8.0978,-9.812,77.209,149.46,2
15.143,11.734,2.2976,0.7229,0.4471,5.2189,2.8942,11.849,49.814,179.14,2
146.94,52.518,3.4453,0.2306,0.1315,-207.74,119.39,-32.547,69.458,311.05,2
61.702,14.735,2.9586,0.2696,0.1436,2.7899,-39.261,-17.144,71.964,157.48,2
39.666,10.189,2.7985,0.368,0.2031,26.026,31.941,1.1293,73.752,165.86,2
16.676,16.193,2.703,0.4072,0.3124,-5.9387,-16.514,-5.4097,31.843,228.46,2
52.173,43.533,2.8921,0.3026,0.1583,75.228,-22.985,-30.311,66.511,262.97,2
24.892,17.901,2.7702,0.3803,0.2126,39.599,-17.896,-13.778,70.726,237.98,2
138.5,30.833,3.3005,0.2183,0.1324,92.107,130.16,-19.262,65.519,156.9,2
93.376,56.962,3.3768,0.16,0.0825,-7.6621,18.597,32.294,47.454,332.3,2
13.449,9.9891,2.4141,0.817,0.4759,-13.452,-7.011,11.534,78.478,196.66,2
41.873,11.823,2.6465,0.4711,0.2454,-25.529,-62.539,-7.1176,76.85,234.07,2
27.281,0.6171,2.1276,0.7067,0.4439,7.6324,-2.9434,-20.285,12.429,187.44,2
15.636,11.396,2.2044,0.5885,0.3101,-12.946,-29.954,-7.9379,57.432,32.363,2
41.855,11.254,2.7973,0.3652,0.1906,-25.14,-17.483,-6.1466,54.848,194.44,2
188,65.402,3.5602,0.1133,0.0622,-345.2,182.7,-75.45,82.318,297.5,2
49.708,11.632,2.8159,0.3963,0.2212,-1.7212,19.843,3.5281,74.34,225.36,2
25.746,12.406,2.567,0.4336,0.2236,-8.1383,-15.728,5.6507,44.885,157.56,2
43.894,11.739,2.782,0.4381,0.2165,-36.942,15.257,6.007,78.463,153.74,2
23.474,9.7318,2.1987,0.5949,0.3513,28.897,-11.84,8.2168,10.676,208.42,2
168.22,22.859,3.0195,0.2806,0.2052,-89.396,-159.22,-19.698,70.622,151.8,2
20.665,12.632,2.3589,0.5208,0.3304,15.652,15.338,5.2813,54.346,244.19,2
25.332,16.921,2.5082,0.4192,0.2526,-5.9069,-32.572,10.034,47.007,93.629,2
17.511,12.816,2.7279,0.5706,0.3602,5.4014,11.747,6.8457,12.665,247.93,2
51.476,42.841,3.0552,0.207,0.1096,47.471,41.446,-32.445,11.034,268.5,2
195.5,23.159,3.0301,0.2077,0.0977,177.74,182.67,13.715,9.2168,69.86,2
111.67,90.603,3.1207,0.1416,0.0723,125.51,116.76,78.839,47.52,210.1,2
145.89,79.778,3.7383,0.1636,0.075,3.0178,90.853,-29.154,82.242,347.59,2
77.283,31.183,2.8991,0.4156,0.1755,84.602,41.573,-19.602,72.566,138.64,2
127.24,27.711,3.3516,0.2185,0.1239,-157.15,-44.914,18.935,44.96,300.75,2
20.341,7.4247,2.4594,0.7535,0.5642,16.244,18.596,-1.9967,12.131,203.27,2
118.69,44.108,2.7864,0.6214,0.39,-60.239,-138.65,-35.933,15.79,384.15,2
48.629,15.584,3.0432,0.3324,0.1861,35.923,50.127,-4.3105,71.177,140.79,2
25.547,9.4973,2.4322,0.5434,0.2976,7.2206,-6.477,2.7766,63.086,243.5,2
32.965,10.633,2.3337,0.6301,0.3904,-24.755,-7.6974,-4.8365,60.933,100.86,2
59.843,12.274,2.9484,0.2736,0.1481,-53.509,31.717,-8.2839,55.98,199.67,2
13.136,10.339,2.1707,0.8105,0.396,-19.958,-3.1469,-17.84,11.358,119.57,2
46.564,10.815,2.8591,0.2891,0.1459,19.717,28.949,-3.9063,17.189,174.84,2
49.972,12.686,2.877,0.4015,0.2517,-60.759,-24.147,18.205,46.935,288.4,2
117.5,25.374,3.4283,0.2108,0.1092,-130.54,30.058,-17.863,23.639,298.95,2
176.97,81.358,3.4637,0.1736,0.0871,-227.24,-89.024,119.93,84.402,297.57,2
290.93,63.281,3.8407,0.1196,0.0427,-293.19,-248.58,42.298,43.218,220.53,2
124.75,25.616,3.2584,0.184,0.0778,-139.92,-47.239,21.835,24.4,183.37,2
29.089,14.088,2.6803,0.4302,0.2469,3.3787,-20.548,14.617,37.839,244.82,2
233.8,137.14,3.5614,0.1377,0.0836,-154.69,-270.62,-56.372,48.137,291.72,2
113.16,81.11,3.8248,0.1123,0.0586,-192.44,74.211,-57.609,77,292.43,2
64.615,48.763,3.2645,0.2676,0.1422,-36.621,46.526,28.563,77.993,317.12,2
73.449,27.422,3.3005,0.1949,0.1313,-106.48,-42.221,27.327,46.451,270.71,2
17.09,16.662,2.3509,0.5209,0.3194,29.921,11.051,8.4029,69.28,55.158,2
34.493,7.899,2.5999,0.5,0.2525,18.637,13.935,7.084,62.854,59.017,2
38.678,25.165,2.9667,0.2193,0.1247,-26.612,-14.185,-1.7646,49.256,286.93,2
24.381,15.625,2.6853,0.4644,0.257,23.474,20.464,13.12,34.012,169.22,2
220.77,73.633,4.159,0.0832,0.0417,-210.54,-197.55,68.984,63.838,291.03,2
87.589,31.001,3.1202,0.2214,0.1171,-29.657,-93.109,-10.384,62.047,138.83,2
137.28,98.566,3.5602,0.079,0.038,-49.541,-152.51,-108.69,24.82,73.851,2
135.88,52.482,3.4942,0.1159,0.0645,7.5169,188.71,-45.8,85.652,288.44,2
24.419,7.6296,2.4232,0.7057,0.3755,14.939,-13.685,-5.4684,25.896,121.15,2
38.034,7.0345,2.4908,0.4571,0.2201,35.859,-9.086,-9.4728,44.677,228.03,2
35.154,22.102,2.7948,0.3528,0.1901,48.01,13.308,13.056,0.2226,243.74,2
51.155,11.671,2.9117,0.299,0.1624,9.6688,41.002,2.2744,58.114,218.55,2
107.7,43.573,4.0981,0.0949,0.0435,73.722,105.09,-21.887,73.063,173.32,2
51.51,10.082,2.8742,0.3848,0.2265,21.765,28.172,8.0106,45.806,163.57,2
180.48,129.15,4.9369,0.0209,0.011,-302.28,-157.37,-39.785,10.629,156.62,2
53.432,35.984,3.0603,0.1688,0.0866,-12.938,44.033,-34.988,83.818,149.11,2
82.934,39.762,3.1444,0.2272,0.0848,-69.149,-54.563,-11.871,26.409,240.8,2
39.615,29.767,3.0242,0.2182,0.1143,8.3684,12.849,-16.608,34.328,144.66,2
104.01,55.274,2.9824,0.2084,0.1305,-31.862,-107.7,22.47,2.9542,137.69,2
51.964,21.282,2.9907,0.3362,0.1957,-9.8133,-37.469,-10.931,1.0636,178.53,2
16.892,5.5166,2.4218,0.8535,0.428,-8.6806,14.033,-1.5097,80.435,169.98,2
98.451,27.812,3.2201,0.083,0.0799,-133.64,73.69,14.369,81.868,205.66,2
26.585,12.017,2.6037,0.4907,0.2852,-17.741,13.811,5.17,66.837,258.36,2
21.222,11.575,2.5664,0.635,0.3297,22.363,15.319,8.5289,71.033,163.26,2
28.788,10.323,2.6886,0.4742,0.3254,-1.1499,18.601,-12.084,67.103,255.02,2
51.928,9.3879,2.7641,0.3932,0.2245,24.951,31.938,3.4913,23.988,232.09,2
23.165,16.521,2.457,0.3781,0.2049,-27.335,13.085,-10.587,35.485,218.89,2
27.713,17.462,2.7202,0.2876,0.1514,-30.775,-9.3534,-12.101,70.253,77.875,2
68.531,48.058,3.3265,0.1846,0.1172,-37.14,75.466,-38,28.595,273.34,2
154.15,79.275,2.8732,0.4743,0.2306,-140.34,-99.29,76.385,23.681,390.84,2
113.79,71.024,3.0334,0.2731,0.1912,-171.7,84.214,45.636,11.977,167.62,2
27.384,10.698,2.6593,0.4466,0.2267,18.377,1.7313,-1.1545,36.901,117.52,2
13.123,10.96,2.3086,0.7666,0.4152,14.634,-4.031,-11.636,22.962,171.09,2
18.349,12.697,2.5484,0.5714,0.3182,-3.2207,11.719,-9.0724,1.6196,253.18,2
177.37,151.7,3.5091,0.1654,0.0878,-140.2,-151.37,69.846,0.0993,312.27,2
49.142,26.733,2.7585,0.3592,0.1874,-70.335,25.949,-17.851,33.825,269.62,2
206.43,69.994,3.5853,0.132,0.0708,-172.16,99.359,65.457,61.437,261.51,2
58.871,20.043,2.9299,0.2456,0.1416,-21.657,-45.606,16.432,28.242,192.86,2
60.465,12.382,2.896,0.2795,0.1493,-26.116,19.972,9.6902,88.995,130.89,2
87.852,82.674,3.8074,0.1382,0.0922,9.7111,-72.31,-57.788,87.844,355.08,2
35.429,13.435,2.7275,0.4476,0.2519,38.147,20.817,7.863,31.449,130.19,2
22.077,9.6995,2.601,0.619,0.317,21.531,14.457,7.7992,20.441,182.62,2
102.76,21.246,3.172,0.1784,0.1251,76.198,62.907,21.534,69.636,168.48,2
21.005,15.829,2.6803,0.5846,0.3476,-3.0731,-17.099,-14.169,6.6575,153.01,2
30.186,7.5997,2.7763,0.5225,0.3412,-18.762,-9.2159,3.5928,76.822,116.58,2
118.02,74.099,3.7185,0.1187,0.0615,-5.6881,108.03,-46.388,62.057,339.69,2
79.553,45.089,3.3111,0.1343,0.0672,16.383,-76.739,28.747,25.427,179.41,2
30.941,16.598,2.4955,0.4335,0.2343,2.9095,26.787,4.0661,58.367,205.98,2
21.962,1.7216,2.0597,0.6889,0.4272,-10.357,-1.7922,-18.826,24.615,230.73,2
24.683,9.1786,2.5397,0.5628,0.3506,-13.464,7.9462,4.9986,86.173,214.03,2
32.759,9.0613,2.2799,0.4357,0.2178,10.238,22.484,9.5633,61.01,107.54,2
102.63,52.299,4.0465,0.1082,0.0486,-6.6532,-104.3,-18.139,50.963,179.27,2
26.613,10.169,2.4025,0.5455,0.3338,6.1383,15.849,5.3918,68.314,21.47,2
45.155,9.6212,2.8309,0.4207,0.2236,55.49,36.853,-5.0859,17.744,187.33,2
25.464,15.007,2.4115,0.4411,0.2267,-23.336,-3.7213,-6.1822,54.752,209.76,2
145.21,128.59,3.9396,0.113,0.0518,124.17,-73.701,95.934,44.045,313.03,2
58.073,17.773,2.7551,0.464,0.268,-67.897,23.866,-9.7343,67.939,192.84,2
16.692,11.95,2.5139,0.6983,0.4089,6.1548,-12.141,6.7688,39.609,160.16,2
92.894,20.371,2.8509,0.312,0.1913,132.12,-63.519,20.959,39.66,179.87,2
122.51,25.857,3.4263,0.1364,0.0804,-171.69,53.105,-23.441,69.256,247.57,2
59.037,29.638,2.8663,0.3116,0.1939,-87.446,39.61,15.7,32.414,291.66,2
205.23,31.052,2.9814,0.2146,0.1638,-185.45,-107.28,-23.349,21.438,166.22,2
20.162,15.289,2.5538,0.5193,0.3697,12.349,18.878,10.338,12.361,255.9,2
164.22,60.153,3.5241,0.1367,0.0692,125.49,127.45,28.323,44.216,269.01,2
22.623,11.558,2.4935,0.5746,0.3002,12.105,20.306,4.6293,46.08,174.4,2
66.358,25.061,3.0792,0.2092,0.1238,6.5865,-17.501,-20.878,49.891,176.3,2
23.963,13.228,2.3181,0.6527,0.449,17.549,4.9894,-3.2758,46.833,150.54,2
36.715,4.5711,2.1036,0.5463,0.283,-17.102,0.387,1.2842,69.841,142.66,2
36.728,11.334,2.666,0.361,0.1988,8.137,33.29,10.926,47.191,133.01,2
15.98,7.1734,2.3775,0.847,0.6184,-2.4656,-7.6365,6.081,58.291,213.35,2
17.323,10.998,2.3096,0.5833,0.3407,1.1613,-5.9612,6.5009,31.882,247.66,2
14.227,7.3503,2.4323,0.5057,0.2716,8.4758,10.108,2.8224,64.376,36.675,2
82.474,43.819,3.5075,0.2093,0.1157,-71.169,-99.785,-28.756,1.8856,413.4,2
77.95,49.389,2.8045,0.3749,0.2235,-10.54,-79.159,45.475,48.145,230.71,2
182.09,42.573,3.3349,0.2253,0.1339,-270.24,124.05,-31.304,22.837,235.59,2
53.745,9.3292,2.9636,0.3306,0.1941,24.317,-32.08,-8.2516,66.732,112.25,2
146.54,94.187,3.4782,0.0928,0.0464,-32.897,67.397,-112.42,33.937,145.94,2
39.035,19.476,2.6754,0.2948,0.1648,36.097,6.7564,10.419,81.017,229.41,2
111.33,79.502,3.6832,0.2244,0.1279,-15.912,85.724,-76.748,81.647,417.99,2
46.379,16.446,2.7868,0.4363,0.2655,-64.974,29.63,10.865,25.804,280.1,2
26.052,16.095,2.7122,0.4398,0.2671,15.689,4.7369,5.973,11.946,97.077,2
19.743,9.5927,2.6551,0.5907,0.3529,-22.993,-11.456,2.5077,48.273,121.23,2
28.546,8.9766,2.732,0.5505,0.3123,-21.869,18.767,9.1991,20.271,146.74,2
72.58,40.683,3.0197,0.279,0.1715,-69.491,59.882,-22.704,8.304,262.49,2
31.536,12.327,2.7709,0.3678,0.1856,29.255,10.641,3.648,68.339,122.72,2
26.046,10.008,2.2463,0.4295,0.2349,-39.011,-28.617,4.8106,54.197,106.8,2
16.429,14.497,2.4461,0.4044,0.2544,-23.192,-15.713,11.972,28.759,117.78,2
178.25,109.8,4.3802,0.0497,0.008,45.988,71.967,61.007,86.06,322.05,2
76.048,25.758,2.9327,0.2604,0.1302,44.883,-59.882,-20.493,16.991,50.128,2
37.355,26.457,3.4601,0.2399,0.1208,13.67,18.768,-20.022,65.022,236.95,2
107.79,60.144,3.5168,0.191,0.0802,-80.3,45.196,38.582,49.362,277.1,2
84.289,58.859,3.1847,0.1203,0.0605,63.66,89.635,37.788,39.641,294.58,2
104.14,63.386,3.314,0.2753,0.1394,-91.15,65.057,15.425,81.524,368.29,2
25.249,7.3715,2.1987,0.6242,0.3702,19.191,33.677,16.132,72.694,216.25,2
9.6831,7.2796,2.4114,0.4607,0.2428,6.8672,-18.5,5.4472,75.624,70.66,2
43.261,13.593,2.5367,0.5328,0.3374,-26.308,-30.577,-14.097,23.2,198.37,2
25.761,23.491,2.633,0.3469,0.2037,-12.663,-16.644,-11.711,65.929,255.69,2
120.86,73.66,3.2809,0.1828,0.1045,-109.04,-117.96,-31.36,77.918,321.71,2
83.037,29.711,3.2432,0.1708,0.0923,-62.821,40.924,-20.064,10.701,217.48,2
17.479,7.4648,2.2418,0.7794,0.5473,-0.3643,-1.2056,4.3031,58.548,201.84,2
299.93,106.26,3.5098,0.2017,0.1159,384.35,-84.313,83.846,83.902,220.71,2
34.411,11.12,2.7332,0.39,0.2043,-26.386,13.873,-6.4593,43.359,86.593,2
40.267,31.717,2.699,0.272,0.159,-46.02,-22.43,16.564,24.013,163.52,2
46.453,10.454,2.9278,0.3632,0.1641,2.929,25.797,-3.7359,13.748,257.74,2
43.612,13.932,2.6946,0.4182,0.2253,18.021,35.3,-3.1678,8.058,264.92,2
38.3,24.5,2.8001,0.22,0.1309,39.862,40.664,-18.664,68.157,252.21,2
72.615,18.76,3.0241,0.2535,0.1433,-91.747,38.246,-18.417,56.625,282.61,2
130.31,13.303,2.6021,0.325,0.1812,-204.57,116.05,4.7837,49.759,173.55,2
34.846,8.0214,2.6484,0.4667,0.2349,-39.408,17.867,-6.0031,47.514,168.03,2
251.63,29.834,3.0306,0.1788,0.0811,-146.78,-238.17,-11.181,69.704,174.64,2
17.855,3.8824,2.2339,0.8006,0.4438,0.5129,-10.901,-2.7688,43.432,100.28,2
47.56,16.814,2.6077,0.3333,0.1749,-54.788,-31.785,17.467,32.634,228.8,2
155.91,42.245,2.772,0.4695,0.2437,-90.406,-147.36,20.381,16.022,321.65,2
63.982,25.133,2.9743,0.366,0.252,-59.484,41.635,22.65,8.726,282.84,2
16.989,11,2.4564,0.6294,0.3514,-3.4902,8.0823,-7.0516,55.393,91.376,2
36.681,11.407,2.6585,0.393,0.214,-15.48,-33.205,7.9469,37.621,189.03,2
22.946,18.497,2.3512,0.49,0.2962,31.959,-17.518,5.9931,30.529,72.283,2
69.939,60.92,2.9919,0.3026,0.1584,-73.572,52.354,39.083,66.097,212.73,2
130.44,79.14,3.3709,0.1536,0.0561,147.41,-111.55,-89.743,37.513,163.44,2
126.77,85.494,3.4102,0.0797,0.0363,128.79,112.92,-90.062,32.488,146.59,2
49.024,9.7021,2.7649,0.4089,0.2225,-44.801,-29.816,5.332,8.0425,137.46,2
37.802,18.89,2.3646,0.7948,0.5162,35.407,24.05,13.114,62.565,372.31,2
113.52,94.374,3.985,0.1145,0.0599,58.101,111.33,40.068,80.254,331.47,2
46.759,19.45,2.4288,0.3638,0.2085,1.0685,-16.122,-5.7361,60.499,76.428,2
91.428,11.695,2.3838,0.4504,0.2541,107.97,-48.666,5.9048,64.576,216.72,2
34.645,8.0247,2.4437,0.4846,0.2715,3.662,-14.037,-8.0472,34.427,200.53,2
29.145,14.698,2.643,0.4141,0.2582,-25.275,-25.686,12.064,18.922,208.13,2
85.43,36.949,3.4048,0.1768,0.0904,60.771,82.451,25.54,7.7104,296.61,2
28.071,8.9831,2.5308,0.5217,0.2802,6.1847,34.766,-5.7701,17.146,203.97,2
13.056,10.513,2.2443,0.7749,0.4986,12.971,4.7756,-9.2585,11.534,209.1,2
87.023,31.846,3.2493,0.1228,0.0786,-20.541,69.759,-25.831,5.2099,38.179,2
85.54,37.128,3.3141,0.1669,0.0879,-2.9802,61.082,30.698,70.236,148.29,2
33.218,17.29,2.5063,0.3848,0.2086,30.386,3.591,-24.299,42.174,210.53,2
23.427,14.978,2.6684,0.5472,0.3251,-7.2274,7.1203,15.445,32.043,87.786,2
141.97,51.249,3.1421,0.2358,0.1273,-155.74,103.08,39.646,47.14,274.69,2
74.436,18.532,2.737,0.5031,0.2855,-69.149,-61.93,22.601,17.34,281.47,2
31.466,8.7537,2.6031,0.5337,0.3753,-1.4752,20.639,-5.6991,75.413,95.683,2
42.735,8.8932,2.4955,0.4249,0.2284,-30.711,-28.793,3.9393,45.069,238.98,2
141.64,43.115,2.7825,0.3696,0.1972,132.44,58.236,-30.814,3.2109,299.94,2
214.33,118.57,4.2372,0.0701,0.038,-72.668,-153.3,105.77,80.685,348.82,2
18.817,12.749,2.437,0.5265,0.2834,3.2467,-10.61,9.0357,54.411,232.9,2
13.393,10.34,2.1717,0.8013,0.4411,-14.183,-5.2196,11.739,6.478,196.28,2
239.76,88.076,3.6011,0.1195,0.0618,-207.1,-274.83,55.962,17.882,283.18,2
23.809,15.583,2.6808,0.4567,0.2284,22.867,-18.574,-13.064,45.578,245.8,2
117.97,13.265,3.2611,0.1602,0.1049,54.246,47.308,-6.1551,69.021,165.18,2
47.796,15.015,2.695,0.3653,0.1826,28.817,32.878,-7.7357,31.24,203.79,2
25.989,8.5678,2.4815,0.7454,0.5458,-1.8577,6.4153,-9.8427,44.816,238.84,2
109.09,84.442,3.7182,0.1474,0.0983,14.634,-33.75,-37.483,66.562,335.69,2
95.565,18.29,3.2978,0.3103,0.1845,-25.941,58.053,-5.9464,37.581,322.77,2
14.666,7.9126,2.4422,0.762,0.4984,-4.4123,-16.088,-6.0178,34.043,206.12,2
25.669,7.9491,2.3927,0.668,0.3745,13.951,18.291,6.3585,41.133,184.47,2
86.628,58.281,3.7469,0.1485,0.0931,-5.5701,50.185,-46.566,20.899,342.36,2
47.852,9.567,2.6053,0.3375,0.1749,-29.473,20.675,6.0732,87.784,260.09,2
185.74,27.005,2.8998,0.5441,0.3797,-126.92,-188.58,-18.671,2.507,361.46,2
25.85,8.5086,2.5308,0.5626,0.3667,12.259,10.393,-4.4572,68.843,165.67,2
82.517,39.425,2.9152,0.3973,0.1938,-79.062,-95.684,-17.406,12.167,419.47,2
29.38,10.821,2.4788,0.544,0.3127,33.019,22.82,11.101,5.6476,187.78,2
115.12,21.291,2.8024,0.3262,0.1726,84.138,54.405,-8.4278,71.01,95.76,2
38.193,13.382,2.8121,0.565,0.3308,15.954,28.595,-7.2551,15.674,173.92,2
23.377,12.802,2.5804,0.5709,0.3218,-3.8158,-11.052,7.827,65.578,155.04,2
108,82.307,3.9528,0.1206,0.0654,-60.923,-88.915,66.974,85.131,384.24,2
269.33,78.884,3.5181,0.1511,0.0827,-100.58,-331.78,-60.516,26.195,254.64,2
77.789,24.118,2.8768,0.3073,0.1824,59.402,55.437,-20.941,66.112,196.36,2
78.473,23.921,2.9283,0.3295,0.1661,-62.051,27.648,-9.05,33.078,297.34,2
195.22,67.308,3.5708,0.1007,0.0582,-242.6,-149.32,45.394,12.793,236.33,2
138.18,45.179,3.2573,0.2302,0.1455,-107.77,-87.855,35.273,3.3289,302.29,2
159.17,50.04,3.4283,0.1482,0.09,-200.81,-90.516,-46.656,10.128,143.21,2
135.08,41.749,3.3732,0.1178,0.0817,4.7027,98.615,-41.114,59.614,169.61,2
141.75,34.022,3.3695,0.1542,0.0822,54.835,-43.709,33.606,4.48,106.37,2
58.952,21.227,2.6884,0.2705,0.165,-54.544,-43.672,-17.7,32.936,89.164,2
38.964,9.5737,2.7063,0.4818,0.2547,-1.5093,23.208,4.3054,62.484,136.34,2
32.215,11.593,2.4989,0.3624,0.2201,19.57,20.569,6.0037,42.668,219.8,2
68.168,17.649,2.6488,0.4198,0.2144,-13.066,-73.88,12.285,27.876,178.39,2
34.27,23.848,2.5176,0.3768,0.23,-3.1096,24.41,20.466,28.893,148.5,2
51.079,10.352,2.964,0.3031,0.1689,3.5748,30.947,4.4733,0.658,190.94,2
19.087,17.246,2.6441,0.3899,0.2312,32.208,17.603,5.6783,48.07,182.4,2
38.272,12.005,2.6263,0.3806,0.1903,32.724,28.528,-2.7802,33.268,201.75,2
71.131,51.576,3.4778,0.1305,0.0774,26.075,66.879,-39.026,20.329,262.77,2
128.58,23.153,2.5854,0.3359,0.2047,34.271,113.47,17.779,75.52,132.07,2
114.84,60.104,3.7837,0.2236,0.1193,-148.64,-109.84,-63.248,57.437,374.38,2
121.65,46.652,3.1932,0.2566,0.1206,-32.67,-113.38,-37.33,36.295,354.82,2
109.97,72.019,3.3227,0.186,0.0977,-50.031,55.547,94.308,56.568,312.75,2
11.967,7.3042,2.5834,0.5463,0.3224,17.881,20.209,-8.8594,20.905,147.31,2
22.755,14.624,2.7976,0.5052,0.2622,-7.3486,-12.05,-8.7057,68.915,258.04,2
17.916,10.164,2.4326,0.604,0.3536,21.684,8.2643,-2.1832,10.002,221.9,2
55.036,42.045,3.135,0.2191,0.1294,50.777,35.14,-10.731,72.577,127.54,2
137.4,95.374,3.2817,0.1959,0.1172,-45.743,-98.66,47.697,28.391,360.51,2
22.751,16.446,2.5428,0.4155,0.2135,-11.258,-10.716,-12.505,55.578,173.09,2
33.275,10.145,2.4914,0.4161,0.2145,32.376,-20.409,11.196,14.807,109.11,2
20.091,7.8174,2.2924,0.8413,0.5316,22.162,-6.3538,16.109,73.654,224.86,2
63.238,21.504,2.8762,0.3378,0.1948,55.406,-40.684,9.5333,6.242,193.04,2
156.94,25.171,2.8043,0.5287,0.2689,-153.5,-91.432,-12.238,30.286,363.35,2
12.869,10.574,2.1608,0.7849,0.4406,-18.171,2.787,-14.157,37.43,227.18,2
55.611,27.951,3.3193,0.2459,0.1445,-73.639,45.812,-18.343,8.0384,290.02,2
52.532,9.7058,2.7181,0.377,0.1981,63.496,35.772,6.8325,35.358,178.48,2
63.341,27.529,2.9558,0.3093,0.1677,-65.175,22.683,-27.597,39.602,302.41,2
164.96,110.27,4.4047,0.0588,0.0301,-6.1614,-107.84,-88.437,76.049,322.57,2
12.842,9.585,2.3646,0.8121,0.5853,10.764,9.2325,8.1413,0.7048,141.54,2
43.405,8.0794,2.9491,0.3627,0.213,4.074,24.416,-12.429,12.893,111.09,2
21.839,17.014,2.7033,0.4911,0.3139,4.4285,16.117,11.579,42.79,103.75,2
15.648,13.5,2.4296,0.4728,0.2348,10.826,24.292,3.5501,41.258,201.65,2
101.46,17.503,3.2062,0.2451,0.1428,-95.055,80.223,-7.1155,22.298,332.45,2
21.656,17.637,2.4752,0.5917,0.3514,-6.0248,31.129,16.284,60.98,196.96,2
56.558,48.604,3.2653,0.1596,0.0915,-6.4467,-43.943,-36.066,57.104,40.766,2
24.621,0.6134,2.0609,0.7755,0.4341,23.272,15.309,-5.3606,53.563,229.22,2
59.222,11.901,2.8719,0.2525,0.1283,-25.684,16.028,-10.736,87.728,230.66,2
42.919,19.711,3.0238,0.2887,0.1236,-8.7055,-29.717,-15.867,63.115,102.25,2
103.7,54.041,3.6049,0.2907,0.1446,-37.998,-98.801,16.515,1.29,431.64,2
52.077,21.937,2.7497,0.3434,0.1753,34.455,-27.949,-19.015,87.737,147.02,2
39.596,10.068,2.6522,0.3608,0.2105,9.2056,20.335,7.1365,75.672,107.87,2
129.25,36.889,3.0342,0.2866,0.1496,-119.02,-39.754,20.983,23.479,294.96,2
65.127,15.274,2.7992,0.3013,0.1779,31.382,46.701,14.246,72.046,129.17,2
18.608,18.308,2.415,0.4154,0.2481,12.155,6.0259,-14.476,74.079,120.05,2
230.89,62.323,3.2208,0.2183,0.1104,-288.61,151.66,-29.764,88.804,296.49,2
21.868,19.773,2.6277,0.3888,0.2301,-5.6361,3.3702,15.079,13.273,182.09,2
152.9,65.697,3.0932,0.1727,0.0924,-103.6,-175.45,37.407,76.296,137.67,2
31.67,20.45,2.5752,0.4475,0.3179,17.671,15.363,-4.9596,56.114,188.58,2
113.07,76.922,3.7965,0.0912,0.0602,112.2,97.167,-53.11,86.915,285.9,2
54.99,18.042,3.0123,0.2988,0.1822,51.246,60.278,-9.2511,12.128,290.83,2
126.58,16.622,2.7515,0.3174,0.1376,-61.343,-93.516,8.5712,88.024,201.15,2
28.253,9.9309,2.4541,0.5343,0.2759,24.528,-21.96,6.3961,49.996,242.8,2
26.206,18.567,2.5611,0.4423,0.2486,1.2724,-21.001,16.588,5.7572,237.76,2
20.364,12.711,2.3395,0.4805,0.2449,10.448,13.081,9.4621,27.186,183.51,2
17.6,11.602,2.5456,0.5069,0.245,29.038,-0.9143,0.4197,55.374,222.21,2
25.762,16.629,2.4161,0.7065,0.525,-7.6826,18.786,-11.997,20.903,178.76,2
49.044,24.587,2.5998,0.598,0.4118,-38.813,-28.41,-20.416,6.2538,317.31,2
86.225,30.233,2.9047,0.3711,0.2049,-44.366,-88.801,24.451,68.428,209.17,2
137.5,41.84,3.3352,0.193,0.0939,-140.48,-112.87,-25.205,34.208,334.22,2
98.803,16.499,3.1633,0.1888,0.0985,97.148,44.096,-14.297,81.12,105.54,2
34.703,24.579,3.1392,0.277,0.1404,-15.795,-10.158,-25.35,26.66,182.4,2
104.53,61.663,3.3935,0.1935,0.1192,-65.444,-55.126,44.904,17.696,353.89,2
29.155,20.782,2.6309,0.4117,0.2164,16.596,27.002,-13.507,56.541,103.24,2
108.85,22.813,2.9802,0.2196,0.1136,-209.13,111.32,12.466,61.044,166.91,2
33.851,10.414,2.7738,0.4411,0.2416,14.399,-16.523,-5.2557,85.191,241.88,2
132.9,52.441,4.0376,0.0866,0.0469,-161.22,-75.174,-47.521,33.838,251.78,2
217.84,39.323,3.0903,0.2835,0.1458,-265.37,132.34,17.429,42.682,244.43,2
170.74,101.48,3.9528,0.1042,0.0582,-58.279,-143.02,29.795,63.52,190.41,2
37.67,26.781,2.8097,0.2943,0.1492,11.31,38.425,-8.1999,22.526,187.52,2
23.377,14.179,2.58,0.4482,0.3065,-8.8265,-38.469,-7.5798,8.7792,136.42,2
21.545,12.124,2.4558,0.5959,0.3161,3.017,-20.27,-4.0001,8.2298,89.981,2
30.693,13.404,2.5821,0.4031,0.2395,-24.504,-19.006,10.291,81.986,235.68,2
153.68,83.729,3.4749,0.1143,0.0581,72.727,134.28,-79.246,29.126,30.644,2
32.794,19.141,2.6239,0.5007,0.2995,-12.97,22.4,-14.828,89.908,225.91,2
44.385,30.67,2.9251,0.3945,0.2668,5.3902,11.208,-20.446,20.064,327.1,2
153.45,20.286,2.5888,0.4201,0.2204,-103.25,-100.63,18.615,11.419,322.09,2
23.625,13.662,2.3898,0.5862,0.3383,12.966,14.218,-8.1171,79.262,238.91,2
77.681,14.504,2.49,0.3775,0.2004,-51.427,-61.341,-10.351,55.394,151.11,2
118.47,31.22,3.0247,0.4034,0.2064,-104.29,-47.596,-18.983,4.826,329.08,2
30.412,20.966,2.6926,0.4778,0.2567,9.2727,33.621,17.104,74.382,257.79,2
65.541,22.516,3.0279,0.3712,0.2438,-54.161,-25.133,-19.367,1.423,323.55,2
31.316,18.371,2.6547,0.361,0.2049,-17.509,-20.979,11.284,18.236,243.73,2
91.903,84.822,3.9443,0.0858,0.0443,-42.474,-50.022,-58.692,31.009,261.26,2
48.373,8.7244,2.8139,0.4666,0.2724,-66.745,27.234,-10.004,2.3339,295.01,2
57.873,33.349,3.255,0.1579,0.0859,41.76,46.611,-17.332,6.4404,178.7,2
44.736,28.649,3.1326,0.2645,0.1547,12.895,-43.295,15.117,89.904,219.38,2
286.82,65.416,3.1537,0.2239,0.145,-317.82,-233.19,49.393,32.633,214.55,2
25.5,24.305,2.7831,0.3556,0.2648,6.5081,15.493,-16.16,28.716,121.4,2
17.599,10.923,2.382,0.5685,0.3174,1.1882,-6.4173,-5.8129,76.189,229.77,2
20.825,7.1719,2.0233,0.7014,0.3554,-1.3973,8.6766,6.0362,39.435,100.76,2
66.549,20.255,2.9344,0.3426,0.2033,-79.54,67.032,-13.72,18.498,269.77,2
61.789,52.299,3.0199,0.17,0.0931,40.804,-21.902,45.795,20.557,154.87,2
13.947,12.875,2.3627,0.5855,0.3492,-1.7328,-14.526,12.779,60.097,222.2,2
143.47,54.313,3.7465,0.0886,0.0453,-204.77,-40.225,36.294,2.037,282.61,2
54.084,18.701,2.6594,0.5667,0.372,17.085,63.999,-11.898,41.712,222.48,2
23.409,14.562,2.6749,0.5053,0.3034,1.9848,19.549,11.124,39.014,237.29,2
76.536,15.952,2.9193,0.2276,0.1198,-95.84,36.265,-7.5991,65.517,194.41,2
180.71,99.618,4.1567,0.0871,0.0191,170.82,-124.85,-57.086,68.881,303.11,2
53.94,15.337,2.9039,0.2886,0.1208,-49.536,-40.765,11.153,11.629,124.52,2
117.29,38.963,4.1035,0.0862,0.0447,-62.462,-115.04,-31.235,83.486,106.55,2
19.782,2.9411,2.6506,0.5334,0.2869,19.709,11.243,11.483,13.802,203.59,2
106.3,58.472,3.1042,0.1385,0.0942,-16.872,103.01,-44.065,67.74,265.94,2
23.63,14.857,2.6707,0.4184,0.2529,7.0439,12.027,11.233,23.398,219.94,2
150.59,86.571,3.7915,0.1467,0.0786,-99.692,-114.05,68.698,84.021,397.17,2
13.117,10.636,2.224,0.7761,0.4746,-13.503,-3.5588,-10.45,50.258,79.149,2
96.441,87.684,3.8398,0.0831,0.0422,-81.538,88.075,75.358,6.6557,252.92,2
26.601,11.6,2.5066,0.3897,0.1956,27.329,30.611,12.281,30.975,113.9,2
27.108,7.8451,2.3943,0.5835,0.2667,-38.45,0.2753,-3.1016,76.27,152.02,2
21.674,10.949,2.7205,0.3677,0.2144,8.4718,22.951,1.1068,57.277,159.77,2
73.035,23.586,2.8712,0.2317,0.124,-74.486,16.139,-8.1284,26.033,226.99,2
32.903,8.9375,2.601,0.4486,0.2444,26.861,15.613,-5.8061,70.074,193.6,2
101.57,32.319,3.2348,0.2732,0.1841,-39.499,42.673,24.024,40.641,337.57,2
120.71,41.551,3.3093,0.15,0.0532,-189.91,106.17,17.693,48.728,179.75,2
19.301,12.727,2.3664,0.486,0.286,-0.1253,-1.3205,9.4365,79.795,89.556,2
18.428,7.1285,2.2541,0.8357,0.4596,6.5255,-10.339,4.0425,27.261,198.95,2
68.793,13.823,2.9852,0.2411,0.1319,61.891,43.437,-4.886,60.868,173.47,2
50.217,24.492,2.8017,0.2968,0.1492,44.614,35.441,22.35,21.809,101.7,2
18.087,7.3052,2.3865,0.8214,0.499,-4.4861,7.5943,-4.1761,86.01,112.55,2
72.175,9.7887,2.9621,0.3013,0.1267,73.259,34.169,5.9555,29.058,165.13,2
227.56,55.385,3.8508,0.0959,0.0389,-203.92,-145.67,33.365,80.353,240.83,2
18.71,14.618,2.3883,0.5521,0.2883,-20.049,-17.878,5.8284,61.706,213.43,2
78.43,41.939,3.0871,0.1874,0.0978,-84.954,-62.661,-14.417,10.504,206.88,2
97.632,26.612,3.2527,0.1621,0.0914,79.419,62.169,-23.387,73.299,220.01,2
17.576,10.867,2.3945,0.5927,0.3085,-2.858,8.6927,-5.6742,50.671,116.39,2
37.572,10.115,2.7853,0.4443,0.2254,31.21,18.212,6.5291,67.624,143.64,2
51.837,42.518,3.5552,0.1237,0.0712,16.935,-31.916,29.509,24.541,147.74,2
125.82,66.087,3.7559,0.2069,0.0888,11.075,-140.28,57.002,59.237,295.34,2
218.54,38.514,2.7517,0.264,0.1479,-218.76,94.999,11.081,52.48,278.96,2
180.71,58.297,3.5893,0.0983,0.0733,-278.94,-85.086,53.856,48.7,175.39,2
19.113,4.1499,2.3946,0.6901,0.4413,-12.599,15.568,-7.5507,27.893,65.389,2
26.124,10.071,2.4401,0.4936,0.274,12.914,19.377,-4.3382,18.772,256.26,2
36.222,9.3149,2.643,0.4528,0.2696,29.176,28.154,4.8776,5.066,136.54,2
194.23,92.265,4.3141,0.0455,0.0281,-225.22,-179.42,-34.101,45.753,295.24,2
24.011,17.242,2.4669,0.4369,0.244,14.243,19.472,17.294,67.141,142.84,2
258.94,65.634,4.1745,0.0895,0.0265,-291.96,-232.56,42.243,48.34,211.36,2
51.41,18.169,2.6212,0.2896,0.1451,64.153,43.172,-14.113,12.708,141.9,2
42.572,12.938,2.9307,0.2815,0.1601,-23.497,-23.65,-5.9145,43.671,211.24,2
15.749,11.211,2.4654,0.6815,0.4229,-4.5871,3.4447,8.9113,40.025,153.22,2
81.771,16.212,3.1441,0.2813,0.164,-0.177,43.098,-16.087,46.672,58.614,2
23.378,1.4962,2.5881,0.8786,0.4769,2.3891,2.0856,17.369,81.736,137.26,2
103.48,58.441,3.7535,0.1131,0.0501,-28.255,-91.355,46.133,3.7635,29.595,2
61.826,22.733,2.919,0.2952,0.1335,30.691,46.218,19.241,44.424,35.786,2
250.39,68.111,3.2738,0.2148,0.1571,-295.97,126.14,29.615,27.686,109.1,2
243.71,117.49,3.566,0.1051,0.0579,-257.98,-133.15,103.32,30.745,120.4,2
173.91,106.11,4.113,0.0792,0.0433,-104.34,-131.02,61.706,87.703,371,2
74.199,33.614,3.1431,0.1603,0.0755,-20.357,46.2,18.85,83.505,194.74,2
36.944,8.9018,2.6479,0.4032,0.2171,-59.224,19.438,-9.645,6.8549,109.7,2
22.46,9.5484,2.5521,0.6676,0.3408,14.628,16.182,8.7832,66.465,99.614,2
12.462,10.511,2.5848,0.6115,0.3284,11.719,-15.623,-7.211,57.472,94.083,2
200.94,97.342,3.5904,0.0778,0.0407,-30.534,164.42,-96.132,80.852,139.52,2
9.9191,6.874,2.5262,0.6724,0.372,-7.6133,-22.664,2.1891,54.609,101.51,2
246.16,104.1,3.454,0.1175,0.0909,-324.91,-154.76,-84.774,31.972,191.52,2
136.79,26.484,3.2659,0.2107,0.1359,78.174,123.99,-12.462,68.947,148.75,2
19.671,6.7556,2.6186,0.8231,0.4826,18.521,15.302,4.4978,21.559,168.24,2
30.481,28.087,2.82,0.2132,0.1048,37.85,28.085,24.948,41.392,224.09,2
47.888,29.088,2.9408,0.2973,0.1903,36.139,7.6255,32.764,22.072,87.057,2
29.783,22.16,2.4898,0.3246,0.1563,-46.832,-8.7597,5.7359,33.707,158.84,2
113.21,28.06,2.8556,0.1924,0.1143,-73.696,-100.68,-30.324,9.8037,259.07,2
141.64,43.115,2.7825,0.3696,0.1972,132.44,58.236,-30.814,3.2109,299.94,2
31.122,9.766,2.7139,0.4941,0.2746,36.477,37.073,4.5705,74.212,134.6,2
38.688,10.124,2.6531,0.4773,0.3479,8.5358,-14.477,3.7988,74.674,84.797,2
24.07,14.243,2.6191,0.5048,0.2632,-5.3943,4.8445,12.662,29.618,103.92,2
48.085,22.015,2.7634,0.319,0.1629,-23.168,-51.919,-14.802,42.124,204.51,2
34.645,4.6738,2.4163,0.6441,0.3424,-42.452,-19.089,-0.9251,44.7,37.304,2
125.87,27.62,3.3544,0.2132,0.1239,-73.561,75.093,13.734,18.228,264.78,2
149.44,87.252,4.6444,0.0356,0.0179,-174.34,-114.41,69.729,44.092,242.47,2
26.581,7.2683,2.4548,0.6982,0.3912,18.43,-11.433,-5.8671,89.79,243.74,2
70.36,13.721,2.7443,0.2739,0.1559,-15.933,-60.835,10.252,59.665,146.39,2
143.41,38.551,3.0354,0.1446,0.0775,-86.416,-23.872,-19.125,72.915,30.56,2
28.781,7.9783,2.3483,0.704,0.4865,24.279,26.982,7.6943,3.734,211.17,2
22.406,18.99,2.7427,0.3345,0.1673,26.159,17.993,10.781,71.429,109.32,2
86.692,15.548,3.1798,0.234,0.1517,47.34,48.404,10.971,54.487,176.36,2
28.99,12.264,2.6749,0.5307,0.2801,25.654,22.655,-9.2202,15.306,236.72,2
63.694,25.981,2.9976,0.2273,0.1232,-76.499,54.346,-21.961,2.844,285.51,2
69.497,17.812,2.924,0.1775,0.0899,-39.46,39.5,-10.589,85.31,42.996,2
45.337,25.692,2.8675,0.2334,0.1174,2.0978,-32.71,15.264,61.915,90.422,2
76.601,31.608,3.1255,0.3828,0.2581,-48.498,-65.144,-17.61,2.405,292.64,2
88.25,23.171,3.1553,0.2726,0.1956,-51.234,58.585,-11.889,3.9956,308.5,2
91.198,64.494,3.5599,0.2796,0.145,-37.021,-100.8,40.315,30.141,446.49,2
42.65,23.195,2.6061,0.3188,0.1896,78.332,-20.036,-19.273,52.832,224.93,2
24.573,8.7188,2.643,0.6553,0.3811,5.5341,18.751,-8.9839,14.734,238.23,2
20.752,8.9492,2.3874,0.6434,0.3586,24.065,10.593,1.8768,36.306,126.39,2
22.699,16.182,2.7381,0.3656,0.1841,2.8938,-9.4133,-5.2286,41.934,126.35,2
12.215,10.328,2.1215,0.7554,0.4075,-11.88,12.23,-8.8074,18.794,79.545,2
30.692,12.626,2.5862,0.5665,0.3249,-8.1345,-17.681,12.443,22.644,194.3,2
103.8,63.527,3.9165,0.1251,0.079,-1.4727,-69.895,-39.121,25.571,338.21,2
41.436,8.2403,2.7059,0.4567,0.2293,35.237,25.011,-3.5747,14.433,166.9,2
27.436,6.9876,2.1818,0.5724,0.3257,-11.74,-11.857,3.8028,63.738,221.82,2
14.029,1.4024,2.2857,0.7691,0.4817,16.77,12.611,11.302,78.784,113.23,2
21.093,17.05,2.8052,0.4526,0.2498,-10.81,9.5945,-12.967,26.236,252.13,2
87.865,78.882,3.2313,0.3137,0.1979,-9.2132,-114.68,42.367,47.695,365.86,2
38.176,13.833,2.713,0.3196,0.1852,55.256,27.094,6.7129,47.207,192.15,2
39.694,16.916,2.5343,0.4122,0.2092,-44.669,26.337,-6.2138,54.382,106.48,2
35.06,26.809,2.8112,0.3166,0.1598,14.266,18.51,26.258,85.595,134.22,2
103.52,45.909,3.1334,0.283,0.2054,-172.8,96.912,10.113,41.236,259.07,2
23.119,13.995,2.6096,0.4619,0.2445,0.6435,-20.315,4.5768,52.753,115.74,2
68.454,41.021,3.1464,0.1963,0.1117,-17.682,-42.636,-39.311,18.608,119.13,2
31.201,15.065,2.4955,0.4948,0.2512,20.315,8.4701,7.515,80.379,78.729,2
85.538,14.52,2.8689,0.288,0.1792,84.765,68.295,-8.8467,87.281,77.416,2
63.443,48.423,3.1429,0.1842,0.1285,-88.586,47.672,33.214,62.084,275.53,2
18.458,14.988,2.616,0.5593,0.3087,20.347,14.457,9.9361,69.146,204.13,2
57.718,44.616,3.1552,0.1777,0.0934,7.5555,42.856,-38.428,41.76,145.82,2
28.562,14.232,2.7213,0.4364,0.2973,-19.855,28.481,8.802,77.688,94.291,2
12.348,12.143,2.0149,0.6763,0.343,-16.49,9.4667,9.9527,3.4985,91.841,2
32.243,8.3502,2.483,0.5022,0.3227,9.6746,27.949,-1.9865,66.843,170.24,2
37.618,7.781,2.9171,0.2652,0.167,23.898,36.96,15.781,70.224,258.3,2
20.923,11.89,2.3163,0.6363,0.3342,-19.641,18.733,-13.457,18.434,38.509,2
86.817,15.602,3.0084,0.1919,0.1303,-132.08,-48.465,19.028,72.529,244.25,2
24.895,11.95,2.4713,0.4527,0.2889,-9.1428,-14.548,8.0554,47.426,156.09,2
158.03,49.893,3.2558,0.2913,0.1518,-80.668,-161.17,26.155,32.907,380.7,2
21.789,11.721,2.567,0.5264,0.306,38.941,13.385,-7.8003,27.43,243.03,2
125.31,52.858,3.2575,0.0485,0.0445,105.88,99.073,-41.202,43.127,143.56,2
61.118,5.1427,2.8755,0.3903,0.2099,59.078,24.192,2.7014,62.081,109.46,2
42.373,17.97,2.7126,0.2326,0.1192,6.4554,31.942,7.7941,27.575,95.014,2
154.21,78.868,3.1178,0.2135,0.1071,-131.99,-186.78,55.146,21.897,308.18,2
66.23,52.213,3.6807,0.1569,0.0875,-0.5517,89.48,42.255,28.034,236.06,2
36.514,23.929,2.7016,0.3375,0.1743,57.837,-16.544,-2.705,73.986,103.85,2
75.529,27.587,3.1963,0.1401,0.0676,-98.334,-37.91,24.099,81.064,179.23,2
55.395,22.511,2.9652,0.4865,0.3039,-26.927,-24.529,-25.076,22.574,314.1,2
130.36,90.046,4.1052,0.0712,0.0309,35.694,-131.01,47.475,10.056,151.58,2
35.891,17.5,2.8325,0.3059,0.161,23.589,35.278,-12.159,19.381,223.3,2
160.69,42.297,3.141,0.1395,0.0712,144.58,172.52,-22.553,58.138,111.42,2
42.309,9.8857,2.8017,0.3883,0.2281,-4.7173,17.481,-5.4394,29.995,105.82,2
52.051,46.999,3.0496,0.2869,0.1572,-71.159,45.674,29.259,43.201,280.2,2
37.988,9.8674,2.838,0.3148,0.1721,-25.32,31.014,7.932,15.444,242.46,2
77.68,42.271,3.4374,0.2429,0.1587,7.56,62.983,-34.906,51.59,342.72,2
20.539,12.768,2.3294,0.4824,0.2412,-26.77,-11.714,8.4605,11.12,94.641,2
18.459,10.504,2.3336,0.685,0.3554,-8.0251,10.744,7.4802,62.105,175.04,2
47.746,30.011,2.8129,0.3033,0.1496,-26.605,-34.565,-12.029,14.899,235.03,2
127.7,101.02,3.696,0.1625,0.0835,-4.4848,-101.35,59.118,50.425,367.08,2
122.4,39.419,3.358,0.191,0.0906,-118.52,54.496,-44.185,55.256,280.59,2
26.7,14.218,2.5105,0.5216,0.2917,11.486,-10.418,-13.532,41.453,245.11,2
36.791,7.903,2.7521,0.4071,0.2241,4.7045,26.086,-5.1299,20.681,128.71,2
80.552,59.766,3.5784,0.1557,0.0785,-27.13,64.754,21.882,21.345,298.44,2
75.996,45.614,2.8743,0.2598,0.1253,-29.323,-41.708,34.363,68.283,110.58,2
15.379,9.5171,2.2346,0.6443,0.3596,-19.52,-5.9241,10.141,59.348,214.6,2
29.673,0,2.534,0.7602,0.4137,28.07,27.647,-0.0001,16.268,185.5,2
13.019,9.8423,2.5101,0.6891,0.3795,5.9403,23.013,15.637,2.0169,249.13,2
16.923,7.1128,2.3811,0.8565,0.5593,4.9056,6.0875,5.9357,34.583,120.4,2
52.179,6.0128,3.0017,0.3246,0.149,-24.019,-44.24,5.4896,89.13,182.69,2
27.574,8.2211,2.3711,0.6,0.3255,30.668,20.573,6.0634,18.904,110.77,2
125.23,23.287,2.8614,0.4094,0.2174,-134.08,-89.574,-16.025,23.872,362.76,2
225.75,103.11,4.406,0.0488,0.0277,-313.88,-183.91,-45.511,72.622,254.92,2
37.228,21.016,2.7139,0.3517,0.1845,-38.471,-22.858,-12.455,55.457,108.71,2
31.162,12.477,2.9289,0.3863,0.2079,-10.563,13.476,-10.121,27.917,204.54,2
67.02,23.266,2.5658,0.4022,0.2106,-50.982,-59.143,9.1754,72.45,106.47,2
124.84,72.329,3.3277,0.1373,0.0783,-226.87,133.5,-21.02,12.609,236.47,2
129.31,60.242,3.2452,0.2234,0.1219,-109.37,68.85,-37.057,22.102,355.96,2
57.155,39.098,2.943,0.3694,0.2195,28.634,69.993,-28.611,13.062,60.066,2
139.38,69.404,3.419,0.2265,0.1064,97.794,66.815,-47.36,62.785,321.56,2
62.206,34.732,3.0828,0.1967,0.1012,-58.316,37.334,12.984,29.492,271.64,2
18.327,10.503,2.2068,0.5776,0.2888,2.0795,-8.6126,-5.1532,4.3975,158.42,2
34.258,19.756,2.5723,0.3927,0.2371,13.442,19.181,-14.355,73.663,208.43,2
89.121,17.565,2.7003,0.3629,0.1904,-118.66,75.471,9.732,59.553,66.224,2
163.62,61.581,3.4128,0.3323,0.1669,-137.61,-167.77,76.101,12.47,398.65,2
22.9,10.438,2.2451,0.4414,0.2133,-23.101,3.4096,2.1152,84.704,44.126,2
139.01,75.786,2.9088,0.2566,0.1363,147.71,-47.559,36.791,72.127,281.68,2
31.085,11.345,2.5029,0.6444,0.4752,27.013,29.786,-6.1599,45.084,159.14,2
61.725,12.259,2.4734,0.4064,0.2542,-31.211,-38.928,-11.924,17.775,165.21,2
101.93,71.322,3.4912,0.138,0.0595,65.37,91.835,-50.997,4.4578,30.951,2
52.817,9.0708,2.7959,0.3776,0.2584,-21.365,20.884,-6.2184,77.849,179.26,2
41.128,6.247,2.9025,0.3236,0.1742,61.051,23.328,0.8974,26.591,217.11,2
57.592,17.235,2.8089,0.252,0.1508,-2.3823,-45.459,-17.394,26.797,258.66,2
20.071,8.9345,2.5276,0.6706,0.4436,1.4327,-12.642,-9.5415,89.721,234.12,2
16.272,11.5,2.382,0.6017,0.3589,-2.4045,6.0009,6.8902,25.488,201.87,2
16.506,13.608,2.2253,0.5356,0.3059,4.893,-28.494,8.8944,11.851,91.62,2
80.328,29.903,2.8218,0.2803,0.1485,51.78,69.253,-9.4345,12.609,271.39,2
114.18,32.242,2.9727,0.2475,0.1341,-175.48,68.634,-16.614,68.29,294.21,2
22.94,14.292,2.6449,0.487,0.2593,7.6245,-12.22,7.4272,33.37,107.93,2
19.187,16.706,2.5124,0.4538,0.2698,1.66,-20.461,2.0942,62.807,166.11,2
166.68,41.992,3.3784,0.1347,0.0684,-256.36,-42.463,22.895,4.3827,285.54,2
109.35,78.061,3.726,0.1118,0.0572,-131.98,69.653,-59.654,1.4315,300.04,2
15.501,10.846,2.3096,0.6961,0.4926,-1.7993,-5.1522,9.3827,28.867,229.44,2
74.987,19.117,2.7662,0.3582,0.2283,-31.521,-81.571,-15.488,65.855,233.78,2
53.487,14.857,2.8527,0.53,0.3086,54.408,45.355,15.9,4.8069,305.99,2
9.9536,7.1107,2.2997,0.4666,0.3058,1.8871,7.3527,6.4305,50.651,60.878,2
71.57,50.183,3.6689,0.1462,0.0569,-57.105,-74.014,41.723,8.3845,82.255,2
19.459,14.676,2.3711,0.6511,0.3468,24.379,-9.406,-15.425,33.348,181.74,2
26.953,23.499,2.714,0.2459,0.1325,-16.873,22.457,16.502,76.098,241.36,2
109.51,13.784,3.3851,0.3398,0.1839,-7.963,60.24,20.425,16.158,352,2
32.817,16.669,2.6869,0.5577,0.4045,11.261,19.398,12.476,13.237,258.05,2
128.4,19.288,3.223,0.1685,0.1103,-168,-98.573,-5.6622,16.579,172.31,2
25.898,10.406,2.5347,0.4584,0.2584,13.097,19.669,-2.2195,12.559,212.24,2
34.069,7.3637,2.5781,0.4941,0.255,-27.152,8.4436,4.1173,87.19,97.465,2
135.16,105.22,3.4443,0.2501,0.1261,0.9334,-83.783,62.501,44.108,357.73,2
150.27,37.011,3.1565,0.341,0.1991,-105.06,-144.82,25.691,3.9194,255.57,2
131.26,61.467,3.5017,0.1581,0.0824,-289.3,137.43,53.842,76.134,283.5,2
17.243,11.732,2.4647,0.654,0.4167,17.272,3.2338,9.3189,39.821,93.048,2
74.097,39.685,2.9659,0.4673,0.2558,-59.2,-60.473,-20.54,7.924,270.78,2
31.015,16.017,2.6112,0.448,0.2313,-24.844,-18.22,9.7083,54.566,237.12,2
90.007,18.334,3.206,0.1904,0.0914,50.051,-25.7,12.602,51.043,134.83,2
25.471,17.178,2.732,0.4152,0.253,12.867,22.507,-6.4506,1.7633,132.82,2
17.347,1.952,2.3052,0.7498,0.4966,13.959,1.6008,2.3021,79.959,73.563,2
75.059,41.762,3.4546,0.1113,0.057,-7.4822,41.816,-18.356,51.423,150.21,2
46.054,17.311,2.9284,0.316,0.1846,-24.344,-50.549,11.587,54.199,99.11,2
150.05,35.058,2.8162,0.3924,0.2221,-42.679,-186.43,-33.983,41.786,5.5449,2
192.85,75.994,3.4438,0.1231,0.0646,-202.95,-115.87,72.887,60.596,191.37,2
105.21,36.472,2.8359,0.2296,0.1285,-5.771,-86.619,-14.581,29.898,137.59,2
91.456,16.907,3.2584,0.1969,0.099,-18.751,56.593,-8.1813,32.984,114.64,2
105.35,46.925,3.6931,0.211,0.1108,-20.63,-110.33,26.876,10.196,379.92,2
25.801,21.516,2.6187,0.3049,0.1519,16.851,13.835,-14.124,29.434,142.06,2
39.109,6.8629,2.8639,0.5315,0.3163,36.188,15.147,7.2097,55.6,153.13,2
25.217,11.027,2.5063,0.6487,0.3276,-30.191,4.478,2.1342,71.058,88.178,2
200.11,92.844,3.3265,0.2851,0.1939,-141.25,-229.16,39.111,8.5877,214.27,2
25.169,9.7395,2.375,0.531,0.3266,-19.217,-22.509,8.8148,17.157,106.28,2
26.025,8.2571,2.5075,0.6816,0.4343,15.317,7.8907,-8.9325,57.573,89.195,2
36.144,10.663,2.8169,0.4192,0.2142,24.552,28.884,5.4101,68.581,146.92,2
94.72,26.93,2.8742,0.2685,0.1423,-97.468,-66.978,24.347,37.535,217.71,2
77.54,21.219,2.8313,0.3193,0.1332,90.996,50.232,17.693,4.9397,129.5,2
122.86,13.615,2.7638,0.2877,0.149,-60.085,-94.07,8.8476,87.417,208.02,2
21.967,5.5556,2.277,0.6855,0.3896,28.018,5.4385,9.4953,69.146,135.64,2
29.087,12.39,2.5392,0.493,0.2457,-2.8449,38.891,-0.0925,81.804,155.91,2
33.462,12.04,2.5289,0.4586,0.2559,-49.163,22.825,8.6119,2.578,292.16,2
60.504,30.925,3.3987,0.2359,0.1344,13.264,45.22,29.492,54.927,255.14,2
215.82,94.928,4.4029,0.0558,0.0284,-256.98,-166.55,-36.233,73.264,340.01,2
109.82,66.326,3.5195,0.1409,0.068,-90.89,40.664,37.917,5.3459,296.33,2
105.14,64.177,2.7067,0.2809,0.1503,35.119,39.386,-46.003,1.344,355.5,2
32.387,9.7433,2.3632,0.4805,0.2406,20.392,-2.3033,10.106,46.219,178.05,2
80.265,60.909,3.4741,0.1624,0.0885,32.111,-80.327,38.211,21.058,200.6,2
23.165,16.324,2.6893,0.4438,0.2832,-19.929,3.7574,12.97,12.968,243.85,2
21.851,21.303,2.5932,0.5031,0.2712,39.818,9.2321,-18.437,23.486,234.96,2
34.691,10.877,2.7189,0.4623,0.2378,12.631,28.663,-9.1292,51.336,245.84,2
136.42,88.195,3.9794,0.0368,0.0189,43.723,125.69,23.772,78.348,196.9,2
69.717,62.313,3.1115,0.2407,0.1356,-77.227,33.85,-54.827,11.431,293.48,2
30.564,19.569,2.6875,0.3696,0.2474,5.3734,25.153,14.783,26.532,216.32,2
23.991,10.28,2.437,0.5484,0.287,-10.259,-15.938,6.816,66.082,166.91,2
52.233,16.71,2.8573,0.2139,0.1076,2.3464,32.127,-11.216,43.759,250.18,2
116.69,71.736,3.237,0.2074,0.1018,-75.932,-56.265,63.486,71.879,322.77,2
25.563,11.959,2.4188,0.7183,0.4317,9.1341,21.083,11.027,9.5872,65.63,2
130.79,77.153,3.383,0.2323,0.155,-20.916,-140.31,45.197,51.585,328.17,2
89.741,55.232,3.2905,0.2993,0.2259,-26.446,-84.577,-50.417,0.3692,332.5,2
144.6,76.985,2.9709,0.2299,0.1189,-136.74,121.75,-39.314,39.693,205.32,2
16.144,14.772,2.4723,0.4257,0.26,-3.184,-7.0682,4.8122,27.774,230.8,2
25.097,9.6939,2.5885,0.6108,0.4682,26.697,14.919,-6.1255,30.729,117.63,2
30.539,12.527,2.5623,0.5562,0.4123,17.205,27.736,-10.243,30.612,267.93,2
25.552,12.037,2.5673,0.5288,0.2655,6.1098,14.598,5.1859,46.906,194.35,2
68.466,22.366,2.9678,0.2434,0.1438,104.07,-55.308,15.171,84.71,211.58,2
34.584,9.025,2.7527,0.4388,0.2269,-5.6714,37.621,13.538,75.267,225.28,2
36.081,7.6872,2.7316,0.5325,0.2699,-2.2973,26.171,3.9323,25.105,53.081,2
74.075,46.431,3.4193,0.1912,0.1125,-11.541,-49.21,-28.075,9.872,269.18,2
17.661,7.3608,2.5422,0.8178,0.5294,-3.3505,4.7348,4.5899,24.079,264.12,2
21.386,13.656,2.5682,0.5541,0.3662,-12.833,-14.703,12.051,10.142,146.35,2
59.159,12.385,2.9746,0.2267,0.1163,29.046,29.24,5.8511,51.843,155.22,2
48.698,25.789,2.7555,0.2125,0.1168,-28.102,-30.984,16.868,69.03,146.1,2
23.708,0,2.2055,0.7913,0.5016,0,0,19.648,90,248.79,2
208.34,93.331,4.0836,0.097,0.0434,-177.02,-281.95,-64.397,20.972,279.28,2
71.539,14.18,2.692,0.3171,0.1799,-35.729,-33.924,-5.6527,16.755,227.66,2
16.945,13.828,2.2545,0.5226,0.2961,-12.52,-3.9094,3.6594,56.407,201.74,2
27.072,14.522,2.5187,0.5157,0.2731,23.823,18.598,-6.9849,12.539,185.41,2
101.13,38.83,2.9581,0.1939,0.1022,-183.97,63.552,34.576,48.612,205.69,2
123.09,33.349,3.15,0.4688,0.2933,-112.87,-62.746,17.461,59.202,270.66,2
36.988,14.576,2.5466,0.4056,0.1948,4.4752,8.1027,14.026,81.914,182.42,2
21.914,16.695,2.5646,0.301,0.1609,-11.747,21.651,-17.948,31.05,117.63,2
32.962,5.9553,2.7275,0.5269,0.3177,17.974,23.593,-3.8636,3.1509,137.34,2
34.384,5.9653,2.7549,0.4206,0.2219,13.857,0.5224,0.897,83.356,105.63,2
21.747,6.7952,2.0737,0.7089,0.4008,23.67,11.825,-6.558,71.246,219.07,2
12.844,9.5118,2.3355,0.8176,0.5889,10.669,9.429,-8.5526,54.421,165.43,2
233.11,63.385,3.852,0.1121,0.0583,-192,-267.01,-54.478,33.721,316.12,2
121.58,61.19,3.39,0.0926,0.0791,-99.197,-106.51,42.916,76.303,254.62,2
29.78,17.267,2.6207,0.4311,0.2479,-33.492,-25.308,-17.306,23.05,188.62,2
10.242,7.873,2.5269,0.7708,0.4725,15.573,3.846,-8.5849,48.922,265.27,2
58.424,27.57,3.0137,0.2452,0.1296,-6.103,-52.126,-20.387,88.223,141.6,2
26.98,7.9512,2.4986,0.5928,0.2848,-14.538,16.743,-7.261,58.547,213.09,2
40.997,10.745,2.7242,0.3977,0.3122,7.5196,35.039,0.1713,85.396,179.31,2
64.083,44.516,3.039,0.2852,0.1568,-25.076,-54.589,-28.159,32.193,262.73,2
203.21,18.605,2.5156,0.5593,0.3358,-160.9,-116.48,-10.533,50.93,202.28,2
29.744,10.453,2.49,0.5113,0.3058,35.465,17.037,-5.2362,85.869,225.15,2
33.989,23.652,2.8303,0.269,0.1382,35.115,-13.551,-17.495,78.755,79.983,2
86.805,28.956,2.9465,0.1161,0.0899,126.2,43.112,-23.884,45.304,71.711,2
28.868,14.328,2.3997,0.4024,0.2211,-26.577,-20.524,-9.968,69.259,221.4,2
156.24,19.887,2.7716,0.643,0.3443,-35.194,-169.78,14.254,16.183,312.12,2
45.006,35.686,3.1892,0.2563,0.1153,-31.493,-21.412,-30.369,77.906,128.57,2
20.407,11.635,2.2553,0.5944,0.3361,11.109,19.67,7.4807,21.957,119.4,2
34.895,15.517,2.3782,0.5196,0.2766,12.185,16.308,17.373,48.916,193.73,2
193.63,65.372,3.8653,0.144,0.0787,-179.44,-236.91,32.348,21.347,354.82,2
149.95,54.644,4.3688,0.0584,0.031,66.553,116.5,-46.511,26.043,134.83,2
23.358,12.994,2.4586,0.5357,0.3426,22.887,15.778,10.187,23.59,144.58,2
137.72,66.996,4.2904,0.0817,0.0374,-5.1016,67.947,-34.948,66.614,334.39,2
60.654,16.789,2.9024,0.3126,0.1421,27.23,28.919,-9.7255,53.614,177.81,2
54.013,16.128,2.7252,0.319,0.1724,-18.647,-29.33,-8.7327,39.106,131.02,2
65.763,19.776,2.679,0.3707,0.2126,-86.868,46.098,-16.459,47.095,102.32,2
15.507,6.8242,2.4829,0.6901,0.3586,5.4648,9.3832,-8.8667,57.206,221.06,2
42.978,28.808,2.9472,0.4123,0.3014,-46.145,18.293,-22.996,1.7188,295.74,2
177.74,74.254,3.4733,0.0925,0.0486,-137.04,-164.61,-42.664,53.015,154.61,2
17.355,10.527,2.5024,0.6384,0.3758,19.613,11.955,-4.3852,56.373,217.92,2
110.48,71.822,4.1073,0.1078,0.0537,42.431,47.166,-83.487,46.327,216.3,2
46.745,10.686,2.6474,0.3514,0.1813,-66.972,-23.808,4.9353,64.215,126.73,2
87.637,29.267,3.2308,0.1646,0.0867,74.537,89.643,7.2633,34.699,225.76,2
109.5,44.937,3.3602,0.0974,0.0702,168.79,-56.268,-12.87,39.431,179.87,2
30.61,0.9688,2.6027,0.6121,0.4147,10.993,25.186,-3.6873,37.162,133.83,2
27.137,15.544,2.5078,0.6697,0.4359,16.506,-5.6294,-0.2316,13.487,207.51,2
118.74,27.201,3.3246,0.1781,0.0912,95.915,70.767,-30.074,9.051,183.07,2
54.428,17.911,2.9375,0.2036,0.097,36.819,19.302,1.2236,71.09,254.52,2
24.615,18.392,2.4609,0.4394,0.2301,13.049,18.794,-16.334,16.791,216.22,2
149.48,71.922,3.5434,0.2444,0.1269,-60.584,-145.71,-61.793,57.703,357.6,2
212.26,102.62,3.4397,0.1637,0.0699,-291.56,130.07,58.556,26.549,239.6,2
78.704,31.677,2.9034,0.1949,0.1056,75.125,51.715,18.262,83.914,158.15,2
200.91,29.316,2.8298,0.3906,0.1994,119.32,222.42,-14.007,41.676,167.14,2
134.51,26.605,2.8457,0.2996,0.1676,-154.02,-57.125,-7.9841,16.052,284.94,2
19.312,9.6364,2.3598,0.6288,0.3341,23.303,10.541,5.348,71.37,220.91,2
93.247,27.861,3.2058,0.2189,0.1279,-126.41,51.711,-21.962,10.055,316.7,2
96.804,66.191,3.9086,0.1134,0.0494,-21.626,-34.88,-35.463,33.433,357.45,2
139.19,70.597,4.2746,0.0797,0.0352,1.281,87.208,-29.04,67.096,334.65,2
39.536,16.308,2.1656,0.5445,0.3349,-37.115,-42.656,-3.7638,4.4299,146.59,2
19.083,12.085,2.6056,0.5541,0.2968,-2.6998,16.489,3.5801,45.072,105.14,2
103.33,78.743,3.9179,0.1365,0.0785,-26.957,-50.451,29.224,85.929,386.61,2
59.417,8.8394,2.9399,0.3839,0.2084,25.537,-18.174,-13.652,88.923,207.01,2
60.454,20.371,2.6503,0.34,0.1711,5.5368,72.611,10.989,3.4862,239.14,2
34.172,8.7107,2.5729,0.4091,0.2152,-26.79,3.9281,-3.8166,69.07,180.54,2
25.326,16.078,2.6026,0.4395,0.2759,7.6708,11.067,-8.6747,85.166,190.52,2
25.02,12.45,2.3789,0.6785,0.3747,-12.176,-10.326,-3.224,17.529,174.97,2
19.689,9.572,2.7192,0.599,0.3105,-6.083,17.567,-9.9337,32.772,186.17,2
210.29,58.404,2.7905,0.2116,0.1317,-119.01,-246.23,55.462,70.43,58.091,2
115.08,58.905,3.7606,0.1371,0.0809,10.655,103.19,-20.49,29.822,163.64,2
167.4,58.543,3.254,0.1228,0.0852,-167.88,-27.423,43.109,40.727,225.15,2
39.007,11.092,2.5969,0.5615,0.3623,5.295,40.948,4.906,47.278,189.13,2
80.559,64.28,3.1732,0.2477,0.1292,10.377,23.006,37.94,33.046,282.89,2
27.529,12.503,2.5647,0.4305,0.2411,28.782,19.835,6.8376,60.636,182.86,2
148.62,54.024,3.3789,0.1212,0.0625,-161.26,84.712,-30.86,35.261,281.9,2
174.21,56.778,3.686,0.2225,0.111,-171.18,-138.56,37.096,7.5049,309.27,2
195.38,50.245,3.1741,0.1902,0.1271,212.03,-148.44,-43.519,42.701,181.22,2
27.072,18.188,2.7446,0.3471,0.1928,34.924,8.6172,13.741,85.9,186.73,2
27.003,10.327,2.6314,0.5047,0.3189,31.181,18.986,4.7,22.68,137.02,2
34.235,16.445,2.7042,0.2984,0.1709,0.0841,13.057,-2.954,74.421,86.271,2
160.42,79,4.3786,0.0535,0.0282,91.071,50.002,-23.541,86.254,301.3,2
73.664,28.331,2.7952,0.3429,0.2059,56.66,52.14,-19.282,0.824,30.053,2
13.577,12.223,2.2108,0.8129,0.5203,-2.2913,-15.312,-7.23,48.241,237.46,2
82.55,10.638,3.0543,0.197,0.1179,-37.849,51.36,11.193,35.326,104.74,2
145.28,49.528,3.4132,0.1664,0.0898,-202.21,-69.031,-23.48,45.862,343.32,2
15.628,6.8923,2.5517,0.7963,0.4261,18.998,11.777,13.41,32.966,70.55,2
104.38,31.086,3.8976,0.1242,0.0593,98.065,96.873,-28.52,68.709,261.37,2
44.559,13.898,2.9052,0.38,0.206,15.628,26.302,-7.3673,67.463,135.13,2
32.743,11.464,2.637,0.376,0.2018,-2.4183,21.029,4.8942,72.452,249.85,2
56.849,10.057,2.9978,0.2546,0.1368,-2.532,-42.526,-6.3768,81.716,136.48,2
107.22,95.901,2.941,0.3517,0.2159,84.183,122.83,93.525,85.403,149.57,2
122.81,62.19,2.934,0.2433,0.1426,136.13,-85.859,-72.151,25.743,134.53,2
13.482,10.123,2.2109,0.8123,0.4462,-14.123,-5.7474,-11.747,61.26,222.63,2
131.47,101.35,3.6017,0.1296,0.0757,-149.2,-39.139,-42.936,59.555,262.8,2
121.13,49.543,3.4228,0.2411,0.1531,-92.661,-123.6,-40.635,9.7996,383.59,2
37.355,7.9149,2.4223,0.5277,0.3138,23.018,22.841,10.102,71.245,187.52,2
60.081,23.031,2.7255,0.2239,0.1214,18.405,40.311,-3.5778,82.964,90.922,2
21.052,14.821,2.6279,0.6007,0.3946,18.162,21.62,-3.48,12.104,155.78,2
24.213,9.5469,2.527,0.5527,0.3492,-10.064,10.781,6.2053,72.522,197.48,2
30.729,20.371,2.7896,0.289,0.1615,14.298,13.868,-14.32,41.999,227.29,2
26.319,7.5587,2.3243,0.6351,0.3863,-13.401,8.4588,-2.6104,86.954,235.44,2
45.592,10.486,2.8943,0.4907,0.3011,27.888,40.533,3.8857,23.214,167.1,2
40.069,17.115,2.8678,0.282,0.1593,43.554,-20.405,11.254,3.39,123.14,2
140.12,98.945,3.5717,0.28,0.1365,-77.424,-144.32,-85.462,44.302,421.35,2
20.974,10.255,2.4518,0.6784,0.4717,15.579,19.631,-10.579,50.79,174.42,2
76.006,8.8529,2.4362,0.4396,0.2656,-33.156,-50.894,8.6123,55.029,154.2,2
63.477,16.297,3.1679,0.2579,0.1604,-56.778,-70.761,-16.466,68.354,178.64,2
92.043,15.574,2.5836,0.3682,0.2373,-91.921,-68.798,9.0538,59.651,101.95,2
139.38,45.785,3.5778,0.1816,0.1204,-105.1,74.978,-27.912,50.809,270.22,2
22.701,13.293,2.4417,0.5967,0.396,19.092,19.963,-9.7353,84.823,117.5,2
26.489,11.231,2.5843,0.4609,0.2565,-4.5013,-20.311,11.335,87.178,214.6,2
70.857,19.631,2.7631,0.4017,0.2285,-34.975,-38.331,-12.378,19.822,269.14,2
202.61,95.641,3.3929,0.2038,0.1018,-186.23,-182.77,120.38,12.045,274.45,2
28.813,11.58,2.6767,0.5032,0.3168,3.8717,-11.33,8.7701,46.508,184.13,2
75.51,13.201,3.068,0.2249,0.1253,27.63,33.825,9.1664,60.555,223.78,2
64.493,12.493,2.7415,0.4257,0.2761,48.209,63.711,-7.3302,12.691,206.35,2
32.021,13.405,2.6522,0.3452,0.186,-28.593,-11.779,6.5122,58.969,159.74,2
19.811,18.58,2.3454,0.5418,0.3002,-11.478,-20.759,16.306,87.578,96.281,2
20.407,8.6738,2.0779,0.7406,0.4451,-21.242,20.215,-8.2311,36.908,221.49,2
78.864,22.674,2.7466,0.2061,0.1066,108.93,-57.145,-14.165,85.096,23.764,2
56.989,27.813,2.7037,0.3363,0.1909,-6.8392,-47.46,-30.871,85.528,76.655,2
30.089,14.957,2.2343,0.4257,0.2187,-30.956,-21.314,-9.9923,14.675,129.69,2
171.51,64.552,3.5331,0.1674,0.0466,103.31,145.43,42.019,40.147,264.14,2
202.58,65.714,4.6453,0.0506,0.0242,169.3,141.23,45.281,36.727,104.84,2
78.656,39.417,3.6073,0.1831,0.1209,-42.134,49.7,25.726,46.682,314.06,2
13.917,13.199,2.5889,0.6279,0.3785,-17.419,11.258,-11.825,12.146,142,2
162.9,44.116,3.3998,0.2199,0.1157,-159.41,-95.985,-42.309,2.607,298.89,2
125.31,50.337,3.1935,0.3855,0.309,-104.13,-81.285,42.638,19.274,232.3,2
31.036,11.101,2.6186,0.4236,0.2323,-31.002,21.297,6.1501,86.424,117.31,2
21.251,10.866,2.1847,0.5686,0.2843,14.701,17.944,7.8355,7.182,123.84,2
58.2,10.956,2.5882,0.3535,0.1711,-45.025,23.682,10.323,9.0707,182.45,2
20.291,10.291,2.4216,0.6288,0.3352,-7.8341,17.485,-10.823,26.539,182.16,2
127.31,95.078,3.7006,0.156,0.086,-29.371,-127.83,76.023,68.049,397.57,2
185.04,37.762,2.7675,0.3846,0.1851,-160.96,-130.75,16.97,21.934,164.05,2
49.74,23.709,2.7263,0.2329,0.1192,35.174,-29.421,20.342,34.582,180.17,2
21.412,10.103,2.6973,0.6035,0.3636,9.5296,15.24,7.5898,16.376,118.05,2
128.87,24.883,2.7363,0.3673,0.2243,-107.53,-116.45,-17.688,45.995,254.39,2
25.626,13.453,2.6973,0.422,0.2484,-19.673,-17.035,-10.132,84.681,185.91,2
24.759,12.21,2.5944,0.43,0.243,11.806,10.487,5.0697,7.219,159.86,2
119.66,19.871,3.1684,0.2009,0.1069,93.04,27.465,-18.23,4.071,119.05,2
93.397,37.107,2.8319,0.3549,0.2275,-51.989,-94.926,28.27,41.744,149.55,2
41.514,37.771,3.1772,0.1749,0.0967,30.342,27.441,-16.54,26.155,219.64,2
172.11,34.779,3.158,0.193,0.1199,217.67,-108.19,-21.604,30.678,201.69,2
50.673,25.537,3.0763,0.1839,0.126,7.0156,20.916,-9.8045,57.797,243.11,2
75.698,31.63,2.6781,0.3903,0.213,-27.712,-90.126,26.946,22.092,187.84,2
89.408,27.254,3.1149,0.1481,0.0741,-68.86,-86.909,-18.113,61.152,201.38,2
22.717,14.244,2.2561,0.6991,0.3718,-7.4434,-16.707,5.9983,10.816,186.92,2
30.02,14.311,2.556,0.4194,0.2552,-7.7647,10.019,-7.2856,73.244,251.04,2
15.113,12.854,2.1693,0.5886,0.2977,4.0244,-11.726,5.3886,88.19,224.13,2
164.7,82.458,2.8111,0.308,0.1593,-202.61,78.101,-68.008,62.657,358.77,2
61.556,15.227,2.7178,0.4254,0.2317,61.301,38.237,6.2428,11.161,229.96,2
18.153,15.663,2.3918,0.5355,0.2698,9.025,-16.947,11.973,74.436,181.29,2
72.674,7.5386,3.0162,0.1793,0.1267,-20.174,-24.548,2.1269,62.812,205.94,2
142.53,61.834,3.9882,0.0898,0.0616,73.647,-130.46,41.647,88.536,374.81,2
81.93,37.94,2.8351,0.2734,0.1499,-104.51,-14.604,-26.136,1.671,271.77,2
18.81,14.787,2.3262,0.6636,0.3923,-12.749,-24.116,-13.239,64.075,125.16,2
211.05,91.365,3.541,0.0912,0.0493,-84.493,-125.6,-95.283,86.576,49.153,2
22.809,11.139,2.4574,0.734,0.5133,8.4924,16.628,-0.6207,41.107,151.83,2
24.17,18.731,2.5691,0.4239,0.2157,42.586,6.7161,-13.404,5.1352,193.77,2
52.132,24.849,2.6248,0.2918,0.1601,-52.148,25.567,-13.692,58.488,71.66,2
12.98,10.882,2.4175,0.7457,0.4723,-13.697,6.0371,-7.0019,30.803,78.262,2
90.773,83.265,3.7381,0.2544,0.1273,-111.09,-96.794,-40.296,12.499,466.41,2
51.276,26.172,2.9442,0.1675,0.0643,-37.534,-26.86,17.314,4.1303,120.64,2
31.853,9.1297,2.6535,0.5353,0.3932,23.848,10.156,7.1572,40.208,222.4,2
27.069,21.826,2.5508,0.3826,0.2068,10.425,22.917,8.4929,5.0893,256.42,2
22.476,17.334,2.6106,0.3736,0.2126,-27.598,19.454,3.1056,23.86,229.44,2
24.679,18.832,2.7917,0.3522,0.1834,22.813,19.444,-13.245,80.652,104.1,2
32.71,23.478,2.5746,0.3063,0.1718,6.4183,9.8533,18.02,62.972,185.55,2
27.101,10.521,2.5711,0.6094,0.4497,23.514,25.899,-9.9203,81.126,158,2
107.55,21.576,2.8448,0.3188,0.1694,51.831,38.564,14.664,12.926,114.52,2
36.269,28.296,2.7586,0.2847,0.1392,-81.359,27.092,18.873,19.618,267.87,2
75.877,35.21,3.271,0.1602,0.094,-128.7,47.129,23.065,29.25,220.71,2
76.569,34.026,3.2982,0.1339,0.0687,28.67,51.349,-16.853,28.944,211.49,2
24.536,11.555,2.5729,0.4973,0.3142,4.9222,20.275,10.404,66.867,219.65,2
36.267,10.738,2.6889,0.3849,0.2119,-31.66,18.665,7.6944,87.695,258.54,2
54.962,17.741,2.59,0.5455,0.3282,-98.436,34.825,10.019,7.2035,257.07,2
27.164,11.818,2.3225,0.6274,0.3281,-9.8199,-23.581,-9.2489,15.551,184.68,2
16.794,10.157,2.2568,0.777,0.3899,9.282,-3.9097,14.017,47.278,66.759,2
29.571,18.314,2.6222,0.5585,0.3091,-21.744,-29.398,8.8532,23.723,175.03,2
218.34,35.337,3.2117,0.1425,0.0722,-146.55,-213.9,33.32,81.491,205.77,2
159.85,34.837,3.2674,0.2453,0.1622,-31.922,-207.8,-9.5707,18.285,338.71,2
19.486,7.3947,2.5058,0.7551,0.4321,-2.3691,8.6595,4.5933,9.768,181.37,2
120.41,60.99,3.1289,0.2267,0.1208,21.386,143.5,-43.653,45.29,267.13,2
147.81,27.1,3.1558,0.3382,0.1863,-128.24,-54.883,-5.8287,28.85,234.59,2
58.169,9.9714,2.8261,0.3373,0.1709,14.991,48.161,-9.6553,4.321,122.91,2
89.316,24.308,2.9348,0.1534,0.0808,-33.628,-90.273,10.627,38.433,89.179,2
231.34,44.134,3.107,0.3947,0.238,-194.77,-170.85,30.058,2.321,304.61,2
95.853,15.81,3.2617,0.2102,0.1207,-56.73,25.532,3.3254,41.115,82.032,2
28.251,9.1968,2.4526,0.5432,0.3545,6.4403,23.875,-9.2986,67.619,155.68,2
95.074,23.06,3.1793,0.2627,0.136,-41.366,79.207,5.4325,26.458,325.8,2
94.598,21.962,3.2107,0.1486,0.0869,-19.003,-46.319,17.203,80.747,117.38,2
16.694,11.835,2.3681,0.5915,0.3298,2.021,2.6612,-7.6558,24.712,195.92,2
140.23,74.644,3.6987,0.0981,0.0509,-209.16,-92.448,-75.952,10.207,331.79,2
42.322,17.052,2.7316,0.3994,0.257,64.28,19.625,-17.329,74.152,151.52,2
60.516,13.579,3.0125,0.3476,0.2103,61.564,60.191,5.2105,2.8626,247.43,2
37.975,5.1561,2.5209,0.6779,0.4316,31.337,31.887,-6.8782,14.347,265.84,2
44.666,23.666,2.7206,0.255,0.1361,-67.317,21.499,-12.833,1.3387,113.88,2
111.34,22.488,2.9761,0.3863,0.2071,-109.19,-81.028,7.2081,18.426,290.59,2
41.258,12.722,2.5669,0.5178,0.282,8.734,-18.568,3.7897,39.309,227.61,2
27.622,10.141,2.6564,0.5177,0.2706,-19.81,-16.594,5.8707,77.963,48.006,2
48.322,6.8523,2.8283,0.4291,0.2606,-3.9211,27.525,3.1195,56.238,185.01,2
150.73,104.97,4.0169,0.1549,0.0787,-123.55,-154.59,-92.189,54.916,396.91,2
117.9,69.933,3.4107,0.2979,0.1661,90.502,117.52,19.427,57.178,390.07,2
24.276,10.832,2.5883,0.6374,0.329,-10.974,9.5183,-11.357,23.102,208.03,2
50.068,8.3694,2.8187,0.3884,0.2295,49.217,39.17,12.576,18.178,215.93,2
69.325,25.589,3.3401,0.14,0.12,-85.193,-56.325,9.8262,48.379,238.06,2
64.217,18.169,2.5507,0.5832,0.407,-38.849,-66.52,-4.0623,33.981,168.51,2
97.279,68.733,3.8828,0.1282,0.0695,-0.5356,-69.66,-40.853,25.515,357.12,2
147.2,82.305,3.3614,0.1836,0.1016,-250.91,144.95,-55.032,51.7,234.68,2
64.522,32.45,3.3062,0.4044,0.1989,-18.012,-9.7041,18.107,2.8159,364.15,2
28.93,16.053,2.3589,0.5252,0.3479,27.389,25.974,-17.285,54.225,248.09,2
19.307,9.5213,2.5315,0.6088,0.4044,-20.479,-13.759,1.8875,87.767,135.2,2
13.651,4.8943,2.236,0.7481,0.5542,-8.0374,0.0364,4.3371,58.307,193.61,2
239.06,74.374,3.5694,0.1917,0.103,-107.41,-229.13,80.518,58.379,277.92,2
27.236,7.412,2.7131,0.5088,0.309,-9.3461,-3.8343,4.7101,61.157,108.69,2
34.325,9.9475,2.3644,0.6811,0.3776,-25.98,-18.259,-2.1755,12.743,165.9,2
24.334,15.085,2.6239,0.3555,0.1625,4.6628,11.697,-12.13,31.844,178.2,2
51.466,8.8279,2.8346,0.4391,0.2162,46.202,43.784,6.9968,39.676,159.32,2
70.753,36.141,2.9807,0.2844,0.1772,79.16,37.843,-5.0701,4.755,265.8,2
8.6998,6.7412,2.4845,0.6872,0.4493,-3.9379,2.8869,10.201,64.543,118.58,2
71.287,21.659,2.9759,0.3728,0.2438,79.438,-41.375,8.7979,4.0546,174.59,2
54.834,12.833,2.9232,0.2995,0.1689,-4.6042,25.123,6.7826,24.614,221.65,2
14.172,7.737,2.4843,0.4963,0.3027,30.265,24.134,-3.395,33.111,124.46,2
145.47,39.239,2.895,0.2497,0.1536,98.709,159.05,-29.971,20.662,157.63,2
162.82,65.523,3.365,0.1165,0.0788,-135.2,-103.62,-46.433,32.933,157.28,2
34.849,15.384,2.7723,0.5087,0.3672,29.797,17.938,8.7939,15.825,147.35,2
20.947,17.792,2.8602,0.355,0.1795,10.877,8.6884,-10.436,65.76,102.09,2
17.199,10.319,2.4983,0.6889,0.4143,-3.2629,7.1593,-8.0473,76.035,126.32,2
173.96,70.682,3.684,0.2145,0.1017,-129.65,-158.16,-25.66,41.936,364.57,2
58.883,11.747,2.9511,0.3033,0.1595,13.578,-41.624,5.2739,8.76,64.642,2
79.04,22.264,2.8467,0.34,0.1855,-96.35,-59.398,4.8192,5.2436,229.5,2
96.48,57.592,3.3579,0.1604,0.0929,-152.23,27.635,37.466,1.0932,359.41,2
19.42,6.6496,2.2893,0.7044,0.3957,-19.066,-11.169,-7.4771,46.961,142.92,2
106.24,19.67,3.2621,0.1859,0.0976,-44.963,53.785,-15.661,59.421,119.35,2
40.675,29.631,2.658,0.3121,0.1945,61.502,-15.699,28.796,59.034,223.78,2
53.333,21.474,2.9287,0.231,0.1208,-12.74,23.513,12.372,13.565,248.33,2
46.31,21.84,2.6518,0.408,0.2776,43.494,39.986,-19.939,56.695,173.87,2
17.688,12.482,2.6196,0.6507,0.3613,13.964,15.189,-5.1048,6.794,238.85,2
114.94,36.068,2.934,0.3818,0.1915,-44.737,-104.59,-26.729,31.773,360.24,2
44.103,26.003,2.7071,0.3219,0.1737,45.668,-19.963,-27.997,87.799,233.05,2
75.851,19.215,2.8689,0.3678,0.2346,-62.43,-45.439,16.321,15.319,255.37,2
64.019,14.553,2.7102,0.4307,0.234,-80.776,-47.341,20.849,11.16,266.26,2
185.97,46.393,3.1614,0.2653,0.1239,-201.13,-158.57,36.312,58.346,292.59,2
43.54,27.057,2.7474,0.2862,0.1708,-19.982,37.959,15.253,26.353,259.57,2
52.102,18.802,2.6456,0.3012,0.1632,52.128,18.821,16.512,74.245,103.03,2
19.153,10.074,2.3139,0.5437,0.2791,25.604,5.4195,4.452,69.721,222.84,2
169.19,37.669,3.181,0.2116,0.1302,221.87,-111.99,-26.383,31.857,191.13,2
20.66,9.4829,2.3709,0.5941,0.3013,-3.6252,-18.596,-2.4076,84.443,188.02,2
21.827,6.5965,2.1089,0.7315,0.4475,21.877,14.494,6.5678,15.216,48.961,2
32.178,18.286,2.9457,0.3773,0.2045,29.093,18.07,17.874,39.654,163.18,2
159.65,48.51,3.2608,0.1399,0.0738,-242.25,116.14,14.487,33.756,186.57,2
114.91,34.419,2.9686,0.222,0.1128,166.37,-97.323,27.726,12.689,26.352,2
143.38,30.181,2.8094,0.3758,0.2087,-45.66,-97.262,21.929,77.766,184.79,2
231.19,128.61,3.597,0.1122,0.041,142.53,144.37,125.82,64.259,270.95,2
206.75,70.605,3.0232,0.2985,0.1431,86.171,196.69,55.442,80.446,245.11,2
122.64,67.036,2.9868,0.2977,0.167,90.279,87.021,-73.809,39.898,251.74,2
22.847,6.0045,2.3771,0.6865,0.4913,6.8943,26.316,6.9701,68.402,201.75,2
64.219,23.792,3.0346,0.1754,0.0937,-57.691,-49.596,-8.3084,6.665,122.95,2
15.73,12.322,2.5826,0.6431,0.4667,0.1983,-6.0171,10.604,27.778,178.29,2
73.503,53.986,3.5778,0.1705,0.0997,-92.937,31.599,-37.471,75.109,305.83,2
20.826,7.0223,2.4523,0.5816,0.3295,13.977,-5.4278,9.4527,33.624,149.8,2
127.48,37.247,3.6508,0.0976,0.0519,11.637,134.93,-28.692,55.767,149.26,2
17.337,11.461,2.5533,0.6406,0.4573,-3.3701,10.504,-11.344,4.3202,241.61,2
56.066,8.9886,2.8966,0.2684,0.1666,17.695,27.862,-6.5418,59.593,40.716,2
22.814,8.7151,2.5688,0.6262,0.4629,11.73,13.909,-4.0274,21.013,219.46,2
26.749,15.748,2.5384,0.4052,0.2388,36.838,10.563,-14.773,47.68,235.2,2
136.12,94.016,4.3583,0.0549,0.0322,-85.529,-73.765,70.814,54.319,271.35,2
126.64,66.6,4.2846,0.0953,0.068,91.567,110.15,-52.028,61.431,382.21,2
33.127,20.322,2.5447,0.2728,0.1766,-11.852,20.782,-16.403,84.918,193.41,2
115.14,35.083,3.0283,0.2189,0.1304,-107.95,-165.55,-20.604,9.4043,249.38,2
118.11,40.796,3.4483,0.1339,0.0778,33.193,92.872,-9.8269,86.711,268.09,2
20.982,12.017,2.3627,0.5206,0.2668,2.6986,-11.147,11.14,52.233,283.11,2
126.06,35.581,3.5832,0.2854,0.1441,-30.971,-139.71,-33.483,16.054,324.49,2
33.712,17.082,2.6289,0.4019,0.2103,19.648,-13.149,-9.0689,46.576,105.13,2
23.895,22.478,2.6928,0.4239,0.2181,5.4364,-14.505,-12.951,79.767,120.93,2
195.58,22.422,2.9547,0.3073,0.1987,-247.19,126.3,-12.128,4.8756,168.53,2
35.291,10.361,2.7645,0.4402,0.233,-23.657,16.468,-8.7667,10.957,214.23,2
84.034,68.637,3.5917,0.1572,0.0946,1.2263,63.25,43.749,9.0247,361.65,2
112.74,103.35,3.1893,0.1798,0.1038,139.99,55.533,57.27,46.848,304.16,2
86.651,26.959,3.2885,0.3926,0.1864,25.675,-34.339,12.21,20.895,359.82,2
132.31,68.736,3.2222,0.3052,0.1754,68.968,173.07,-37.408,85.633,281.96,2
66.108,11.957,2.9432,0.2689,0.1578,14.586,54.47,-8.0502,47.632,232.86,2
254.55,36.392,3.1612,0.2513,0.1237,-343.36,187.4,-24.658,47.598,69.493,2
161.2,28.281,3.0104,0.2376,0.1568,-70.09,-161.62,-14.379,16.914,325.9,2
70.299,11.865,2.5635,0.4262,0.2363,-37.043,-67.699,-5.7148,18.529,116.81,2
24.884,3.7537,2.1058,0.6877,0.4019,37.794,17.174,7.323,41.012,241.97,2
118.01,34.45,3.4329,0.1599,0.0595,-86.88,92.083,-16.79,16.214,265.75,2
24.308,8.3714,2.4346,0.6618,0.4393,25.155,14.04,9.5262,7.024,204.93,2
52.453,35.811,3.1207,0.1404,0.1153,12.368,-9.638,-23.744,78.344,292.3,2
132.06,45.256,3.8515,0.1633,0.0977,-176.53,-105.64,-15.421,19.938,323.73,2
42.571,6.8829,2.5125,0.5586,0.3382,61.88,28.898,3.4437,43.469,166.65,2
29.137,18.824,2.7976,0.3904,0.2223,12.494,25.593,-17.631,29.07,196.32,2
27.781,12.187,2.5051,0.4531,0.2484,-24.715,-22.508,-5.4611,83.101,232.06,2
20.115,7.1037,2.1351,0.7766,0.4066,21.578,12.912,-5.2355,29.782,196.21,2
26.942,4.8134,2.2273,0.7499,0.4882,5.4243,0.0442,0.9134,60.694,212.44,2
305.42,54.995,3.8903,0.0964,0.053,-368.63,-269.33,-31.614,13.31,118.39,2
159.18,57.331,3.194,0.1568,0.0746,-174.34,-36.855,41.936,36.635,240.49,2
29.14,4.4119,2.5319,0.5297,0.3128,6.8428,-26.876,-9.8674,53.311,203.18,2
24.953,22.036,2.8069,0.312,0.1599,4.912,-12.959,9.2707,3.4894,54.56,2
145.35,87.463,4.5105,0.0544,0.0198,-97.778,-181.55,48.055,55.258,203.1,2
182.6,71.637,3.3761,0.2411,0.1197,-263.17,-138.64,-70.127,34.006,214.63,2
157.38,65.32,3.0305,0.2259,0.0927,301.2,-161.92,54.574,72.645,157.12,2
14.359,10.56,2.2995,0.4697,0.2872,0.5447,-21.265,-10.928,82.901,133.46,2
29.305,9.8754,2.3918,0.5071,0.286,10.558,18.065,-11.719,66.612,166.89,2
146.31,53.145,3.1532,0.2923,0.1887,-203.59,125.66,-35.922,50.357,187.54,2
17.306,0.4794,2.3621,0.7404,0.5221,4.1264,3.779,-0.4141,80.458,76.665,2
125.45,61.776,3.4934,0.2271,0.1099,-89.208,-101.63,70.669,18.695,413.15,2
29.068,5.8239,2.5202,0.6051,0.3318,2.3376,33.134,14.3,59.356,255.49,2
143.4,74.065,3.4006,0.1344,0.0714,-207.04,-69.587,106.03,50.859,184.56,2
43.667,15.809,2.8455,0.4258,0.2425,1.4455,31.39,5.8447,21.679,162.83,2
60.295,27.964,3.4553,0.1724,0.0931,55.352,53.18,13.563,56.335,50.202,2
57.227,30.304,3.1385,0.2358,0.1618,14.457,-34.019,31.036,89.357,199.72,2
28.442,9.0919,2.6974,0.5151,0.2556,32.724,22.327,7.0374,31.461,166.64,2
220.6,69.451,3.7278,0.163,0.0899,-182.05,-254.47,-45.48,33.61,319.65,2
63.008,26.638,3.4625,0.1929,0.0799,47.392,43.427,10.473,57.868,34.407,2
94.402,26.784,3.1505,0.21,0.1155,24.191,70.029,10.779,5.8196,250.44,2
34.776,8.0369,2.532,0.4055,0.2867,-14.36,-22.15,2.3217,21.362,188.68,2
106.73,68.251,3.727,0.1872,0.0884,-53.235,-76.141,-55.73,37.778,408.48,2
41.369,29.968,3.092,0.2217,0.1177,8.3424,38.014,-13.087,24.194,259.54,2
27.52,13.795,2.5132,0.4583,0.2682,-2.0336,-25.063,12.856,51.127,192.12,2
30.583,19.963,2.7905,0.3295,0.2064,-6.6928,-33.342,15.86,26.32,154.69,2
26.635,25.902,2.8122,0.4255,0.2007,14.079,23.331,12.745,30.924,185.89,2
33.055,6.9405,2.5243,0.6211,0.3019,3.6617,7.3387,-10.555,23.182,203.21,2
17.948,12.928,2.5982,0.5927,0.377,10.494,14.898,6.2992,41.847,123.62,2
22.586,17.781,2.3314,0.4709,0.2401,-2.9073,10.091,-12.28,39.924,160.44,2
42.409,12.091,2.6699,0.4189,0.22,-29.052,-37.099,11.996,88.336,191.86,2
30.458,19.135,2.5151,0.5992,0.2977,14.863,37.617,10.328,3.2816,129.4,2
61.654,11.926,3.1053,0.2056,0.1175,20.782,-37.89,-7.5035,40.147,125.84,2
44.975,23.853,3.0476,0.2953,0.1507,23.288,-12.497,16.699,30.851,141.95,2
21.707,7.8764,2.5402,0.4848,0.2166,18.288,21.32,-0.3793,50.584,161.37,2
33.506,24.121,2.7067,0.275,0.1424,-16.131,25.599,-14.052,85.258,158.64,2
74.67,14.076,3.0481,0.2059,0.1097,39.751,45.206,-9.2482,47.047,183.88,2
28.237,16.272,2.372,0.4416,0.2272,-27.544,-24.639,-11.732,40.389,172.79,2
24.742,12.315,2.5024,0.4937,0.316,12.588,17.99,-8.0719,52.919,199.84,2
28.009,22.956,2.8497,0.2657,0.1435,-17.166,-15.88,8.6297,25.523,125.75,2
174.35,76.779,3.2926,0.154,0.0808,-97.935,-191.94,44.744,8.0578,183.91,2
29.026,15.184,2.8528,0.3593,0.2014,3.3138,21.058,-11.094,41.09,212.82,2
137.27,77.108,4.1805,0.0952,0.0498,-9.108,-150.79,-60.008,8.8,320.05,2
64.02,12.482,2.7352,0.3514,0.1904,20.348,34.439,7.5119,89.452,172.78,2
162.18,44.813,2.7339,0.3696,0.1793,-72.772,-153.11,-23.274,5.638,332.72,2
95.393,16.421,3.0382,0.2427,0.1397,78.686,69.235,14.559,24.847,323.66,2
89.28,21.534,3.224,0.2764,0.1621,2.0046,48.891,-10.028,28.071,343.29,2
19.963,12.07,2.4601,0.565,0.3345,22.356,15.145,-10.255,37.894,158.39,2
65.479,41.562,3.3704,0.2872,0.1835,-21.366,40.54,18.493,24.664,333.79,2
69.766,28.255,2.8719,0.3534,0.2005,-3.6772,-15.511,14.783,74.183,327.83,2
23.476,5.4378,2.4755,0.541,0.3136,-17.448,8.3159,-3.3953,57.557,149.01,2
28.006,16.803,2.7243,0.434,0.2217,28.796,20.982,14.133,16.694,218.13,2
49.07,11.078,2.8231,0.3696,0.2006,33.053,37.382,6.7326,40.215,236.19,2
12.918,11.36,2.1123,0.7413,0.39,15.039,-5.6768,-11.564,64.933,227.11,2
25.259,9.221,2.5938,0.558,0.335,7.6128,17.45,-7.7419,16.997,140.76,2
104.91,85.337,3.347,0.2087,0.1077,11.22,-82.864,-75.006,37.382,296.14,2
157.99,82.814,3.1533,0.3786,0.2174,-170.88,-138.21,-64.03,27.925,387.8,2
60.111,9.081,2.8645,0.3374,0.1769,51.19,11.999,-4.8898,74.056,130.74,2
49.73,14.606,2.8969,0.2574,0.1454,42.892,19.063,-10.35,20.637,64.091,2
141.91,70.704,3.2918,0.179,0.1127,-119.15,-114.27,43.993,52.866,85.474,2
208.72,51.368,3.242,0.1506,0.0753,209.18,166.99,-34.032,83.353,178.47,2
32.009,14.578,2.659,0.3487,0.1941,-29.944,-25.06,10.597,72.062,250.41,2
28.531,19.934,2.708,0.2733,0.1254,27.749,27.04,-9.233,66.37,176.02,2
121.61,23.04,2.7612,0.3449,0.1724,-158.15,69.058,15.838,7.3206,332.92,2
124.46,46.143,3.8347,0.092,0.05,-19.422,70.633,-31.362,46.985,226.1,2
221.54,56.903,3.6164,0.1335,0.0778,-195.78,-279.35,34.016,14.153,309.58,2
152.63,35.762,3.5996,0.0769,0.0386,-154.49,-120.53,-23.109,87.294,131.18,2
28.202,8.0526,2.6196,0.6291,0.3325,32.442,18.903,3.8343,17.684,57.12,2
26.91,0.0033,2.5599,0.6694,0.4256,5.2064,19.391,0,29.07,160.41,2
210.44,62.916,3.3294,0.2843,0.1548,-185.89,-181.3,52.796,41.879,293.28,2
111.34,18.217,3.2332,0.2152,0.0913,120.72,55.398,-2.6898,11.677,224.12,2
126.47,67.174,3.9231,0.0807,0.0789,-22.193,52.069,53.288,82.879,318.59,2
43.412,20.808,2.8053,0.4205,0.2589,10.47,24.605,15.426,85.877,122.44,2
19.845,17.69,2.5993,0.395,0.2126,-0.0195,-8.0277,-10.379,23.044,159.26,2
85.244,11.443,2.4631,0.5542,0.3046,54.304,86.604,6.2539,55.007,114.2,2
78.48,59.132,3.5101,0.2271,0.1046,30.485,-55.532,28.284,27.893,372.48,2
17.602,9.474,2.48,0.702,0.5017,6.0734,-13.192,-9.8941,11.993,137.41,2
27.464,25.486,2.8435,0.2509,0.1269,-25.327,-24.323,4.1052,38.258,68.392,2
48.381,10.423,2.786,0.3191,0.1628,37.526,-26.697,-11.871,67.742,135.25,2
47.65,18.975,2.6812,0.3958,0.2531,-72.302,38.602,7.817,21.192,274.05,2
13.252,10.724,2.2889,0.7815,0.4139,14.646,2.5132,11.82,21.265,197.85,2
50.533,7.8642,2.8409,0.3509,0.2369,41.903,41.59,0.2469,34.667,172.77,2
20.734,19.067,2.4776,0.4804,0.2612,-10.153,9.3495,-12.531,29.169,60.767,2
22.754,11.404,2.6021,0.5525,0.3937,4.7841,16.594,10.068,3.474,221.44,2
157.31,32.899,3.4717,0.105,0.0609,-99.772,-78.797,-17.775,34.312,231.1,2
39.262,12.977,2.8762,0.3005,0.1775,14.127,23.575,3.3937,40.148,138.32,2
28.136,8.851,2.4935,0.4815,0.2552,35.908,17.234,-6.8534,67.751,117.93,2
20.607,13.682,2.6532,0.5289,0.2833,-3.773,13.3,5.6451,29.417,54.545,2
240.94,54.732,3.5379,0.0977,0.05,-174.76,-252.58,-42.408,1.076,210.07,2
145.37,66.474,3.8389,0.1122,0.0712,-75.809,-50.623,35.349,40.29,282.57,2
85.026,34.202,3.0837,0.1781,0.0943,3.3201,73.332,12.173,17.733,252.5,2
24.47,7.3634,2.5398,0.5976,0.3004,-7.7745,16.012,13.159,42.853,122.29,2
26.86,9.6666,2.5017,0.5827,0.348,6.3419,19.06,11.35,71.49,135.44,2
28.427,12.66,2.6889,0.3951,0.2242,-30.985,-16.875,-6.4092,81.136,228.32,2
25.488,13.378,2.8652,0.5469,0.3316,2.0462,29.018,-11.264,37.669,248.97,2
61.081,11.331,2.8912,0.3594,0.1866,18.274,25.763,-9.1619,76.396,61.81,2
25.554,7.6222,2.6218,0.5861,0.4274,-5.7443,-21.871,0.9994,88.323,119.13,2
52.599,9.5646,2.4479,0.4742,0.2442,-34.592,-33.86,8.3775,77.736,240.6,2
7.2079,6.8821,2.3239,0.5198,0.2615,-30.662,-19.344,-8.7395,32.374,133.75,2
33.043,13.772,2.8144,0.4156,0.2291,18.84,-6.7622,4.5087,22.223,197.97,2
24.252,9.6208,2.5641,0.5648,0.3179,27.526,20.009,-7.0592,60.91,89.82,2
24.727,14.563,2.6069,0.4277,0.246,-8.76,-14.932,8.5488,79.523,203.77,2
21.784,12.943,2.4024,0.6134,0.4227,-11.973,20.455,11.197,33.466,267,2
29.087,8.5601,2.7316,0.6197,0.3683,16.382,23.282,7.554,40.387,133.65,2
214.5,142.48,3.7784,0.1397,0.0578,-193.8,126.09,101.22,56.422,247.66,2
70.27,17.338,3.0497,0.2599,0.1748,19.721,23.873,-16.456,36.788,136.47,2
41.039,12.049,2.9396,0.4115,0.267,21.899,33.671,-10.508,16.171,238.45,2
105.43,21.68,2.7528,0.4346,0.2412,96.405,51.263,-13.341,3.773,146.94,2
38.957,14.145,2.7662,0.5948,0.384,-38.696,-32.991,4.7953,17.021,314.74,2
36.838,15.618,2.7052,0.3569,0.3025,-18.065,-27.702,-8.1,55.424,156.85,2
26.523,16.858,2.6253,0.3768,0.2121,17.018,-16.139,12.061,61.855,68.683,2
36.544,23.676,2.8932,0.3156,0.1662,2.0973,17.869,-16.672,44.893,263.76,2
19.47,11.301,2.6928,0.689,0.369,-0.5463,2.3599,9.7431,8.4896,167.09,2
74.306,10.837,3.0143,0.239,0.1243,-27.299,28.348,9.5231,17.416,212.87,2
23.938,22.147,2.7257,0.3055,0.1699,-6.1041,-8.861,-9.0594,3.7058,197.03,2
82.141,31.81,3.2914,0.1636,0.0846,101.18,21.211,16.971,58.39,208.07,2
125.98,23.398,3.1892,0.1996,0.1052,-98.386,71.027,20.917,48.729,257.77,2
26.233,20.91,2.7451,0.3705,0.1862,21.823,-21.048,16.537,75.603,201.63,2
145.6,81.255,3.6376,0.1232,0.0694,66.242,-103.89,-47.382,54.452,326.1,2
71.462,54.49,3.2051,0.1774,0.0814,69.751,42.79,27.387,73.584,296.86,2
60.428,15.536,3.0396,0.345,0.1812,82.191,34.232,-12.159,19.428,286.14,2
180.38,59.953,3.4971,0.1652,0.1033,-182.83,-106.83,-59.969,70.84,259.56,2
15.549,7.8204,2.1784,0.6025,0.3284,14.355,-13.614,-6.3545,42.449,113.89,2
28.269,19.866,2.6762,0.3804,0.2212,27.896,12.381,12.099,38.119,64.843,2
33.512,9.5221,2.7088,0.4532,0.3232,12.068,14.803,7.4395,75.51,107.08,2
189.8,159.82,4.0434,0.0425,0.0208,96.337,-145.41,-96.741,84.823,213.69,2
189.93,50.558,3.3401,0.1165,0.061,-76.923,-177.86,-29.433,62.147,85.352,2
55.839,9.8041,2.8215,0.3139,0.1499,20.341,41.022,-5.2775,87.821,187.43,2
227.88,119.07,4.4173,0.049,0.0252,-174.43,-223.33,-53.778,40.641,241.45,2
63.061,33.19,3.1278,0.1662,0.0846,-94.743,24.035,-31.785,45.916,274.41,2
111.28,22.517,2.9472,0.3256,0.1717,93.973,98.456,-19.616,12.987,203.89,2
98.134,54.532,3.2041,0.1951,0.1287,-184.17,87.525,-21.73,16.565,214.88,2
31.69,12.4,2.595,0.5196,0.2716,16.713,11.678,-4.8698,80.174,201.32,2
12.214,5.57,2.0763,0.7769,0.4493,-5.1562,-11.035,-5.4896,76.971,38.858,2
143.55,32.375,3.2973,0.1483,0.0754,-107.5,72.296,21.606,65.337,268.1,2
67.033,20.173,2.823,0.2452,0.1369,36.199,-35.438,25.655,23.76,156.69,2
24.071,12.142,2.6637,0.4946,0.2701,0.8988,19.701,-8.6106,15.477,82.427,2
63,26.935,3.0682,0.5308,0.3363,-17.121,-45.081,-14.414,1.4074,344.39,2
33.456,30.502,2.8633,0.4384,0.2664,29.872,24.819,-9.6527,67.25,179.53,2
13.096,10.05,2.3414,0.8018,0.5308,-12.135,-7.7397,-9.9359,88.476,197.63,2
33.272,10.896,2.7751,0.401,0.2161,7.129,17.272,-3.126,63.308,42.753,2
117.98,25.217,3.0887,0.212,0.1097,46.293,127.27,-15.808,6.112,255.68,2
138.77,103.19,3.7465,0.1216,0.0638,-217.83,62.281,58.584,7.0801,199.37,2
89.646,83.845,3.4298,0.2553,0.1704,-62.972,-94.546,67.81,29.055,411.47,2
55.498,51.779,3.1203,0.175,0.1152,15.29,41.263,15.682,61.674,145.11,2
72.081,24.736,3.2218,0.2343,0.1065,74.17,86.441,24.335,70.706,281.4,2
118.28,36.063,3.2188,0.3215,0.1689,-150.22,-98.368,-27.64,28.521,359.54,2
20.714,12.352,2.7385,0.5072,0.2513,7.1002,17.856,-6.1699,63.683,215.5,2
103.85,27.225,2.9081,0.2058,0.1054,-120.17,80.207,15.049,1.1645,212.23,2
58.807,14.113,2.4955,0.4409,0.2284,-25.934,-56.879,4.8497,18.423,109.98,2
276.28,35.829,3.5838,0.0604,0.0572,-457.92,-169.16,15.193,68.138,187.02,2
35.683,9.3027,2.5192,0.4902,0.2708,32.153,-8.1318,-9.5077,63.846,86.846,2
32.685,12.063,2.3574,0.4726,0.2744,42.811,22.885,-10.054,51.177,114.06,2
29.697,6.7798,2.2406,0.5732,0.2891,27.586,8.3343,-6.3935,9.1552,187.5,2
91.197,14.505,2.7539,0.2328,0.1223,-33.295,-86.484,-8.9952,67.646,184.97,2
85.669,20.499,3.2064,0.2776,0.1505,86.54,56.31,-20.067,6.1541,324.06,2
38.837,6.5104,2.2402,0.7878,0.487,4.4262,2.5094,-4.4784,16.176,193.5,2
103.11,51.04,3.3184,0.1313,0.0774,-22.174,75.181,46.124,12.36,313.48,2
10.024,3.137,2.3919,0.6609,0.3659,17.378,8.209,5.0734,59.843,86.024,2
37.103,16.647,2.4735,0.4168,0.2269,-3.5985,31.102,-11.808,71.636,80.194,2
34.709,20.071,2.7505,0.302,0.1732,52.788,-18.325,-14.32,84.718,174.39,2
27.791,24.808,3.1244,0.2892,0.1583,-27.242,-1.9937,-11.764,24.782,195.37,2
25.797,9.4117,2.4676,0.4974,0.3083,-11.632,11.068,4.6974,44.734,205.28,2
21.363,12.761,2.5031,0.5746,0.2967,9.3287,17.296,-9.1588,18.1,200.57,2
91.022,46.861,2.8727,0.2895,0.1642,-41.461,-115.41,-37.116,59.153,231.49,2
20.127,7.1811,2.2028,0.7649,0.3856,-22.386,-11.998,-5.2973,83.157,69.42,2
36.552,29.997,3.0915,0.2348,0.1247,9.6851,11.408,-17.141,86.903,182.5,2
39.63,15.611,2.7328,0.3977,0.2441,-3.1471,11.144,12.572,10.203,164.85,2
38.666,26.074,3.1864,0.2135,0.1169,-21.025,-26.092,19.095,5.6355,110.15,2
159.44,79.439,3.9887,0.0424,0.0353,60.519,110.51,-92.436,13.568,178.54,2
35.177,9.5536,2.7071,0.5142,0.2915,42.465,22.866,7.545,33.004,200.43,2
23.863,0,2.0737,0.7257,0.3671,27.215,13.148,0,47.184,106.26,2
108.1,20.847,2.8296,0.4027,0.2013,128.39,-67.307,5.8653,30.927,103.36,2
47.799,20.823,3.2686,0.2995,0.1336,-39.251,-29.579,-22.241,76.766,217.19,2
20.543,8.9884,2.4346,0.6287,0.3438,24.464,9.6247,-3.306,39.638,235.63,2
53.433,10.525,2.9082,0.3607,0.1834,-10.157,39.094,-6.6238,15.321,172.39,2
59.218,11.291,2.9619,0.286,0.1643,4.5356,-27.011,2.8645,89.595,112.15,2
22.067,12.7,2.3493,0.4966,0.2528,17.171,11.105,7.6263,52.585,195.67,2
19.567,8.9652,2.3309,0.6728,0.3671,15.426,3.1351,-3.0008,49.06,133.04,2
87.783,21.398,3.247,0.3123,0.1673,-22.408,-38.182,-13.063,7.6853,381.55,2
98.297,50.288,3.0338,0.3737,0.2419,-69.456,63.74,-45.85,61.067,303.25,2
41.28,26.05,3.3525,0.1952,0.0933,18.588,-46.531,-15.178,66.632,98.167,2
97.089,31.874,3.0044,0.2213,0.1279,-108.97,69.264,-28.325,52.376,161.4,2
27.197,9.1391,2.3881,0.5685,0.2985,20.871,13.549,-7.2627,27.346,215.25,2
19.45,9.1554,2.3324,0.6651,0.4302,19.727,14.57,-4.3676,36.344,182.01,2
16.252,10.45,2.4513,0.606,0.3333,-0.1087,-8.2122,8.7514,40.503,94.633,2
83.65,34.146,3.2205,0.1625,0.0846,-51.787,-80.549,28.242,47.919,225.6,2
20.926,14.087,2.6355,0.5347,0.3438,12.982,18.259,8.9524,53.938,94.197,2
31.232,16.062,2.6613,0.386,0.2454,-1.3803,-22.523,14.104,38.898,151.03,2
27.585,15.742,2.3064,0.4545,0.2364,4.1964,21.166,7.7114,13.747,149.27,2
42.119,13.703,2.6232,0.5452,0.3345,35.441,40.607,-5.6916,6.7992,142.44,2
230.68,94.135,3.7716,0.0686,0.0215,73.99,-137.58,-41.632,89.722,267.22,2
56.295,26.544,3.1058,0.2138,0.1097,34.489,62.275,-19.167,39.941,120.11,2
30.182,10.553,2.7022,0.4441,0.2679,11.851,-10.661,6.9912,85.657,189.36,2
157.67,58.579,3.9945,0.1078,0.0561,-70.906,-122.06,-40.448,26.359,299.26,2
42.274,8.8542,2.7664,0.375,0.2098,38.005,21.569,-4.858,81.644,99.425,2
18.853,8.564,2.5104,0.5719,0.3311,-15.299,-18.512,-2.011,83.514,247.59,2
21.948,0.0044,2.3064,0.8346,0.4519,21.407,17.456,0.0001,21.367,71.309,2
39.336,17.795,2.4391,0.6373,0.372,15.805,13.989,19.379,66.734,330.88,2
128.4,36.542,2.9746,0.3233,0.1771,82.692,108.56,-29.912,58.208,245.43,2
69.988,23.766,3.0867,0.1219,0.0867,16.471,42.823,12.656,38.621,138.83,2
136.56,81.995,4.527,0.0523,0.0295,-72.161,71.926,-42.957,33.967,268.62,2
23.385,11.423,2.4575,0.6127,0.3839,7.5995,13.099,11.67,58.307,73.695,2
73.43,29.869,2.9198,0.2441,0.1162,-29.789,-73.952,21.969,6.0497,190.82,2
26.859,6.9689,2.6792,0.6166,0.4081,6.0728,19.702,-4.2682,89.958,169.2,2
35.719,7.2727,2.638,0.4649,0.2428,-1.6165,17.543,-4.1776,62.918,87.869,2
20.705,8.1838,2.5046,0.5259,0.2695,-21.52,-0.6733,-1.3999,49.308,212.82,2
30.829,6.7464,2.6037,0.6999,0.3823,23.509,28.329,-8.6426,1.459,190.33,2
96.525,24.802,2.9251,0.4678,0.2872,39.589,-106.87,20.08,24.418,421.27,2
118.72,82.888,3.6062,0.1437,0.0634,-73.652,-82.418,69.036,23.601,331.8,2
22.309,17.744,2.5688,0.4157,0.2146,11.697,18.47,13.689,67.58,248.78,2
173.78,50.778,3.5545,0.1499,0.0943,-191.26,-32.501,-53.388,30.788,203.38,2
161.64,61.633,4.2465,0.0448,0.0228,155.11,160.21,24.677,75.701,159.85,2
13.844,8.4785,2.3971,0.8778,0.523,-12.66,-9.184,11.112,20.557,118.08,2
206.4,59.029,3.36,0.0934,0.0482,-116.97,-222.42,-55.908,2.8755,92.978,2
91.616,16.401,3.1089,0.1977,0.1093,18.719,50.826,-10.223,76.028,205.87,2
18.034,9.8941,2.549,0.6949,0.3912,19.767,12.626,-6.5641,15.503,206.03,2
80.246,32.677,2.9614,0.318,0.1678,-43.88,-94.13,18.054,76.528,194.03,2
172.1,35.027,3.2143,0.2764,0.1865,-20.625,-216.68,-9.367,26.22,323.93,2
114.8,63.378,3.4672,0.1197,0.0673,-68.238,-6.4847,-50.813,14.701,297.47,2
83.842,36.968,3.1364,0.2527,0.137,-48.928,-58.911,30.574,30.396,352.19,2
53.1,9.7925,2.8158,0.2597,0.1728,11.4,45.143,-0.24,67.045,221.15,2
176.97,38.78,3.1574,0.2662,0.1585,-102.66,-110.44,-32.153,14.497,330.17,2
21.032,5.5498,2.2045,0.7939,0.4609,-8.7538,11.43,2.7728,2.2901,53.244,2
28.227,23.34,2.7945,0.3018,0.1581,30.046,23.17,14.171,24.972,199.73,2
44.561,10.529,2.8724,0.3635,0.1818,-25.906,18.775,6.2155,46.396,103.1,2
19.544,5.6572,2.2799,0.8451,0.643,13.551,19.579,-5.5527,14.086,180.54,2
19.132,9.5801,2.4914,0.7032,0.4371,3.5591,-13.573,-4.588,13.107,56.545,2
90.98,56.267,3.0556,0.2904,0.1509,0.3255,-101.71,11.652,2.076,386.32,2
189.25,40.686,3.1299,0.3938,0.294,-126.59,-160.07,-34.327,33.148,296.9,2
18.317,12.618,2.5303,0.4827,0.3261,-2.9681,9.5771,-13.289,48.484,223.11,2
41.107,11.879,2.7627,0.5625,0.3371,-44.992,-22.748,-9.2161,48.175,178.48,2
56.334,33.236,3.1377,0.1959,0.1082,-11.447,-45.35,29.533,36.418,268.38,2
18.758,10.093,2.5643,0.6349,0.3401,-11.546,10.889,4.0335,49.378,76.31,2
84.962,27.072,3.2153,0.2518,0.154,-68.507,-96.269,19.947,17.231,236.77,2
94.221,52.118,3.0145,0.3027,0.1949,-25.934,72.141,28.993,1.771,314.29,2
30.11,9.8668,2.1249,0.8198,0.4298,11.759,16.535,6.3968,42.5,120.61,2
24.863,9.8029,2.565,0.6898,0.3289,0.7219,13.053,-7.4177,72.099,205.42,2
65.889,12.799,2.6031,0.3292,0.1733,-22.335,-21.268,-10.782,11.928,266.51,2
58.885,6.1495,2.9987,0.3532,0.1792,75.814,40.211,2.1501,25.27,237.17,2
20.288,16.983,2.7716,0.4518,0.2496,14.073,6.5384,10.4,12.874,67.639,2
176.59,35.167,3.127,0.1958,0.1274,-222.01,139.44,12.915,61.042,269.45,2
52.056,23.606,2.8283,0.4484,0.2383,39.788,51.464,11.916,29.988,103.9,2
79.043,15.428,3.0815,0.2851,0.1908,34.112,43.171,9.7786,31.979,157.6,2
57.89,34.916,2.941,0.2027,0.1197,-90.542,-21.095,-24.324,25.116,234.99,2
38.665,19.342,2.5812,0.3512,0.1757,-7.4013,-37.883,15.457,47.432,145.21,2
35.704,11.645,2.8513,0.3859,0.2049,46.981,22.705,-5.548,36.37,194.36,2
35.646,25.005,2.8927,0.2535,0.1287,-23.81,-19.621,-18.329,88.926,24.415,2
136.12,89.005,4.1405,0.085,0.0463,36.707,94.68,67.067,67.661,365.66,2
18.573,16.236,2.6758,0.4895,0.3091,1.1158,8.1104,-11.799,50.979,224.88,2
129.53,21.291,2.8503,0.3275,0.1898,141.01,116.45,-10.92,82.48,214.86,2
64.299,31.961,3.7132,0.1854,0.0897,-21.839,-61.585,-14.637,21.622,221.56,2
42.067,12.75,2.8839,0.2965,0.1509,-16.575,21.126,6.2743,55.937,47.925,2
109.96,28.476,3.1441,0.277,0.1557,25.396,113.68,26.722,75.453,259.19,2
21.221,21.105,2.3676,0.5296,0.3044,-3.5126,-12.488,17.605,87.758,139.09,2
23.508,10.369,2.3372,0.6478,0.4636,14.253,-0.4142,-10.851,56.878,154.61,2
142.69,77.951,3.3627,0.1614,0.0931,-96.112,-179.64,55.411,82.967,231.51,2
38.069,16.476,2.7723,0.4696,0.3269,23.274,34.778,-20.809,37.23,231.35,2
31.242,11.483,2.5838,0.3859,0.1995,24.73,23.145,6.2056,30.124,187.74,2
254.21,44.592,2.754,0.4261,0.2773,267.11,106.53,-47.067,1.9568,86.173,2
33.845,0.0639,2.2382,0.8139,0.4417,-0.07,12.612,-4.0242,61.758,89.965,2
31.65,16.482,2.6057,0.8585,0.5878,21.978,34.365,21.248,77.386,394.42,2
93.808,56.469,3.1862,0.2136,0.1078,-99.938,32.857,42.11,26.414,247.97,2
88.331,21.307,2.6817,0.3829,0.2279,55.478,87.484,-8.4997,77.808,136.18,2
24.919,11.061,2.3953,0.5875,0.3159,-7.1973,-10.934,11.498,42.775,180.95,2
23.863,8.5943,2.3284,0.615,0.3451,-29.341,10.105,10.228,80.642,111.87,2
168.92,24.19,2.7354,0.3443,0.1691,-235.65,156.31,17.412,29.389,253.33,2
99.891,14.807,2.6335,0.3558,0.1919,-63.891,-85.499,-6.6387,11.911,45.218,2
46.381,8.7167,2.8301,0.3082,0.1479,17.591,25.774,-0.3421,26.066,220.61,2
12.003,2.0812,2.178,0.779,0.4113,-23.622,-12.949,-8.7515,34.416,253.61,2
12.867,11.433,2.2343,0.7347,0.3936,15.122,-6.738,11.268,85.135,215.32,2
26.676,8.0837,2.5459,0.6145,0.4168,3.0689,23.839,10.232,4.3881,140.24,2
139.38,30.136,3.04,0.1541,0.0789,-225.46,99.103,-26.356,9.227,261.58,2
92.702,47.938,3.6027,0.1203,0.0742,67.402,42.779,29.853,29.262,26.652,2
44.929,10.879,2.5635,0.3388,0.179,44.187,40.456,-5.1639,9.988,207.48,2
79.751,26.878,3.0838,0.3294,0.1617,18.177,31.051,-25.912,2.4255,341.92,2
27.119,11.538,2.6345,0.5104,0.3399,23.011,25.368,-8.5615,8.847,233.89,2
44.376,13.946,2.7392,0.3045,0.1559,-17.886,-23.057,8.0817,50.076,40.351,2
40.263,14.57,2.5061,0.4203,0.2618,-55.372,23.497,10.628,66.712,238.49,2
117.61,49.201,3.6672,0.2457,0.1277,-62.333,-123.2,-32.242,3.5618,323.85,2
34.983,18.275,2.8597,0.3665,0.2505,-3.7816,-21.914,-4.1388,18.677,224.62,2
16.91,13.943,2.5499,0.5254,0.3094,-2.8944,-8.0287,-8.7761,59.136,187.28,2
24.244,15.906,2.6006,0.389,0.2661,-15.787,36.213,-9.9236,45.418,250.94,2
212.59,97.507,3.6594,0.0897,0.0521,-286.27,159.62,-96.725,73.366,126.34,2
121.12,50.633,3.4752,0.3504,0.1822,-56.533,-89.149,43.657,31.139,368.22,2
248.95,148.57,3.2827,0.1837,0.0896,-200.39,-187.2,-78.073,36.965,305.88,2
43.949,8.2965,2.6392,0.4338,0.2133,23.451,16.07,-4.8768,26.848,121.19,2
49.787,26.258,2.7162,0.2897,0.1486,45.761,58.365,-23.458,42.404,245.12,2
213.72,64.524,3.2799,0.1722,0.0811,-221.02,-202.21,-40.387,49.932,336.42,2
28.158,9.3602,2.4864,0.5514,0.3246,11.429,14.354,5.1992,47.948,60.782,2
67.659,27.868,3.2118,0.3519,0.2072,-67.417,-45.37,-19.52,46.85,336.2,2
18.711,9.9918,2.3263,0.6038,0.3373,0.4191,-5.001,-6.2237,57,192.75,2
69.91,8.7907,2.9859,0.3518,0.1954,56.762,37.252,-10.084,20.821,75.33,2
67.609,26.678,2.632,0.3851,0.2462,-56.63,-57.963,19.806,79.666,227.19,2
144.26,76.298,2.9872,0.3491,0.2291,-78.902,-128.88,-59.073,12.069,235.42,2
20.162,6.1354,2.6832,0.6953,0.3929,-5.1442,10.671,-1.4103,40.079,208.26,2
203.83,95.911,3.6505,0.1067,0.0427,-47.791,-159.48,69.836,2.7197,305.2,2
88.642,46.465,3.4272,0.1598,0.0685,3.8321,90.974,-35.29,5.9917,143.36,2
202.37,19.75,3.0297,0.6383,0.39,-130.75,-167.87,11.471,31.642,342.83,2
11.073,9.7761,2.4681,0.6385,0.3145,7.7751,5.0521,9.9682,11.44,104.36,2
19.198,12.308,2.4711,0.4808,0.2832,-6.8743,-15.108,-1.1993,82.632,235,2
86.738,16.195,3.1184,0.351,0.1831,34.46,68.062,-19.705,4.692,363.32,2
26.38,22.776,2.6889,0.5752,0.39,14.584,28.883,-23.206,49.384,132.57,2
24.669,21.366,2.7097,0.3922,0.2312,-6.5954,-18.2,-10.267,58.515,80.868,2
35.017,7.3409,2.6383,0.412,0.2087,-8.5098,-18.843,2.8139,5.7696,77.922,2
41.854,6.4777,2.8021,0.3845,0.2267,60.533,29.181,-13.987,72.953,220.36,2
23.917,18.147,2.6222,0.4347,0.2735,15.962,17.364,-7.0409,49.174,139.39,2
32.404,9.2939,2.49,0.4725,0.2443,-29.298,19.876,4.0236,65.319,231.34,2
70.87,24.539,2.8503,0.3827,0.2235,-89.072,-38.589,18.673,39.211,260.21,2
13.028,10.51,2.3683,0.7709,0.5032,-12.874,-4.6312,8.4954,9.562,203.79,2
20.26,11.685,2.6069,0.534,0.2707,-0.8391,-8.9698,-6.3657,87.433,127.03,2
113.55,23.873,2.8041,0.3329,0.1885,116.92,85.141,21.768,26.041,249.38,2
67.269,16.928,3.0273,0.231,0.13,52.495,45.311,-13.27,44.345,221.19,2
105.31,39.156,2.7569,0.3012,0.1623,44.413,132.09,-36.79,89.923,237.57,2
19.416,16.539,2.5257,0.5663,0.3353,23.792,7.6174,-17.492,10.825,205.36,2
81.707,68.949,3.3151,0.2725,0.165,-26.945,-72.943,-58.14,11.97,438.86,2
24.121,10.517,2.5074,0.4701,0.3194,5.7188,-24.458,9.9509,81.14,78.764,2
36.261,26.331,2.8045,0.3765,0.2173,23.989,37.035,28.471,43.694,217.89,2
117.55,48.659,3.5949,0.1484,0.0845,-96.537,-117.82,32.14,28.412,323.66,2
25.014,14.523,2.6977,0.4092,0.2136,2.542,17.148,11.049,4.9923,212.51,2
94.121,17.112,3.2054,0.2423,0.1022,-144.67,67.689,17.717,3.8489,174.01,2
107.78,16.171,2.6376,0.4791,0.289,-165.79,98.501,-13.46,50.505,211.7,2
15.64,8.525,2.5807,0.7182,0.4082,28.195,20.955,13.261,62.756,195.75,2
242.49,90.604,3.4335,0.1106,0.0625,-300.25,-76.168,76.673,88.102,166.68,2
16.558,14.048,2.5862,0.576,0.3055,8.5469,-8.75,-13.199,38.506,190.83,2
45.425,12.919,2.7514,0.2972,0.1538,22.344,7.1662,13.108,65.826,244.27,2
35.335,15.494,2.5587,0.5028,0.308,27.55,31.796,14.989,27.14,248,2
27.381,17.936,2.736,0.3747,0.214,1.3562,-9.0074,11.16,34.259,226.21,2
181.22,53.05,3.8528,0.1267,0.0642,-62.802,-107.86,-19.63,52.84,329.77,2
57.872,9.0599,2.4969,0.4713,0.2373,35.604,44.459,-9.1099,63.528,247.09,2
82.613,22.093,3.0934,0.172,0.0854,1.2634,47.923,-8.3702,45.235,219.77,2
20.068,9.7614,2.3962,0.6145,0.4076,-3.641,14.709,9.1117,19.944,229.27,2
19.317,6.0723,2.4571,0.8517,0.5951,14.759,18.174,-4.8309,45.327,116.55,2
70.937,64.34,3.1927,0.1874,0.094,-117.76,60.599,-45.282,20.611,310.62,2
31.795,23.843,3.0974,0.302,0.1594,3.3809,20.865,-6.1055,44.525,223.45,2
34.164,9.4153,2.769,0.5055,0.2834,-9.194,17.149,6.306,64.752,109.45,2
70.2,48.427,3.038,0.2504,0.1611,-36.107,-51.565,49.643,68.203,214.24,2
73.485,19.087,2.6763,0.4639,0.3292,-84.153,-56.389,14.65,1.1157,288.47,2
29.155,20.782,2.6309,0.4117,0.2164,16.596,27.002,-13.507,56.541,103.24,2
31.531,9.1466,2.4807,0.4595,0.2364,-12.237,-20.44,-7.8897,62.326,196.99,2
22.681,11.55,2.3918,0.5761,0.3103,-4.6492,-20.315,-6.0344,65.647,116.33,2
132.79,56.761,3.2507,0.1696,0.0851,72.791,159.26,28.253,68.808,162.14,2
169.05,40.46,3.2936,0.1857,0.1137,-206.07,59.181,-26.032,46.401,305.85,2
131.47,65.778,3.1391,0.1764,0.0897,-75.4,-139.54,-57.979,25.926,129.88,2
31.73,28.514,2.8722,0.2093,0.1241,5.8368,10.049,26.431,52.542,258.04,2
111.15,38.242,3.1363,0.2873,0.14,-193.47,108.86,-22.884,39.14,275.26,2
30.872,11.612,2.2999,0.4762,0.2581,29.555,24.58,6.1713,24.488,242.78,2
15.209,11.737,2.1011,0.6925,0.3755,10.877,13.038,-2.5094,10.811,112.94,2
26.26,10.04,2.6556,0.484,0.2597,-37.173,14.465,4.6205,18.798,263.94,2
215.02,83.461,3.3843,0.1876,0.0776,-278.17,-160.96,83.641,63.982,207.98,2
19.788,7.7654,2.4609,0.7301,0.5588,15.92,18.209,-1.9004,27.373,133.76,2
22.333,12.75,2.2911,0.4859,0.2634,0.3511,-5.5732,-6.8113,7.275,159.24,2
73.222,22.488,2.8659,0.4095,0.2621,-59.082,50.224,14.826,0.1012,286.32,2
23.358,12.994,2.4586,0.5357,0.3426,22.887,15.778,10.187,23.59,144.58,2
76.244,30.886,2.9478,0.3023,0.1305,-108.08,35.681,-29.032,30.017,257.53,2
30.483,10.807,2.6902,0.4571,0.2439,-22.299,20.307,-6.4853,44.399,122.05,2
41.91,13.106,2.6964,0.3615,0.2174,-0.3925,-18.528,9.6738,46.608,70.292,2
149.92,57.965,3.495,0.19,0.0984,-42.593,-86.588,54.497,14.286,276.54,2
128.08,64.606,3.05,0.1352,0.0692,88.292,120.14,31.138,36.736,257.01,2
27.234,23.791,2.639,0.2955,0.132,18.82,31.059,9.3609,35.702,221.07,2
28.247,14.472,2.541,0.4086,0.2058,-39.832,-8.5855,10.054,0.374,194.48,2
51.806,34.148,3.4283,0.1749,0.0893,8.4382,-44.133,-10.753,42.267,130.81,2
167.81,72.906,3.7355,0.1901,0.0999,-168.43,-165.39,41.417,68.629,380.45,2
29.243,8.1792,2.6214,0.447,0.3342,7.5582,27.282,-10.21,14.466,234.81,2
16.716,12.279,2.3485,0.6087,0.3319,-7.3265,19.712,10.255,66.615,76.572,2
123.62,27.389,3.2591,0.1883,0.0961,-91.045,-99.286,-29.103,25.569,128.88,2
87.276,13.447,3.1397,0.164,0.0988,-141.38,30.562,6.4937,42.708,146.91,2
78.131,17.854,2.9201,0.4267,0.2518,-78.816,26.262,-5.0386,77.241,168.98,2
135.48,41.316,3.2849,0.3011,0.1722,-199.29,105.34,26.524,37.286,332.25,2
24.333,12.435,2.4793,0.5572,0.3035,-8.9321,10.284,-11.597,66.376,27.282,2
75.792,50.073,3.5819,0.1016,0.067,-15.023,-79.424,-37.545,0.6296,217.98,2
105.87,23.422,2.8718,0.4252,0.2645,51.485,104.47,-11.944,55.855,246.54,2
170.77,126.79,3.3891,0.1731,0.1092,-312.24,150.12,-111.01,76.501,185.98,2
21.818,18.79,2.2564,0.7204,0.3666,-27.991,14.974,-18.491,6.7462,343.29,2
53.819,44.394,3.2793,0.1023,0.0653,21.746,-41.474,-23.192,29.116,204.74,2
87.19,44.136,3.5621,0.2116,0.1273,-39.9,22.558,24.477,30.927,333.79,2
132.7,59.506,3.4599,0.1897,0.1066,-84.125,-165.12,-46.829,54.778,332.36,2
88.781,26.365,2.9322,0.1788,0.0918,-55.463,69.362,-17.946,83.143,165.9,2
48.305,12.498,2.5283,0.4593,0.28,25.525,36.506,10.323,16.026,153.86,2
72.727,21.566,2.6908,0.4211,0.3053,63.722,72.124,-8.4182,34.389,109.58,2
31.502,13.576,2.687,0.5158,0.2815,12.038,-12.264,4.2508,88.335,206.05,2
75.302,25.864,2.933,0.4504,0.2771,-36.67,-55.591,19.841,29.161,297.37,2
170.82,43.662,3.1109,0.2502,0.153,-276.6,161.78,34.635,73.868,215.4,2
36.1,10.341,2.4364,0.5026,0.2468,10.711,31.524,-6.0309,2.7836,172.78,2
231.22,41.703,3.7221,0.1121,0.0339,-239.17,-108.29,-20.424,75.712,205.08,2
123.5,33.185,3.5515,0.1224,0.0849,-41.66,-182.71,-27.395,11.778,168.04,2
21.174,15.679,2.2735,0.5951,0.2942,36.107,-2.3961,-5.98,50.344,203.75,2
20.495,8.4959,2.4116,0.6744,0.4516,20.053,15.416,-2.4494,51.998,114.49,2
30.732,9.4811,2.5224,0.4474,0.2538,-0.7,9.4379,-5.6796,85.65,209.05,2
143.73,102.36,4.1092,0.0852,0.0437,-92.334,84.933,-125.64,34.63,264.65,2
24.429,14.773,2.5484,0.396,0.2419,8.0372,15.24,8.4919,12.329,218.88,2
71.637,35.133,2.9289,0.4747,0.2621,27,69.624,-29.665,31.114,343.79,2
49.057,18.337,2.4459,0.3478,0.1631,43.357,31.166,9.9713,0.025,202.84,2
22.072,10.754,2.1492,0.539,0.2801,15.714,17.765,7.6936,6.6616,204.26,2
65.659,30.981,3.1896,0.2087,0.1205,-29.279,-64.959,-19.513,69.63,157.98,2
25.97,24.574,2.9387,0.2697,0.1515,22.726,14.896,18.704,47.084,178.22,2
35.967,9.852,2.8045,0.3953,0.2204,-26.517,12.602,-3.3817,64.615,229.88,2
48.514,33.771,2.9582,0.1738,0.1111,-35.712,-41.142,-28.797,72.237,144.98,2
41.658,14.258,2.5695,0.3673,0.2081,4.1599,38.624,8.0686,51.843,228.28,2
122.85,31.261,2.7774,0.3523,0.2012,-136.1,95.994,27.394,7.5012,287.3,2
53.497,11.444,2.9143,0.3788,0.1955,6.0254,43.783,9.6982,15.409,217.09,2
20.495,8.4959,2.4116,0.6744,0.4516,20.053,15.416,-2.4494,51.998,114.49,2
8.2304,8.0896,2.4662,0.6341,0.3148,-35.358,-11.1,3.106,42.922,148.29,2
81.542,40.538,3.7952,0.1244,0.0845,-116.03,-70.019,28.391,8.9368,271.1,2
24.376,14.584,2.8487,0.5117,0.305,9.7548,-11.723,-7.6942,5.6969,208.73,2
18.142,10.253,2.3927,0.6275,0.3583,1.4698,-6.9998,-6.8204,52.445,220.22,2
54.477,38.362,2.8404,0.257,0.1408,54.711,42.209,15.192,72.278,339.38,2
30.21,9.4568,2.6522,0.49,0.3241,-4.7695,20.256,4.2779,37.396,134.9,2
21.52,11.082,2.2656,0.6232,0.4064,-19.091,-22.336,-6.5869,0.2671,154.7,2
82.573,17.05,3.1355,0.2211,0.1168,-119.47,-28.5,-6.629,30.3,213.07,2
106.87,48.121,3.2208,0.1967,0.1122,95.947,115.68,41.05,83.201,277.07,2
30.555,9.4785,2.7103,0.4579,0.2428,-25.694,-21.573,-8.4698,86.396,101.23,2
52.368,33.531,3.3954,0.1879,0.108,-12.525,41.985,-29.486,62.904,276.26,2
62.831,46.164,3.6151,0.1339,0.07,6.2542,-78.655,-31.144,48.591,215.37,2
27.018,6.8552,2.4698,0.6169,0.3203,32.371,16.072,-4.884,5.316,191.22,2
32.724,11.939,2.6325,0.4266,0.2692,20.034,25.942,11.19,54.581,107.91,2
23.274,11.311,2.5971,0.579,0.3325,4.9342,22.632,4.901,77.176,134.77,2
58.257,29.831,2.8918,0.2706,0.1689,43.635,26.585,-15.545,47.222,174.56,2
133.16,29.993,3.3998,0.237,0.1273,-24.382,-87.675,-17.543,14.134,302.86,2
20.316,8.0369,2.1869,0.5363,0.2898,-36.773,3.5835,2.7775,69.249,136.67,2
79.433,17.386,3.0262,0.252,0.1526,23.243,80.033,-18.57,44.743,200.82,2
136.92,84.716,4.1151,0.0875,0.0438,-12.748,-146.31,68.766,7.235,329.71,2
28.745,24.636,2.6264,0.3456,0.1798,-1.1457,28.63,-9.1353,56.362,174.33,2
21.854,6.9876,2.77,0.6454,0.4058,41.983,-15.678,1.1456,45.954,77.46,2
35.385,10.74,2.6346,0.3217,0.1756,1.0758,-11.236,-10.954,19.303,212.03,2
36.303,14.773,2.801,0.3897,0.1656,-17.084,-23.31,-16.096,69.273,270.51,2
201.54,54.357,3.2686,0.2567,0.1302,-148.57,-187.61,-15.517,71.732,320.14,2
23.884,9.8458,2.1459,0.5658,0.3154,12.74,25.349,-2.8444,4.342,127.99,2
189.4,53.663,3.4372,0.1597,0.0647,264.49,79.478,50.191,80.212,298.13,2
17.399,10.46,2.5366,0.6744,0.3503,-20.631,-10.958,-6.9509,40.056,103.96,2
164.63,44.514,3.5273,0.1327,0.058,152.11,115.4,42.278,59.278,249.26,2
56.827,19.806,2.7467,0.3081,0.1644,5.6574,45.804,-17.108,47.785,74.293,2
11.875,8.293,2.4356,0.8286,0.5191,-14.88,-14.155,12.414,10.794,165.44,2
27.556,21.561,2.6547,0.3811,0.2,19.17,1.3736,12.316,59.98,197.05,2
71.678,28.515,3.2094,0.1615,0.0922,-34.138,-76.644,20.761,29.445,180.82,2
29.366,10.645,2.4775,0.5091,0.2898,-11.427,27.223,-6.9228,46.196,105.1,2
33.782,2.7118,2.1491,0.7356,0.4102,2.3256,2.7114,10.351,11.664,103.6,2
173.26,78.768,4.2821,0.0739,0.0413,-82.339,-125.35,-60.455,79.259,374.57,2
49.88,38.312,3.203,0.1554,0.0874,-28.125,-28.966,27.074,56.821,234.3,2
33.161,9.7812,2.4829,0.4671,0.2813,24.312,23.321,-7.6591,76.83,220.91,2
19.26,6.9794,2.3738,0.8245,0.4334,19.855,13.367,-3.2337,19.662,79.76,2
25.756,19.027,2.6196,0.3842,0.1933,8.2673,24.541,-12.051,38.164,224.12,2
33.06,4.4751,2.5407,0.4565,0.2333,-31.069,0.9317,0.3554,88.117,97.474,2
126.63,65.236,4.3615,0.0547,0.0275,36.674,108.95,47.224,65.741,246.46,2
13.771,13.394,2.6848,0.4082,0.2609,-7.7061,6.4316,4.2146,58.654,151.14,2
47.616,15.439,2.6851,0.3461,0.1926,26.386,30.802,-13.861,54.801,178.15,2
26.667,18.895,2.57,0.4011,0.2005,-7.8127,-21.279,-15.749,85.647,111.33,2
41.922,21.375,2.7247,0.2413,0.1329,0.5782,-21.07,11.825,68.26,198.22,2
12.965,11.179,2.3395,0.746,0.4279,-14.613,6.8501,10.474,78.703,239.5,2
15.806,11.77,2.4298,0.6283,0.3699,-1.2754,3.923,6.9158,15.86,161.7,2
22.388,17.27,2.7427,0.4231,0.2667,4.3399,19.851,7.8956,54.749,121.96,2
24.075,15.545,2.635,0.3986,0.2051,11.541,13.574,10.431,25.081,138.32,2
28.64,15.412,2.6715,0.4085,0.2184,-6.7274,-7.419,7.1966,29.911,124.52,2
101.42,18.752,3.192,0.1748,0.0993,49.151,23.75,10.902,71.094,249.63,2
92.262,19.611,3.1824,0.3641,0.192,-45.217,-55.269,-14.827,8.1172,332.83,2
29.815,6.0577,2.4222,0.5267,0.2451,-6.8689,19.195,-1.059,9.7212,167.65,2
22.861,10.409,2.5938,0.5452,0.3121,-10.668,14.86,5.2222,67.051,69.965,2
26.852,5.3971,2.1385,0.7258,0.39,36.327,4.531,-8.6535,60.869,103.69,2
11.634,9.2012,2.3017,0.8239,0.4821,-9.5585,-12.541,-9.8116,51.885,128.19,2
174.74,33.295,2.6982,0.486,0.2257,-134.57,-173.97,-22.962,32.812,351.4,2
97.412,59.587,3.1378,0.2454,0.1234,66.286,65.139,-51.156,16.034,343.92,2
60.76,38.961,2.983,0.2695,0.1109,8.9804,-14.672,34.85,13.287,271.29,2
149.51,63.438,4.1454,0.0879,0.0442,92.465,74.07,-29.055,53.131,352.49,2
171.62,41.819,3.4395,0.1549,0.0823,-138.07,114.97,38.216,17.327,192.78,2
47.133,5.0732,2.7551,0.3692,0.2252,49.353,31.343,2.8755,35.941,172,2
15.051,12.206,2.4843,0.6623,0.3361,-1.2266,1.9075,-3.2387,62.105,220.54,2
30.062,10.794,2.6096,0.4275,0.215,12.714,20.269,8.0645,45.751,211.15,2
246.85,119.29,3.5087,0.252,0.1403,-235.48,-257.29,-71.543,54.97,347.79,2
137.43,62.234,4.0416,0.1132,0.0642,-25.725,-119.15,-40.048,66.864,348.94,2
143.68,63.466,3.1758,0.3169,0.2086,-152.44,103.98,42.941,36.483,353.26,2
110.63,70.731,3.4703,0.1646,0.1027,-177.38,75.672,-32.366,50.668,374.75,2
209.54,22.362,2.9253,0.2506,0.1443,-130.04,107.64,16.079,61.05,263.96,2
184.71,108.31,3.3591,0.1069,0.0539,-177.72,-135.9,104.93,44.13,222.22,2
17.958,13.544,2.4163,0.4797,0.2531,29.026,8.2243,11.722,19.406,201.08,2
191.07,36.006,3.1867,0.1542,0.0895,186.48,156.16,24.183,30.254,64.884,2
22.037,13.009,2.3349,0.52,0.2428,33.255,7.0413,-9.1354,53.298,25.289,2
26.001,10.406,2.4583,0.6308,0.345,9.6332,20.019,-6.4613,54.416,226.06,2
109.46,18.569,2.683,0.4461,0.2251,-68.199,-107.32,10.697,75.191,182.76,2
22.161,15.369,2.7987,0.2914,0.1358,11.425,-10.366,-20.491,13.592,141.72,2
115.59,15.753,2.7939,0.3305,0.2028,104.38,80.786,-11.347,54.334,234.07,2
40.426,29.616,2.8021,0.3091,0.168,37.932,41.926,-29.731,58.424,203.84,2
21.173,8.1638,2.6635,0.4751,0.2876,-17.606,-10.652,9.2884,68.875,78.868,2
154.81,29.136,3.2806,0.2358,0.1208,40.252,158.99,27.414,0.697,147.76,2
16.19,11.513,2.4857,0.6046,0.3448,-3.4962,6.943,-6.539,77.353,91.544,2
18.035,9.8637,2.3464,0.6486,0.4302,-18.374,-13.972,-2.1193,86.905,135.28,2
81.598,34.273,2.9841,0.1961,0.1001,-38.953,-84.657,26.713,44.911,13.111,2
184.93,98.513,3.4638,0.1265,0.0813,35.366,118.92,16.678,77.319,315.29,2
31.368,8.4352,2.499,0.4881,0.29,9.8845,22.695,9.8578,79.123,193.51,2
94.773,74.473,3.0027,0.3104,0.1987,-10.357,30.044,-62.261,22.41,348.33,2
24.147,18.388,2.5872,0.3565,0.2063,-9.0206,-24.493,-17.053,19.772,103.42,2
199.8,29.331,2.5838,0.4042,0.2099,137.08,190.35,18.519,40.574,126.38,2
32.887,7.9622,2.2486,0.4644,0.2628,39.873,8.4461,10.513,57.791,179.53,2
19.36,1.769,2.171,0.7511,0.3979,-37.868,-13.233,5.7839,11.314,172.78,2
115.49,76.447,4.0864,0.0784,0.0503,9.5026,64.966,-65.99,51.214,235.79,2
29.5,12.61,2.6781,0.3732,0.1762,-10.747,18.629,-3.7865,43.584,266.46,2
80.003,48.256,3.3072,0.1439,0.055,63.486,-39.862,51.399,13.445,245.02,2
21.162,6.6888,2.3065,0.6017,0.4202,-6.0926,12.523,12.555,47.578,218.69,2
13.307,10.48,2.2911,0.7928,0.4476,14.028,5.0004,11.595,29.238,192.65,2
89.426,24.528,2.7154,0.4404,0.2439,-116.67,-27.037,19.793,5.2541,9.1574,2
162.07,32.739,2.9964,0.3972,0.2936,-136.13,-102.83,-26.182,7.1648,360.78,2
145.75,65.33,3.5468,0.1263,0.0734,-176.89,32.384,57.89,15.609,167.39,2
81.193,34.731,2.7545,0.4622,0.2558,-35.779,-80.855,12.618,23.691,101.02,2
13.322,11.86,2.4464,0.6026,0.3442,-14.733,-14.001,7.0609,34.076,150.66,2
103.54,17.47,3.2785,0.3645,0.2279,-51.205,-32.413,14.56,30.381,292.66,2
182.47,37.171,2.9856,0.2622,0.1841,-265.01,172.54,7.6725,14.391,139.69,2
27.479,9.2526,2.6478,0.5342,0.269,20.319,9.4213,3.5276,45.834,102.29,2
46.51,16.717,2.5637,0.431,0.2112,-17.202,-31.11,9.5245,30.022,109.1,2
16.612,7.8423,2.5572,0.5829,0.3371,6.7271,-10.345,-2.324,14.511,214.27,2
29.638,16.53,2.9496,0.2345,0.1847,20.711,16.781,-17.374,66.843,199.6,2
136.37,95.357,3.6573,0.0976,0.0464,90.258,105.02,64.943,25.746,48.812,2
23.904,10.163,2.398,0.5351,0.2727,11.352,13.621,-3.8511,66.986,154.9,2
35.42,18.049,2.6493,0.3027,0.1513,24.563,18.148,13.778,15.25,239.06,2
47.029,21.876,2.8525,0.2472,0.1285,53.011,40.367,-14.123,54.343,237.5,2
20.444,6.2095,2.317,0.8096,0.5614,16.62,18.132,-5.8334,23.101,196.07,2
53.453,25.413,3.0905,0.3574,0.2098,53.338,38.388,20.165,82.219,225.12,2
108.83,20.021,3.3431,0.1505,0.0914,92.534,-53.195,-25.559,81.196,60.374,2
17.625,10.324,2.4609,0.6747,0.3685,4.1532,-9.1952,-7.416,59.709,147.7,2
23.428,17.299,2.6885,0.3238,0.1731,-51.733,31.021,16.953,18.802,253.44,2
42.389,27.174,2.9061,0.2495,0.1273,-44.25,-28.411,25.495,79.013,171.1,2
66.698,15.424,3.0648,0.2329,0.0944,-2.7719,44.039,-17.451,63.919,157.82,2
49.475,20.232,2.8692,0.2932,0.1507,36.162,47.566,16.627,14.397,143.68,2
17.87,15.087,2.3703,0.4966,0.3115,16.574,27.334,5.6102,19.995,180.59,2
17.666,11.127,2.5365,0.4626,0.2646,3.3562,21.224,-11.629,61.347,150.47,2
29.23,9.9358,2.6021,0.5625,0.2938,-12.639,-25.528,-6.916,22.262,171.91,2
26.262,12.133,2.6937,0.5,0.2844,-2.1109,13.612,-0.9647,59.639,201.88,2
95.555,25.058,2.8041,0.3611,0.2221,-90.734,56.734,-7.9498,51.648,198.26,2
27.71,6.6551,2.6514,0.5523,0.3342,18.442,-5.5253,6.7768,29.352,165.77,2
48.175,29.152,2.953,0.2048,0.1094,39.317,19.269,26.078,78.669,156.4,2
31.749,20.926,3.1738,0.3371,0.1773,-9.2991,-26.806,15.482,31.811,185.87,2
20.968,12.013,2.404,0.5128,0.2623,-0.7353,-8.0242,9.9688,77.814,191.02,2
61.674,12.497,3.1383,0.2407,0.124,16.336,41.805,-8.6356,14.396,119.48,2
190.01,133.86,4.9518,0.0158,0.008,187.39,-95.81,97.381,32.083,117.08,2
16.328,13.076,2.2536,0.7581,0.3938,-23.435,20.445,-13.688,47.782,137.81,2
117.12,14.837,3.0446,0.2308,0.1429,-209.66,103.37,-17.481,38.456,263.02,2
69.143,34.746,2.9841,0.2697,0.1789,58.427,58.427,-17.217,77.899,127.91,2
108.63,24.523,3.1259,0.2502,0.1442,96.983,81.102,13.489,15.236,340.21,2
149.42,39.913,3.4418,0.188,0.0978,-104.65,-74.071,-35.324,12.573,300.17,2
19.331,12.252,2.6767,0.5511,0.277,9.4368,14.723,-6.3487,80.629,112.51,2
117,88.19,3.0449,0.1725,0.1225,-41.613,-56.329,9.2071,12.687,279.81,2
13.029,10.954,2.2,0.7571,0.4511,-14.099,5.7807,-10.175,64.87,182.98,2
94.523,37.938,2.944,0.2503,0.1564,38.786,65.551,-26.065,72.073,150.5,2
91.281,15.282,2.5932,0.347,0.1799,59.957,49.262,-9.2647,66.834,83.469,2
16.338,10.774,2.2689,0.5677,0.3161,-12.053,6.7505,-6.9048,6.4471,160.01,2
60.955,27.955,2.9269,0.3148,0.1675,79.488,-32.642,-30.803,50.487,32.926,2
40.811,9.7607,2.6412,0.4273,0.2759,24.34,37.619,10.057,86.296,232.17,2
29.33,12.986,2.5378,0.4406,0.2304,-22.981,-24.318,4.6754,72.755,122.37,2
136.37,36.946,3.4055,0.2488,0.1393,78.48,70.788,-28.544,53.274,378,2
19.512,18.761,2.6613,0.4035,0.2236,26.322,-5.6803,-11.961,43.126,180.66,2
176.85,26.06,3.1201,0.161,0.089,-200.74,-97.122,11.814,59.139,283.94,2
18.78,7.2908,2.3918,0.8073,0.4564,4.8613,-9.835,0.6426,40.37,195.21,2
33.025,16.986,2.3693,0.4665,0.2397,37.467,15.002,-6.7082,0.2951,71.744,2
20.242,12.49,2.385,0.6016,0.39,13.982,24.624,-9.4909,66.647,190.18,2
49.691,9.6084,2.8899,0.3705,0.1837,40.491,31.51,-1.3512,1.7605,104.84,2
95.43,56.616,3.6464,0.1963,0.1102,31.219,83.584,27.852,48.413,333.06,2
147.32,23.53,2.6395,0.4495,0.2603,96.187,143.68,-16.327,15.957,152.73,2
39.723,30.548,2.8557,0.3132,0.2021,-73.386,20.351,31.72,52.074,282.06,2
27.673,21.578,2.8245,0.3628,0.2177,7.7873,-22.427,-15.818,46.882,123.64,2
139.14,89.184,3.6977,0.1659,0.0938,-0.2938,-127.26,-61.044,74.764,337.49,2
262.2,82.294,3.7197,0.1214,0.0619,-299.74,-152.02,34.052,63.299,223.49,2
26.294,8.8099,2.4048,0.689,0.3642,4.8377,23.186,5.0235,78.62,149.05,2
25.432,11.299,2.6191,0.4591,0.2368,35.788,-9.5642,9.2598,27.142,139.64,2
84.882,25.116,3.0601,0.1916,0.1023,-43.287,-51.88,21.244,16.783,225.89,2
161.61,37.659,3.0323,0.3069,0.1891,-145.86,-97.969,28.906,82.686,180.63,2
18.784,14.837,2.3702,0.5558,0.3578,-4.7494,-10.873,-8.938,15.35,93.223,2
38.74,9.7005,2.8663,0.4069,0.2306,24.451,29.222,11.943,15.403,262.1,2
31.506,28.488,2.7701,0.2347,0.1097,11.822,25.477,16.674,84.05,67.945,2
72.588,17.019,2.5857,0.4927,0.2451,26.89,65.955,-12.469,87.302,203.68,2
156.2,27.147,2.8786,0.3024,0.147,133.83,115.19,-4.9812,76.578,69.311,2
33.786,11.595,2.7731,0.4233,0.2538,34.843,28.716,-7.3763,4.4966,123.68,2
23.267,10.297,2.4354,0.5908,0.3725,9.075,17.749,8.6035,74.297,222.43,2
23.324,12.847,2.6399,0.4632,0.3182,-0.9019,10.577,4.3234,28.605,183.37,2
29.32,13.91,2.889,0.4015,0.2046,10.426,-17.775,7.3649,60.788,186.92,2
33.211,14.355,2.5575,0.3601,0.2064,19.739,17.809,-8.3054,7.777,199.22,2
32.287,15.644,2.8323,0.4559,0.2601,-5.6041,-3.8032,7.1785,74.455,167.18,2
43.291,12.319,2.4556,0.3222,0.1629,-68.239,23.896,-11.942,50.883,186.79,2
72.929,23.398,2.7949,0.4179,0.2471,77.636,26.905,-14.932,15.573,57.929,2
262.03,131.23,3.399,0.0992,0.0789,365.65,-134.6,110,62.24,58.365,2
79.292,17.213,2.806,0.2612,0.1531,56.33,51.335,-7.1871,56.702,288.2,2
172.63,30.687,3.1647,0.3641,0.1995,-219.13,100.47,-27.676,49.158,311.77,2
38.446,11.837,2.6513,0.3772,0.2087,54.363,16.397,-7.4008,77.696,88.133,2
37.344,6.4684,2.4016,0.4303,0.2259,44.018,-32.397,-7.391,58.626,164.24,2
35.022,23.471,2.6949,0.295,0.1748,22.275,21.265,4.5088,77.823,84.701,2
21.038,10.204,2.7623,0.5701,0.3461,3.8903,27.541,-9.9291,9.9481,250.78,2
31.292,14.122,2.5959,0.3873,0.2125,-36.895,20.129,-9.0478,81.889,235.68,2
32.108,12.289,2.7287,0.3541,0.1424,-5.8487,18.745,-4.5997,52.327,113.28,2
77.668,17.4,2.6866,0.3951,0.2088,-61.711,-91.239,-11.249,81.67,78.351,2
157.76,106.8,3.4859,0.1892,0.0965,59.753,121.39,127.38,82.307,416.33,2
98.244,13.659,2.1734,0.542,0.2952,83.641,65.669,4.7823,40.455,165.96,2
43.109,32.15,2.8609,0.3388,0.2307,-49.1,-17.274,-12.26,19.44,278.64,2
69.654,32.811,3.1655,0.1858,0.1042,-81.452,-54,-25.496,4.42,247.97,2
33.984,5.0908,2.8407,0.6046,0.3442,-1.2112,17.006,-7.9458,46.603,185.65,2
38.017,27.932,3.0021,0.1809,0.0925,-10.946,-5.9003,-13.323,67.724,225.96,2
94.113,65.521,3.2923,0.0839,0.072,-43.392,76.891,-36.457,29.067,301.35,2
45.968,14.249,2.8168,0.3857,0.2617,49.916,24.329,10.335,61.03,199.61,2
18.809,12.411,2.5547,0.5972,0.33,-0.5259,3.3669,-4.2071,11.882,210.48,2
92.172,29.656,3.2347,0.1204,0.0741,-57.248,-83.898,-12.677,61.762,96.68,2
50.302,18.071,2.7226,0.3125,0.1563,-52.526,-31.668,-14.917,40.14,271.1,2
14.419,12.957,2.391,0.6667,0.4178,-25.158,-20.687,6.5382,77.974,125.52,2
268.56,134.09,3.5845,0.1042,0.0541,325.42,113.35,-101.66,75.239,116.39,2
26.304,9.7314,2.5581,0.5256,0.2697,4.1134,20.723,7.8621,14.677,120.4,2
38.54,20.451,2.7214,0.3324,0.2194,-2.0651,15.796,-19.898,86.265,260.97,2
37.134,11.966,2.3573,0.4826,0.2705,-27.205,-18.253,-6.1182,74.435,146.87,2
17.406,11.101,2.4232,0.5509,0.3038,-0.419,4.4867,-4.9833,14.327,240.81,2
195.48,89.403,3.6437,0.0799,0.0508,162.33,149.8,-98.936,85.681,172.04,2
44.379,14.315,2.8704,0.4363,0.2825,33.164,36.073,9.8899,60.456,162.18,2
12.567,11.874,2.0663,0.6867,0.3734,16.28,-10.128,0,52.829,112.95,2
25.872,13.474,2.1845,0.7215,0.4289,13.677,-13.675,-8.0402,4.6845,120.89,2
19.463,10.566,2.4048,0.6181,0.372,7.1088,-16.58,9.3113,64.519,166.18,2
32.682,13.546,2.6473,0.3673,0.1707,14.952,9.8967,8.3052,75.265,102.28,2
23.038,14.38,2.532,0.4829,0.2586,-3.4681,16.548,-6.0391,61.935,144.8,2
29.198,5.5862,2.2863,0.8092,0.5875,14.683,13.409,-8.3881,83.602,237.95,2
41.989,11.468,2.6592,0.3039,0.1857,35.877,11.311,18.548,70.96,106.35,2
35.27,19.364,2.7419,0.317,0.1821,-40.545,-27.359,16.449,80.9,63.119,2
12.953,9.8511,2.2911,0.8031,0.5601,11.41,8.4522,8.6573,85.434,226.16,2
20.752,14.927,2.4518,0.5555,0.3881,4.6303,33.233,-12.953,57.123,205.18,2
18.336,10.309,2.281,0.6126,0.3272,-1.9974,8.2036,6.2581,68.254,62.523,2
29.842,11.05,2.2857,0.4764,0.2834,-3.9082,-16.101,-8.3781,62.56,142.36,2
98.347,41.869,2.9761,0.3423,0.1791,-66.429,-87.818,-32.478,26.902,343.84,2
63.144,21.225,2.8404,0.3235,0.1682,48.685,55.492,18.033,64.627,197.54,2
174.26,41.904,3.4632,0.1408,0.0793,-205.99,-80.082,36.505,34.585,261.82,2
15.899,9.9494,2.5267,0.5282,0.2889,-5.5882,0.0313,-4.6896,16.275,229.85,2
24.932,10.266,2.6599,0.5624,0.3972,-7.8858,-17.624,-8.7603,79.932,215.17,2
54.171,9.4098,2.5176,0.5001,0.2612,-44.88,-39.105,8.5896,35.852,120.09,2
158.73,73.677,3.9326,0.0864,0.0436,63.467,104.76,-90.159,13.886,169.68,2
12.476,11.996,2.2776,0.6913,0.3509,15.627,-7.1308,11.075,49.985,134.66,2
18.458,16.733,2.6313,0.5278,0.294,3.9328,-15.589,-7.0676,67.526,139.54,2
58.089,12.089,2.4784,0.4855,0.2431,-65.625,-32.518,11.251,49.106,297.83,2
271.45,117.46,4.6113,0.0328,0.0246,-353.93,-180.85,-65.228,73.282,198.66,2
27.169,10.332,2.7701,0.5671,0.2844,31.173,22.887,-11.889,26.81,185.8,2
59.565,30.212,2.4631,0.3373,0.1876,49.577,58.328,24.338,78.088,229.75,2
159.28,76.142,4.2712,0.078,0.0392,-136.41,-121.95,-42.039,79.626,373.05,2
97.719,24.383,3.0476,0.2336,0.0846,53.858,65.654,10.087,42.169,247.52,2
41.733,13.43,2.7505,0.4336,0.229,6.9762,-9.1693,-5.939,55.042,43.047,2
122.66,72.594,4.1544,0.0732,0.0368,-70.368,76.121,-44.827,27.926,260.48,2
58.434,5.2287,2.9325,0.3411,0.1863,-80.623,-27.995,8.6125,41.862,114.12,2
225.01,94.456,3.5426,0.111,0.0675,-293.09,143.32,-99.104,77.525,110.93,2
85.632,32.14,3.0899,0.2561,0.1484,71.467,76.997,23.892,55.501,157.23,2
187.9,84.402,3.7659,0.1355,0.0552,-105.99,-270.19,-37.172,8.5801,345.43,2
21.914,11.041,2.3284,0.5775,0.3404,15.62,18.812,4.7082,68.016,121.57,2
30.803,13.158,2.6352,0.4338,0.2788,-2.8666,18.485,8.8008,69.806,76.112,2
78.14,14.945,3.1257,0.2518,0.1266,-93.392,63.755,-20.046,32.318,245.43,2
146.11,44.118,3.3302,0.1411,0.0923,-76.474,92.564,54.752,43.407,246.61,2
63.122,35.9,3.2316,0.1808,0.0743,5.8723,-44.063,36.337,56.352,186.8,2
181,58.408,3.4596,0.2384,0.1279,37.388,-133.41,-55.998,41.742,316.48,2
162.72,65.607,3.3965,0.1902,0.1073,-278.47,129.75,-40.497,35.443,261.76,2
192.29,134.7,4.0202,0.0845,0.0547,-91.576,-159.2,-133.14,60.379,329.03,2
92.941,20.897,3.3017,0.3605,0.2304,30.22,-39.877,-19.34,20.183,364.11,2
117.56,43.438,3.0344,0.1877,0.0783,63.708,109.68,-24.085,29.953,149.87,2
34.047,10.768,2.7645,0.4592,0.2709,13.549,32.387,9.8052,57.166,211.04,2
155.22,30.72,3.5456,0.0953,0.0734,-144.62,87.985,-27.788,37.443,225.23,2
73.864,37.499,3.9212,0.1278,0.0662,55.246,67.759,-34.839,16.633,177.44,2
19.805,9.2711,2.2593,0.6108,0.3131,3.9922,-1.4499,7.2162,70.705,177.78,2
41.612,10.146,2.9077,0.3871,0.2022,-41.348,-28.257,-7.9844,85.684,250.14,2
13.018,11.202,2.0774,0.7531,0.3808,-14.989,2.8889,-11.813,3.767,135.28,2
41.116,13.702,2.5218,0.4571,0.2662,-40.776,-10.68,-11.567,61.992,186.26,2
126.61,41.933,3.461,0.2103,0.1233,-129.05,-120.06,-15.783,29.611,369.93,2
130.24,75.412,3.3531,0.1082,0.0583,-106.55,106.76,68.761,14.274,231.03,2
26.919,17.369,2.7498,0.4678,0.2777,-36.227,-23.633,-9.253,73.603,92.611,2
27.214,12.294,2.7243,0.4283,0.2142,-3.8718,-23.86,8.6578,67.802,37.233,2
152.41,53.017,3.1078,0.2442,0.1259,-196.62,98.178,35.428,33.579,245.88,2
37.547,11.498,2.3046,0.5332,0.3233,15.536,19.157,-8.7005,18.682,159.3,2
39.506,12.045,2.7835,0.4,0.2296,45.089,24.437,9.1508,16.789,207.26,2
135.92,110.86,3.284,0.1238,0.0632,-117.03,100.5,-91.779,61.485,202.2,2
153.07,49.213,3.816,0.1555,0.0832,-150.35,-126.18,-37.336,36.077,352.28,2
122.45,111.84,4.1365,0.0512,0.0436,-127.1,-82.54,98.237,68.029,301.44,2
46.408,12.666,2.6435,0.3477,0.2148,-7.1063,29.857,7.4715,67.365,205.31,2
22.608,14.862,2.5966,0.5342,0.3354,7.0046,22.016,12.735,54.041,193.96,2
34.372,17.731,2.2766,0.4123,0.1999,-19.813,-31.589,9.4168,10.204,92.138,2
18.412,10.534,2.5694,0.5391,0.2871,-24.23,-8.4522,-2.6289,26.715,234.5,2
33.059,9.8136,2.4371,0.5123,0.2668,-23.055,1.2975,-8.9894,25.501,139.18,2
37.178,20.296,2.7569,0.3837,0.1931,14.74,36.19,-26.045,34.511,257.37,2
76.009,21.929,2.7563,0.3418,0.2235,-96.081,46.85,19.788,42.611,210.97,2
34.331,17.494,2.6753,0.3696,0.2059,31.245,31.668,-13.938,17.726,256.08,2
141.12,91.116,4.3983,0.0689,0.0369,51.649,-39.22,-56.566,87.147,378.7,2
107.62,50.426,3.7709,0.099,0.0622,29.83,128.4,-25.011,67.635,239.56,2
40.416,7.9492,2.7712,0.4623,0.2312,42.606,13.477,3.6385,27.25,160.04,2
105.15,51.4,4.1876,0.051,0.0383,-114.36,83.083,-29.099,40.155,306.17,2
17.172,10.759,2.5315,0.6382,0.3838,-2.1218,6.6094,7.5741,55.515,92.871,2
15.582,12.809,2.4522,0.7167,0.369,-8.2746,23.053,-12.616,51.436,106.81,2
25.813,10.451,2.6149,0.4757,0.2852,-9.7627,-11.646,-5.8002,67.839,220.15,2
28.602,0.0034,2.534,0.652,0.4254,7.6315,20.989,0.0001,66.546,169.92,2
214.44,42.628,3.4237,0.15,0.0828,-130.32,-213.46,18.247,4.014,231.81,2
19.687,12.264,2.5629,0.5773,0.4227,14.135,17.202,9.5648,44.577,225.46,2
83.856,54.269,3.3099,0.1801,0.0828,-31.219,-53.695,32.699,33.918,212.85,2
119.58,25.345,3.3591,0.3264,0.1766,62.727,43.521,23.318,29.724,369,2
21.47,12.641,2.4273,0.5196,0.3047,-15.83,-14.986,5.2936,4.589,151.69,2
41.07,7.6731,2.69,0.5525,0.3202,-20.965,7.7756,-4.0289,33.073,99.367,2
38.19,10.864,2.5152,0.3603,0.1878,3.1457,12.367,-2.9638,28.157,261.57,2
98.881,61.557,3.3307,0.174,0.1221,2.3314,85.229,51.343,20.272,301.36,2
158.6,69.683,4.5348,0.0387,0.0196,-185.99,96.696,-37.898,28.954,227.68,2
20.665,12.632,2.3589,0.5208,0.3304,15.652,15.338,5.2813,54.346,244.19,2
85.557,33.266,3.0485,0.3102,0.1951,-55.867,-55.63,-25.296,29.205,324.51,2
84.683,24.459,2.7284,0.3554,0.2399,-51.948,-71.933,-16.224,57.642,136.4,2
26.819,14.51,2.3473,0.4809,0.2539,8.8297,17.57,15.885,68.33,29.259,2
123.48,74.208,3.7935,0.0979,0.0399,-128.79,49.383,22.276,45.182,261,2
26.293,10.459,2.5226,0.6726,0.3524,0.6667,7.502,15.203,4.245,130.48,2
90.974,23.004,2.9382,0.4806,0.3666,-76.239,-48.991,-28.965,6.4514,304.04,2
57.624,26.148,3.2048,0.3495,0.19,-55.881,-33.048,11.936,3.3411,285.53,2
16.836,13.793,2.4627,0.5544,0.3164,18.179,1.7241,-9.4202,57.052,136.79,2
120.66,29.68,3.2688,0.1974,0.0985,-139.61,63.798,-30.094,19.09,276.39,2
18.229,0,2.2443,0.8319,0.6296,-1.0258,4.6436,-0.0001,79.47,158.55,2
14.654,13.592,2.511,0.642,0.3613,13.355,12.995,-12.02,49.626,188.73,2
71.761,20.144,2.8363,0.5026,0.3197,-87.979,-47.066,-14.939,48.443,288.65,2
20.935,18.665,2.6985,0.4444,0.2412,3.441,-11.928,-15.538,12.404,80.861,2
51.425,11.16,2.9574,0.3331,0.2002,57.31,30.231,8.6606,18.002,220.21,2
30.293,9.8995,2.8739,0.3393,0.1639,37.847,33.317,3.4861,38.876,252.99,2
55.051,21.621,2.9978,0.2844,0.1949,-16.213,38.259,-4.7076,77.291,207.45,2
31.15,12.071,2.2934,0.4816,0.2676,0.2957,-2.4854,-10.896,5.5107,138.74,2
21.942,11.837,2.4158,0.6257,0.3896,-20.837,-17.503,9.4129,54.355,218.82,2
14.661,8.4453,2.4693,0.6919,0.358,-0.5399,1.4321,3.6084,67.693,108.92,2
26.295,10.401,2.6031,0.5611,0.3254,30.572,17.124,-9.279,22.217,243.99,2
29.833,19.853,2.6928,0.4523,0.2424,13.425,24.816,14.476,50.398,280.73,2
56.159,13.676,3.0076,0.245,0.1303,-44.56,27.621,-1.4596,73.768,257.27,2
53.079,32.718,3.1807,0.1596,0.0821,-23.544,-46.723,-26.777,15.94,168.44,2
201.4,145.86,3.463,0.1076,0.0599,-21.853,-219.99,163.27,72.881,307.73,2
21.231,17.263,2.7789,0.5324,0.3003,17.536,22.549,-10.071,36.584,215.94,2
100.02,46.527,3.1029,0.3377,0.1905,-66.988,-102.57,37.02,26.489,405.54,2
98.14,70.196,3.1603,0.1249,0.0753,-163.59,65.848,46.545,39.27,180.46,2
31.177,2.6499,2.5881,0.5414,0.3204,4.5216,17.88,14.721,26.421,134.31,2
77.949,23.431,3.1134,0.2796,0.1613,-28.173,-86.338,13.327,52.036,183.83,2
50.277,17.643,2.9495,0.2434,0.1593,14.518,50.216,-8.3708,2.6069,220.79,2
41.567,25.081,2.8089,0.3292,0.1793,20.558,31.216,19.625,28.306,196.27,2
29.798,9.9269,2.6981,0.6092,0.4679,16.871,30.705,-10.185,8.6839,227.77,2
33.625,16.254,2.7296,0.3262,0.1668,-14.209,-24.5,-12.002,61.152,219.4,2
18.28,10.905,2.6055,0.6662,0.3811,4.1718,8.5354,-6.77,62.513,219.85,2
183.81,68.418,3.482,0.1972,0.1032,-149.81,-161.74,-49.725,54.467,333.51,2
79.337,17.604,3.2275,0.1978,0.1033,85.356,34.221,12.684,45.673,180.77,2
28.971,10.932,2.5938,0.4881,0.254,16.705,32.062,10.051,32.908,150.72,2
118.38,45.558,3.7139,0.1477,0.0713,-65.709,-69.49,-17.297,51.927,374.85,2
29.9,11.765,2.7705,0.4953,0.3096,28.023,23.922,8.9583,20.46,278.63,2
36.617,9.0362,2.7462,0.4951,0.2915,28.17,29.664,-5.9013,14.718,81.042,2
65.048,33.806,2.8254,0.2313,0.1398,-85.132,42.901,-17.125,54.128,146.62,2
138.82,59.535,4.5025,0.0255,0.024,-28.868,-115.86,26.126,82.541,180.22,2
34.535,10.596,2.6822,0.5039,0.3066,-26.738,-10.12,8.0819,13.696,137.36,2
138.35,115.05,3.4943,0.1,0.0511,-256.36,-78.349,130.49,84.652,217.35,2
49.832,9.0847,2.8947,0.3927,0.2105,26.404,37.093,3.4111,22.292,270.69,2
174.58,58.453,3.458,0.184,0.0971,-137.26,-198.16,45.505,27.512,359.13,2
22.163,14.817,2.5648,0.4088,0.2925,14.351,17.338,-13.719,67.583,201.66,2
25.486,12.612,2.4371,0.5302,0.2921,14.139,17.317,5.5295,78.219,196.3,2
33.639,6.2984,2.6922,0.5162,0.3125,29.192,16.683,0.7437,3.0282,166.05,2
103.01,30.701,3.1609,0.3051,0.1841,-133.53,-74.094,-23.208,13.951,393.16,2
91.438,54.211,3.0678,0.2302,0.1009,33.616,89.694,44.86,52.542,311.51,2
22.338,11.821,2.3512,0.5212,0.3274,26.175,12.423,-10.483,79.532,236.45,2
33.511,10.859,2.6799,0.4598,0.2435,35.13,28.949,-6.3518,9.962,87.856,2
19.191,12.519,2.5309,0.4956,0.2912,11.489,19.284,10.486,48.962,53.425,2
34.658,27.198,2.8974,0.2345,0.1272,-5.9433,29.622,11.231,55.575,100.25,2
24.09,10.625,2.3738,0.4863,0.2812,5.3342,18.921,-7.1366,89.215,179.87,2
24.336,12.977,2.3463,0.5901,0.3706,17.35,26.1,-2.5712,81.653,122.63,2
26.017,11.964,2.4807,0.5256,0.2992,27.992,22.187,-10.513,29.352,176.43,2
26.511,9.7752,2.2636,0.4578,0.2425,15.681,-17.868,-4.9654,50.414,121.64,2
120.78,90.066,4.306,0.0525,0.0277,63.298,84.907,-52.415,24.028,235.67,2
24.149,7.9715,2.5248,0.5343,0.2614,0.3688,19.632,1.6278,52.319,219.05,2
19.849,12.899,2.3847,0.5567,0.3155,-12.173,-10.73,7.9112,55.093,168.97,2
86.434,15.506,3.0974,0.2165,0.1123,11.263,56.248,10.893,50.13,112.13,2
116.94,28.294,2.933,0.3337,0.1779,87.019,-100.59,-27.909,39.109,389.58,2
187.85,70.682,3.2289,0.1872,0.112,-199.31,-191.24,-57.58,48.696,307.63,2
16.543,10.441,2.3801,0.5896,0.3151,22.205,8.8734,12.644,30.006,214.65,2
30.416,17.422,2.8274,0.3839,0.2195,15.771,24.394,-15.057,68.21,236.15,2
32.04,12.217,2.6464,0.3928,0.2201,-8.2516,14.963,8.6349,68.342,165.94,2
38.594,28.224,2.839,0.2595,0.1366,10.649,22.497,23.701,35.426,213.82,2
49.019,8.4717,2.4495,0.4938,0.2682,17.334,33.327,6.9512,18.263,194.07,2
29.72,8.096,2.3856,0.5432,0.2984,34.684,19.111,-6.2016,74.889,194.74,2
37.92,11.355,2.6675,0.4344,0.2591,32.137,29.803,-8.7558,78.837,215.4,2
59.265,32.669,3.1407,0.2452,0.111,37.875,-43.451,21.857,50.876,164.32,2
23.688,6.043,2.4771,0.7533,0.5417,-3.3438,-18.512,4.8497,82.575,198.4,2
23.839,14.978,2.7109,0.3858,0.1863,38.593,21.369,-2.2535,20.341,188.51,2
98.921,28.231,3.3235,0.1894,0.1196,-66.28,72.799,-19.041,53.078,272.85,2
16.615,8.1628,2.2398,0.7755,0.4484,2.5299,7.3005,7.0495,76.394,197.2,2
20.776,6.6796,2.3021,0.7781,0.4813,19.531,15.878,5.9283,39.242,149.96,2
85.699,16.538,3.2141,0.1944,0.0864,18.166,68.469,14.535,39.035,177.91,2
40.903,9.2502,2.6684,0.2916,0.157,32.466,-18.36,-11.48,66.424,126.09,2
61.253,32.766,3.1798,0.3516,0.2449,-32.571,22.62,26.703,35.91,313.2,2
25.872,6.7396,2.5552,0.5595,0.307,-28.134,11.345,-7.5294,83.07,227.05,2
27.502,8.8141,2.5153,0.6846,0.3862,15.234,15.454,15.513,55.914,121.43,2
27.816,10.083,2.09,0.6972,0.3589,41.278,3.1957,-7.9897,55.522,132.02,2
125.48,35.787,3.2037,0.1833,0.0942,-153.59,-91.274,26.997,19.767,180.86,2
18.648,10.415,2.5353,0.5364,0.2726,25.225,6.526,4.0545,12.314,212.06,2
39.262,15.392,2.8469,0.4039,0.2022,2.5699,-28.483,-3.0056,69.966,239.68,2
242.83,50.786,3.4142,0.1141,0.0654,-255.11,171.55,-40.867,48.457,132.54,2
29.701,16.34,2.7631,0.5338,0.3032,18.569,28.248,-18.374,54.913,145.01,2
37.502,10.237,2.8379,0.4299,0.2709,19.716,33.637,-7.7044,56.327,202.8,2
33.349,32.746,2.9191,0.2946,0.1373,30.892,25.478,26.895,20.799,241.7,2
122.1,78.085,4.3196,0.0507,0.0264,74.847,-65.015,-59.682,55.627,259.11,2
132.75,40.953,3.4564,0.1266,0.0648,-321.58,154.83,14.864,9.8339,119.64,2
159.77,43.038,3.2576,0.1154,0.0623,73.358,92.816,-41.623,32.7,203.25,2
52.951,18.464,2.8982,0.2402,0.1321,-11.536,36.653,10.542,15.776,243.85,2
54.226,32.547,2.8447,0.4035,0.2944,3.2803,39.128,19.421,0.2295,161.1,2
24.345,12.511,2.7384,0.4621,0.2475,14.552,-9.2568,9.0784,13.451,119.62,2
83.619,39.121,2.9829,0.1841,0.1062,-29.087,-84.015,28.163,41.674,16.42,2
38.178,20.411,3.0041,0.2534,0.1457,-15.52,18.248,-20.021,14.325,97.548,2
53.051,8.7223,2.8438,0.4071,0.2126,4.064,21.311,-6.1979,68.471,250.04,2
74.687,19.136,2.8624,0.4022,0.2258,61.918,61.951,12.192,21.453,152.81,2
32.77,18.524,2.4639,0.433,0.2285,5.8166,31.564,13.848,42.442,132.53,2
41.692,14.75,3.0702,0.3008,0.2007,-53.276,-20.804,-8.7822,59.571,177.31,2
125.1,29.499,3.1449,0.2471,0.1264,-134.85,-81.564,-23.058,74.278,80.752,2
28.575,9.4561,2.4256,0.5427,0.3178,-12.93,-16.616,-11.885,51.616,67.393,2
21.249,15.242,2.5966,0.5063,0.3152,9.6945,12.139,12.128,56.632,132.59,2
25.934,16.138,2.5599,0.4969,0.3631,6.9807,11.567,-10.976,43.206,217.84,2
35.281,7.7802,2.3454,0.4876,0.3002,0.5132,19.13,4.1747,69.984,206.57,2
122.36,40.955,3.4474,0.1788,0.1019,-114.13,-93.736,26.78,13.506,291.36,2
178.51,24.497,3.1675,0.1707,0.0908,-100.32,-57.057,12.94,57.077,263.35,2
254.64,116.41,3.6089,0.1929,0.0856,400.28,-224.4,91.036,57.83,186.45,2
118.77,27.181,2.8132,0.3339,0.1783,-85.839,63.685,14.265,32.804,255.63,2
155.53,64.297,3.2261,0.2989,0.1797,-153.62,-92.426,-57.905,63.739,329.15,2
72.802,28.479,2.6566,0.2521,0.1497,-84.841,53.898,14.28,20.59,271.66,2
114.77,21.202,2.6575,0.319,0.1595,70.679,138.18,-11.999,42.83,152.03,2
20.687,11.381,2.3082,0.6201,0.3162,-18.78,-12.051,-11.229,50.176,128.39,2
177.19,82.239,4.0925,0.0471,0.0443,-174.05,-56.515,80.877,4.1574,191.96,2
32.274,13.87,2.6782,0.4554,0.2719,-20.508,-13.116,-12.763,16.569,197.29,2
59.783,12.779,3.0086,0.3265,0.175,-24.558,41.176,-3.0207,59,192.86,2
138.45,57.603,3.4958,0.2004,0.116,-94.86,82.429,-32.239,11.89,244.22,2
22.27,16.828,2.6444,0.5329,0.2959,25.328,18.831,-12.565,15.229,177.23,2
21.359,12.29,2.3294,0.5012,0.2506,29.888,-11.359,7.5619,69.841,230.3,2
29.23,9.9358,2.6021,0.5625,0.2938,-12.639,-25.528,-6.916,22.262,171.91,2
144.41,34.406,2.9643,0.4473,0.2253,-96.105,-126.46,31.441,30.501,388.36,2
23.391,11.212,2.816,0.4598,0.2663,-3.2584,-8.4222,5.3094,79.837,60.869,2
94.495,57.281,3.3932,0.2177,0.1506,-15.98,-81.888,-45.91,51.672,346.76,2
19.029,9.3176,2.4886,0.6721,0.362,-2.3466,8.9353,6.0753,25.91,202.92,2
32.108,16.47,2.5637,0.3751,0.1946,68.769,16.481,-11.554,75.043,187.09,2
28.564,17.5,2.5403,0.464,0.2637,3.6283,-19.332,13.896,70.517,139.06,2
103.92,67.535,4.0748,0.1339,0.0693,-107.79,-73.643,-22.957,16.946,372.68,2
22.571,17.127,2.5994,0.3736,0.2023,23.465,23.261,6.5537,6.5907,231.36,2
65.368,22.761,2.613,0.56,0.3235,-35.799,-68.712,-4.1928,42.009,323.65,2
59.49,25.044,2.5784,0.3865,0.2638,-15.364,46.781,-7.0419,66.069,198.96,2
22.756,5.5127,2.6449,0.6296,0.3486,28.602,13.555,3.3594,60.515,191.14,2
76.744,15.044,2.8322,0.3414,0.1832,85.1,40.806,11.362,14.803,191.31,2
31.753,8.9225,2.3128,0.5012,0.2895,9.6952,23.888,9.6464,85.997,136.5,2
22.903,20.599,2.8038,0.3975,0.2364,0.3357,-9.782,-21.445,39.788,187.34,2
57.041,24.723,2.9848,0.204,0.1072,41.548,45.05,-10.007,6.0385,161.63,2
25.913,10.514,2.4381,0.7156,0.3672,-29.533,-6.1689,-1.3718,42.753,242.37,2
22.27,16.828,2.6444,0.5329,0.2959,25.328,18.831,-12.565,15.229,177.23,2
137.16,60.416,3.4747,0.0969,0.0498,-68.492,-115.42,66.002,24.967,93.613,2
27.305,17.284,2.6662,0.3415,0.185,-30.663,5.4327,12.484,76.895,246,2
32.904,9.7782,2.2836,0.5119,0.2676,32.59,18.265,-11.533,81.321,167.89,2
40.443,19.339,2.8919,0.3039,0.1497,34.189,-8.1638,-5.984,3.3124,111.95,2
126.08,74.85,3.3144,0.1081,0.0555,-204.62,85.066,-53.336,16.118,286.7,2
140.58,33.877,2.9959,0.2161,0.1106,126.11,113.49,-8.1873,87.347,113.65,2
104.79,6.6169,2.6583,0.352,0.242,-57,-75.361,6.0678,72.233,89.867,2
16.173,8.3216,2.2174,0.8383,0.5297,0.187,5.7161,-14.027,81.665,138.8,2
118.41,21.112,2.6052,0.5898,0.4158,67.334,112.55,9.6168,80.059,241.49,2
168.62,95.434,3.6384,0.1288,0.0565,-165.1,-62.398,-87.2,31.76,185.76,2
48.166,23.613,3.0844,0.28,0.1634,-20.88,-51.714,13.803,89.053,144.56,2
106.05,23.316,2.8762,0.4761,0.2773,-90.551,46.571,-13.922,21.054,251.72,2
44.235,14.356,2.88,0.4258,0.2406,40.782,41.182,16.028,5.248,268.17,2
21.646,12.442,2.4907,0.5234,0.2956,25.004,15.242,-10.377,66.525,233.09,2
31.716,8.6998,2.7396,0.541,0.2851,1.8737,13.191,5.167,26.937,141.01,2
91.718,75.679,3.5625,0.21,0.1247,-19.604,59.615,-60.559,53.553,302.1,2
85.817,13.765,3.2348,0.4462,0.2317,-60.603,-52.67,-4.854,10.411,374.57,2
17.388,10.629,2.5821,0.6335,0.3835,-1.553,6.1826,-7.47,89.013,258.26,2
26.585,12.371,2.695,0.5167,0.3219,-0.2325,-17.869,-9.6102,68.679,189.64,2
28.272,16.101,2.4533,0.4824,0.2447,20.526,25.178,-11.374,40.248,217.19,2
38.572,12.566,2.5132,0.5061,0.3236,-26.119,-27.791,6.9751,12.14,163.31,2
49.325,10.673,2.7115,0.3378,0.1772,35.377,21.292,2.8949,15.149,207.24,2
22.044,9.4673,2.4552,0.532,0.3318,7.941,23.812,-9.9239,82.205,172.14,2
36.86,13.989,2.6138,0.4209,0.247,14.561,18.69,-10.465,74.455,219.65,2
42.053,32.593,3.1266,0.1868,0.0871,28.613,30.936,20.89,10.659,253.61,2
66.659,10.625,2.936,0.3272,0.1893,39.156,47.896,8.7789,30.152,235.69,2
104.72,82.175,3.7795,0.0694,0.0328,-76.511,104.2,-73.865,71.127,178.45,2
44.285,11.546,2.9766,0.3356,0.2201,15.229,31.16,5.1261,29.917,192.75,2
22.67,11.454,2.3883,0.5358,0.3252,-27,-11.049,-10.979,29.929,208.53,2
122.2,32.998,3.065,0.3466,0.2145,124.72,91.417,17.666,43.319,176.67,2
61.169,3.8862,2.8015,0.4108,0.2313,10.689,31.129,9.0903,49.816,151.88,2
251.21,112.91,3.8177,0.1642,0.0824,-191.13,-219.22,-112.08,59.836,297.43,2
28.216,23.124,2.8064,0.3148,0.1677,3.0899,-22.596,17.173,69.441,207.25,2
128.63,21.68,2.7749,0.2636,0.1335,101.38,128.97,-11.592,3.1073,221.05,2
30.117,14.297,2.6149,0.3932,0.1978,39.646,15.399,10.048,14.588,70.793,2
13.125,9.6598,2.2889,0.8226,0.5527,11.58,8.9799,-10.336,32.286,148.09,2
21.148,17.842,2.5192,0.5567,0.3525,13.59,21.049,-7.5893,3.895,196.06,2
31.949,20.284,2.6172,0.4191,0.2436,24.293,18.162,-10.382,66.528,250.64,2
197.74,52.617,3.3507,0.1592,0.0814,-108.83,-270.64,38.676,1.161,269.19,2
160.68,25.033,3.0186,0.3442,0.2136,-121.98,-56.529,-14.583,19.562,322.68,2
73.299,36.012,2.9003,0.3682,0.1699,-20.709,-100.22,26.665,36.62,247.38,2
12.975,11.133,2.1717,0.7475,0.4343,14.491,-6.7709,10.264,66.951,111.27,2
97.993,40.837,3.1827,0.1393,0.0703,-125.43,-66.7,40.241,74.947,211.44,2
34.877,10.916,2.7528,0.417,0.2677,32,25.041,-7.3443,34.438,86.954,2
69.286,15.825,2.9435,0.2996,0.1628,57.391,44.826,11.777,33.051,273.82,2
29.763,0.0002,2.3909,0.6504,0.3557,-0.0001,-0.0001,21.898,28.716,207.37,2
96.032,39.933,3.0166,0.3118,0.1593,60.855,97.046,-32.114,69.849,264.67,2
174.17,109.01,4.7552,0.03,0.0151,-96.713,-132.77,46.317,56.991,238.1,2
61.773,52.96,3.0999,0.2768,0.1635,9.7267,-57.213,57.351,18.142,23.66,2
16.415,12.599,2.5743,0.5914,0.32,17.278,10.716,-4.9255,5.2563,203.92,2
108.88,26.494,2.5521,0.345,0.1865,-104.08,51.161,18.18,22.681,291.13,2
22.315,13.401,2.5431,0.5866,0.3209,0.3115,-9.8189,-14.005,56.8,135.81,2
26.976,14.043,2.4969,0.4682,0.2436,19.008,12.902,3.6409,0.6298,139.01,2
79.107,33.344,3.051,0.2454,0.1312,54.225,76.268,16.728,21.683,122.77,2
54.452,19.561,2.7723,0.4426,0.261,-74.44,33.958,-5.22,23.702,268.33,2
21.234,15.442,2.5569,0.5936,0.3454,3.3138,12.897,7.3392,68.025,229.44,2
91.687,79.949,3.387,0.1989,0.1077,-131.3,55.266,69.347,51.761,256.13,2
179.97,146.53,3.5626,0.156,0.0839,-128.97,-207.84,-127.11,78.073,282.72,2
56.467,36.497,3.0694,0.3149,0.1951,-40.374,-42.062,-20.89,13.979,123.4,2
67.859,11.633,3.0243,0.3688,0.1962,30.63,60.206,5.3186,12.123,240.96,2
268.38,28.488,3.3417,0.1011,0.0549,-381.73,142.1,-11.16,1.607,95.357,2
83.42,54.095,3.4037,0.2846,0.1697,20.146,57.101,29.864,45.474,398.52,2
132.51,58.004,3.6468,0.1966,0.1138,2.428,-137.16,16.547,64.93,293.45,2
141.21,54.24,3.7426,0.1595,0.0798,119.34,125.45,-58.434,44.804,221.43,2
104.59,37.17,3.2437,0.2562,0.1144,-80.586,-99.253,-24.578,8.4966,393.31,2
55.156,34.302,3.0412,0.2592,0.1323,71.522,41.412,29.902,28.876,277.29,2
39.682,10.64,2.5304,0.3853,0.1783,9.5617,32.088,-10.107,44.299,150.04,2
42.459,14.835,2.6808,0.3191,0.1804,34.693,29.712,-15.002,38.663,227.95,2
106.85,30.458,3.2882,0.1341,0.0692,70.971,118.09,19.081,80.917,191.47,2
21.61,0,2.1446,0.7885,0.4695,3.2256,-11.817,0,75.148,188.15,2
17.635,2.6886,2.2643,0.8113,0.4895,4.914,7.0239,3.2227,26.587,208.57,2
124.74,57.388,3.0288,0.2461,0.1268,-88.617,-125.87,-34.973,0.618,393.55,2
35.573,30.818,3.0443,0.2122,0.1242,23.634,-23.636,-11.966,22.69,197.84,2
31.234,9.6561,2.7196,0.4312,0.2428,-24.444,2.0028,5.932,50.975,46.671,2
160.02,87.249,3.7434,0.1208,0.0431,94.553,-146.13,56.264,86.121,329.58,2
14.065,9.6209,2.4112,0.6626,0.3363,1.4273,12.507,9.058,11.38,109.06,2
41.853,24.311,2.744,0.3782,0.2016,17.745,36.986,-23.292,60.097,263.63,2
67.074,20.19,3.0844,0.4584,0.3572,-33.138,-61.322,-4.2609,12.483,290.13,2
24.727,12.569,2.5046,0.4493,0.2283,-22.352,23.746,-5.9642,45.155,236.49,2
27.462,14.544,2.6972,0.4076,0.2139,-7.2916,15.99,-10.396,14.457,199.62,2
104.15,62.185,3.1396,0.1714,0.0602,-65.458,-64.704,-45.973,86.529,122.93,2
62.207,16.278,2.6527,0.4627,0.2458,-68.45,34.939,-11.339,4.6144,81.709,2
104.15,86.151,3.9265,0.1809,0.07,0.9244,-69.813,-61.118,88.047,355.99,2
49.142,17.62,2.8887,0.3178,0.1893,11.501,-40.471,-12.977,12.719,220.45,2
108.52,44.477,3.0955,0.2651,0.157,126.52,72.031,16.206,25.055,262.21,2
58.746,17.087,2.8142,0.4156,0.283,-38.109,-44.526,-9.029,36.363,204.63,2
121.29,35.316,3.2188,0.1474,0.0873,-82.26,-103.83,-9.1555,62.234,179.88,2
32.34,11.588,2.5982,0.3959,0.2216,42.656,19.921,6.4039,49.599,143.03,2
23.02,9.5145,2.6082,0.516,0.2876,-33.494,-3.6208,4.5162,60.018,225.92,2
25.548,17.872,2.7033,0.4059,0.2228,-21.459,-21.574,-10.908,13.798,149.04,2
54.363,35.487,2.9901,0.3386,0.2041,-33.484,-63.014,28.282,82.207,147.55,2
23.316,13.377,2.2867,0.4393,0.2196,28.1,-10.937,-6.8506,63.064,105.54,2
20.907,7.1656,2.1973,0.6794,0.3524,-0.187,4.469,-6.1032,45.855,223.06,2
19.021,5.8521,2.357,0.8615,0.6264,13.664,18.707,4.8082,21.155,223.31,2
33.612,9.5611,2.3344,0.646,0.3327,-2.366,11.266,-6.3587,55.449,238.31,2
16.887,13.009,2.7701,0.4286,0.2334,5.8485,19.226,-11.617,55.978,234.04,2
120.63,70.733,3.6442,0.0901,0.0478,-18.098,-120.19,-60.731,48.832,71.116,2
22.469,13.368,2.5308,0.4533,0.2163,-27.388,-17.644,-10.64,86.249,141.2,2
90.696,82.1,3.3201,0.1852,0.1036,2.2389,28.255,85.098,69.9,390.05,2
24.157,16.186,2.637,0.3659,0.2211,-49.211,-12.531,-20.465,65.645,207,2
231.97,90.434,3.9677,0.0576,0.0334,-310.49,-80.051,-88.335,86.745,89.817,2
68.955,27.591,3.5913,0.2203,0.11,-60.049,43.367,-20.558,7.918,281.9,2
21.05,7.5678,2.5478,0.5659,0.2794,-37.321,8.6044,-9.6446,51.327,209.26,2
35.522,7.8234,2.6464,0.5079,0.2562,10.815,8.3329,1.6708,74.632,262.81,2
40.535,11.859,2.6929,0.3895,0.2467,-33.565,-14.869,-13.894,80.686,128.18,2
32.505,16.501,2.7943,0.3352,0.2444,19.259,23.901,7.7135,6.4812,161.84,2
20.663,10.056,2.57,0.7376,0.4643,18.359,18.163,-8.5926,42.481,160.1,2
72.828,16.301,2.9082,0.3541,0.1934,59.33,53.026,-6.484,23.355,246.86,2
45.133,9.835,2.4997,0.4557,0.2611,42.295,-17.908,-5.2001,37.171,163.46,2
60.116,48.981,3.1841,0.2698,0.1414,-33.985,36.814,23.783,78.754,316.47,2
32.788,15.377,2.286,0.4268,0.2075,22.121,-29.676,9.7835,34.529,223.28,2
19.713,7.9518,2.5179,0.5078,0.288,-6.4052,-9.1431,-5.7197,41.531,173.53,2
45.6,35.115,3.2836,0.1478,0.0742,22.123,38.228,-28.016,62.629,92.203,2
310.61,47.532,3.3534,0.203,0.1256,-207.97,-171.81,-42.076,43.987,160.19,2
29.864,22.133,2.67,0.3402,0.182,32.056,14.044,-4.4904,41.934,154.91,2
121.68,82.863,3.1495,0.2632,0.1427,57.203,-61.047,58.191,69.507,367.58,2
55.838,22.837,2.8848,0.3181,0.161,-75.619,38.795,8.9288,76.742,257.57,2
141.09,38.294,3.3708,0.1205,0.0637,127.64,76.999,-41.44,70.897,234.76,2
39.963,8.7262,2.695,0.3875,0.2351,16.588,-8.3608,5.843,56.449,165.96,2
16.127,6.3588,2.1016,0.7827,0.4686,3.7918,-8.1461,3.0273,34.233,207.27,2
13.558,11.501,2.6327,0.7844,0.4871,5.2783,15.447,0.6898,86.92,50.984,2
19.18,16.95,2.1816,0.4166,0.2183,-1.5758,-26.133,-20.918,48.573,22.76,2
39.074,13.376,2.6976,0.3477,0.1968,27.229,-11.344,10.749,76.957,126.23,2
42.706,15.605,2.6898,0.4229,0.2339,39.438,31.063,-12.217,32.549,158.69,2
18.218,12.668,2.4676,0.6031,0.3458,14.559,14.519,5.7139,17.709,147.55,2
38.712,24.265,2.7364,0.3129,0.1669,-31.651,-6.6464,-10.439,30.731,171.59,2
75.527,27.044,2.9243,0.2172,0.1235,-65.182,-77.142,19.449,51.083,142.55,2
133.89,114.31,3.4859,0.2422,0.17,-78.818,-158.84,71.734,84.811,344.21,2
29.502,3.414,2.7077,0.6124,0.3482,22.75,20.268,-5.8635,19.414,219.98,2
31.154,11.723,2.5802,0.6971,0.487,29.554,30.79,-17.635,8.9121,215.96,2
35.319,16.38,2.8672,0.4387,0.2349,-8.5191,-37.63,13.192,67.793,115.83,2
66.706,28.007,2.8349,0.209,0.138,-57.869,-48.478,-23.972,10.17,157.92,2
19.259,15.249,2.7701,0.4217,0.239,-25.502,11.151,13.349,20.745,88.902,2
58.425,33.777,3.0024,0.2009,0.1009,32.41,-11.292,-17.977,85.349,29.726,2
177.85,51.683,3.3228,0.1573,0.0985,-69.254,-157.22,28.046,17.167,306.06,2
38.895,23.291,2.9538,0.2614,0.1351,-22.363,-23.883,-9.8954,69.118,98.164,2
57.191,35.51,2.7177,0.2337,0.1197,-48.511,-54.283,32.361,44.732,103,2
18.962,11.358,2.2708,0.7775,0.4159,26.642,17.854,-2.6126,34.144,195.49,2
96.08,64.583,3.7519,0.082,0.0505,29.593,65.242,-36.527,46.864,188.97,2
127.31,95.078,3.7006,0.156,0.086,-29.371,-127.83,76.023,68.049,397.57,2
46.275,12.669,2.8509,0.3951,0.2213,-14.727,0.2719,11.544,66.651,91.339,2
30.277,17.929,2.7188,0.3564,0.215,28.796,36.424,12.144,26.765,150,2
152.93,112.62,3.4814,0.1438,0.0586,181.74,102.55,-42.688,67.609,330.2,2
65.947,45.646,3.4255,0.2263,0.158,4.6385,61.318,-35.286,53.175,337.94,2
57.957,33.825,3.0191,0.2822,0.1364,-27.961,-54.428,-16.236,84.271,134.17,2
59.203,31.54,2.8971,0.2624,0.1337,41.123,41.72,-14.822,76.034,200.04,2
126.12,48.556,3.6506,0.1778,0.0987,-113.82,-126.02,-10.287,28.374,354.09,2
19.93,5.2495,2.422,0.6852,0.491,-22.232,-28.065,2.7276,54.692,168.21,2
98.382,33.804,3.6669,0.1266,0.0657,-71.617,-94.262,-22.287,10.33,140.59,2
123.61,99.321,3.5811,0.1502,0.0849,-141.78,-27.392,-41.927,62.791,257.66,2
52.302,29.534,3.1286,0.1792,0.1,5.0386,-40.663,-9.61,25.925,150.79,2
16.09,14.973,2.4472,0.6647,0.4495,7.8755,0.4658,-14.032,32.602,238.76,2
38.149,8.632,2.5774,0.4448,0.2742,20.958,25.143,-13.831,42.457,233.98,2
174.17,38.095,2.8831,0.3037,0.1603,-166.13,-148.35,-28.118,44.793,267.14,2
4.2835,3.887,2.3478,0.8745,0.6158,4.9461,4.5045,-14.176,21.755,229.92,2
39.691,7.4277,2.8757,0.3713,0.2428,19.293,42.834,-5.0365,0.9875,135.54,2
63.839,15.212,2.7356,0.4601,0.2898,79.844,59.893,-6.3048,79.44,127.18,2
131.04,84.457,3.8528,0.1023,0.0534,-18.841,131.98,-57.569,80.426,340.23,2
109.86,26.606,3.183,0.2069,0.1105,-115.94,38.576,-21.933,21.198,294.34,2
14.046,12.547,2.3604,0.832,0.4675,5.6374,9.0924,-12.64,60.968,122.13,2
23.755,10.884,2.4166,0.6092,0.3046,33.115,-18.226,6.1398,49.59,37.989,2
10.121,9.9837,2.1474,0.7223,0.4324,-7.1662,4.3818,-7.8635,81.125,122,2
61.599,11.476,3.0115,0.266,0.1467,14.453,-26.829,-6.8771,88.019,168.35,2
241.74,65.737,2.9307,0.3238,0.2282,339.17,-186.47,56.768,89.201,185.16,2
19.873,10.474,2.2577,0.6409,0.3674,-5.6843,16.248,6.6265,72.232,230.07,2
15.865,7.6278,2.52,0.5872,0.3069,-19.303,14.79,-10.107,7.6553,188.02,2
66.177,24.229,3.049,0.3895,0.2506,-56.181,-39.575,-19.373,1.2688,329.61,2
32.3,13.923,2.5769,0.4424,0.2715,-22.705,-14.093,12.54,83.489,245.55,2
214.42,25.026,2.8975,0.2188,0.1527,155.28,217.62,14.211,18.641,110.43,2
43.566,9.2109,2.9559,0.4273,0.2001,22.053,29.596,2.0162,58.439,89.566,2
136.13,33.959,3.3121,0.2134,0.1053,-75.164,-87.91,32.729,4.2428,260.99,2
144.49,25.963,3.0111,0.1852,0.1028,62.369,164.96,16.023,54.74,126,2
172.39,27.829,3.3374,0.1771,0.0968,244.83,-139.63,17.898,55.847,186.51,2
36.644,12.171,2.6305,0.4977,0.2728,34.469,23.327,-11.777,4.1453,59.631,2
19.844,7.2517,2.1351,0.7692,0.3993,-4.1821,11.244,-4.9551,70.518,189.22,2
17.348,1.5338,2.1772,0.7922,0.4828,-1.5906,7.3247,20.635,88.838,259.14,2
26.745,8.3658,2.6726,0.5377,0.3156,-10.952,-9.1418,-5.607,75.032,111.41,2
117.03,60.868,3.5378,0.1207,0.0492,62.417,123.91,65.641,57.191,228.2,2
36.345,11.664,2.721,0.4125,0.2367,22.634,28.955,-6.721,58.16,234.29,2
49.637,33.679,2.9453,0.3469,0.1919,-4.7867,20.643,26.691,2.9996,413.07,2
24.888,7.8008,2.4232,0.6792,0.4472,25.381,14.838,-9.8301,38.9,77.832,2
83.78,29.459,3.0495,0.2704,0.1286,13.648,77.434,15.121,30.18,204.28,2
51.835,21.881,2.94,0.341,0.2336,28.495,46.241,10.831,82.393,216.22,2
101.34,38.479,3.4092,0.1341,0.0684,64.381,99.508,-20.012,71.765,202.86,2
25.728,10.658,2.3086,0.4717,0.2383,-7.7729,-19.578,-5.4326,68.858,166.51,2
75.31,14.266,3.118,0.2598,0.1337,60.285,80.46,8.8801,57.76,216.41,2
152.8,41.787,3.3937,0.1434,0.0766,-263.43,89.519,-36.164,53.762,254.28,2
113.82,26.182,2.8603,0.269,0.1441,87.833,104.54,12.291,60.572,142,2
141.71,32.787,2.7408,0.4378,0.3243,61.321,150.58,-30.508,37.94,65.548,2
57.044,10.17,2.9689,0.332,0.1677,-33.225,-31.24,-8.3251,19.54,54.448,2
57.812,33.032,2.9703,0.3769,0.204,-40.664,-48.523,-19.949,24.434,326.79,2
107.63,97.611,3.444,0.1953,0.1221,52.451,114.74,-61.743,46.813,304.34,2
138.39,44.524,3.286,0.0949,0.0674,-71.235,66.026,-48.392,45.048,250.29,2
51.4,28.257,3.2454,0.2126,0.1077,-56.576,38.817,-17.969,32.374,290.27,2
30.408,9.7338,2.3901,0.4562,0.2301,43.327,6.6668,11.759,38.58,171.75,2
33.071,6.9019,2.5218,0.5744,0.3263,6.9405,-13.309,5.861,33.845,38.736,2
30.174,10.308,2.7511,0.547,0.2824,-3.4827,26.326,6.485,40.418,122.12,2
19.691,12.269,2.3473,0.5438,0.2899,-2.0802,12.646,8.2235,73.404,158.74,2
32.378,11.079,2.7224,0.5461,0.307,20.297,-10.962,13.74,53.579,105.55,2
91.467,26.384,2.8337,0.2573,0.1386,21.299,91.342,22.652,51.758,225.13,2
115.52,28.377,2.9175,0.3322,0.2068,72.807,111.43,15.843,79.544,120.31,2
33.634,8.7745,2.7319,0.4245,0.2142,-24.517,0.9711,-4.4656,67.612,112.43,2
29.579,16.064,2.5806,0.5729,0.3144,-3.0241,4.4021,-13.144,62.082,33.286,2
28.543,11.917,2.5647,0.4387,0.2275,-4.0847,-24.532,-10.759,36.659,132.21,2
210.64,96.121,4.4476,0.0632,0.0336,-219.37,-90.592,90.609,85.763,359.26,2
104.43,41.084,3.0727,0.2612,0.1432,95.619,88.115,35.299,23.397,327.5,2
65.97,17.149,3.1947,0.2433,0.123,40.895,38.786,-20.57,56.941,142.48,2
94.798,22.375,2.933,0.3116,0.1604,125.89,-73.797,-14.5,52.436,82.725,2
20.519,12.733,2.6547,0.485,0.247,26.874,10.914,7.803,14.831,101.86,2
35.073,23.634,3.0963,0.3351,0.1897,35.966,32.146,-12.52,2.216,263.84,2
48.313,14.01,2.6481,0.5029,0.3158,24.566,30.666,-3.7856,31.715,165.3,2
8.601,7.9841,2.4239,0.6048,0.3139,11.004,-0.3119,5.6446,27.831,141.29,2
149.6,39.726,3.1188,0.2784,0.1639,-123.41,-109.51,32.546,58.224,300.1,2
30.818,15.477,2.5944,0.3766,0.215,19.82,19.275,11.885,38.123,199.15,2
103.68,34.629,2.9937,0.2821,0.1476,-80.568,-100.56,14.521,29.074,93.525,2
21.97,10.881,2.4962,0.6092,0.4226,22.45,15.12,6.4752,0.727,209.82,2
24.292,11.895,2.6219,0.5542,0.2995,-4.0046,7.6735,2.5994,37.132,254.09,2
19.085,13.735,2.5849,0.6008,0.3966,17.282,19.47,-5.239,5.3161,213.71,2
16.605,12.837,2.4523,0.5075,0.284,-23.791,-6.9747,9.1413,37.21,116.55,2
152.49,52.4,3.3425,0.16,0.087,149.39,68.525,-43.079,80.829,343.35,2
14.032,11.136,2.556,0.7438,0.5229,2.6217,-5.858,-12.775,25.595,232.17,2
33.597,11.567,2.6542,0.5078,0.296,36.676,25.614,5.5844,48.176,260.23,2
19.916,14.822,2.5101,0.3943,0.2254,0.2687,32.411,2.8455,5.5886,189.55,2
33.545,18.354,2.8503,0.4131,0.2536,-17.107,-5.1011,8.5179,34.015,132.44,2
51.596,8.8797,2.8045,0.3561,0.1922,26.589,-23.72,10.169,28.08,206.79,2
41.672,15.765,2.6311,0.4242,0.2463,-1.9945,22.855,12.977,75.423,172.12,2
215.7,54.284,3.2674,0.2102,0.1164,221.74,-99.811,-35.714,82.897,279.55,2
162.21,22.725,2.8045,0.4894,0.2753,-174.71,105.14,-16.003,46.495,304.91,2
115.51,17.068,2.6893,0.3988,0.228,115.36,65.556,10.249,80.735,188.79,2
69.407,19.733,3.153,0.2014,0.1167,22.164,83.322,-15.539,77.035,153.22,2
23.663,12.212,2.534,0.4503,0.2266,9.6127,15.024,7.5501,30.914,182.95,2
12.041,3.5265,2.2778,0.756,0.5032,-12.472,-3.7598,-4.8523,73.957,208.92,2
102.39,69.409,2.75,0.3066,0.1533,-73.399,-106.67,-19.608,29.253,401.12,2
35.115,17.805,2.8385,0.2667,0.1026,-1.0544,36.182,6.2832,5.8542,238.09,2
95.119,61.648,3.3936,0.2321,0.1505,-33.35,-57.595,-44.714,51.264,338.39,2
25.111,18.733,2.7705,0.4122,0.2129,-11.62,-10.337,10.191,47.117,92.963,2
44.856,20.073,2.6234,0.374,0.2079,27.413,33.759,-20.489,61.062,252.6,2
21.154,9.9638,2.4425,0.5993,0.3484,-2.4953,14.802,-7.3515,32.373,108.98,2
53.157,51.105,3.0273,0.1972,0.1085,59.166,-36.04,-51.67,52.025,91.596,2
18.427,10.453,2.1584,0.5625,0.309,23.275,9.8267,-3.2842,73.198,172.49,2
239.65,64.281,3.3077,0.1728,0.0968,-235.07,-216.58,50.74,13.615,252.98,2
12.778,11.538,2.3149,0.7167,0.4044,15.359,-8.8447,8.8982,36.414,169.59,2
12.128,6.6551,2.4729,0.579,0.3708,13.047,10.795,9.4764,42.052,230.1,2
45.37,14.114,2.8711,0.3681,0.2374,48.497,44.362,-2.5584,16.829,250.42,2
39.474,9.3826,2.7657,0.4031,0.2461,8.9522,22.313,-4.2635,78.469,91.906,2
10.857,10.801,2.3301,0.6371,0.3562,30.62,-5.0966,-3.6579,80.389,148.53,2
14.791,11.796,2.3075,0.6749,0.4557,1.3533,4.7675,-9.0611,62.25,62.525,2
93.002,17.941,3.078,0.2804,0.1333,77.563,91.804,-14.748,17.007,327.05,2
149.87,64.882,3.467,0.2003,0.0952,319.54,-144.66,74.021,88.665,374.13,2
61.598,36.609,3.0496,0.2194,0.1111,-18.499,-38.932,23.576,69.438,251.78,2
113.19,27.958,3.3848,0.0959,0.0646,-51.835,24.709,31.623,78.884,122.94,2
31.695,20.411,3.0101,0.3234,0.1754,8.5746,-24.53,6.9856,23.934,131.88,2
220.99,26.544,2.9572,0.2357,0.1471,150.83,226.35,16.609,16.111,98.159,2
13.429,12.572,2.5091,0.4125,0.2284,11.389,13.656,1.7479,51.222,174.87,2
77.46,22.493,3.0615,0.283,0.1463,60.571,77.002,-18.431,26.046,186.96,2
55.745,10.928,2.9558,0.3289,0.1768,-0.0868,-13.717,3.0992,78.867,110.97,2
29.038,18.664,2.7875,0.3573,0.1868,28.922,18.426,14.084,21.613,211.94,2
56.801,15.225,2.6836,0.3004,0.1571,48.464,54.845,13.307,85.249,215.92,2
101.31,14.86,2.7987,0.3307,0.1852,-80.89,-91.825,-10.439,29.119,186.27,2
21.929,0.5936,2.1233,0.8067,0.4771,14.269,11.079,-0.5243,75.666,179.84,2
33.561,14.131,2.6128,0.4951,0.2841,32.131,25.053,-11.602,32.982,120.09,2
164.67,39.513,2.9622,0.3701,0.2096,-152.9,19.254,-30.232,55.737,307.24,2
23.251,17.677,2.6048,0.4845,0.277,25.068,21.571,-14.749,25.394,244.06,2
27.778,8.95,2.7288,0.5453,0.3296,30.899,21.054,-6.73,8.363,186.83,2
36.486,21.662,2.67,0.366,0.1632,-28.714,-30.561,-17.581,50.989,1.2826,2
67.707,19.384,2.8491,0.4572,0.2923,-2.9579,-51.678,-10.602,51.748,322.3,2
20.385,11.44,2.4065,0.6392,0.4569,12.557,20.634,-9.7762,32.858,242.62,2
59.523,26.618,3.3531,0.1627,0.0689,12.454,72.716,19.217,34.574,238.78,2
22.686,10.104,2.6968,0.5829,0.3307,-7.5143,13.097,-1.2362,10.92,131.04,2
21.35,6.9763,2.07,0.6979,0.3787,24.096,10.72,-6.3648,13.873,132.56,2
68.015,55.99,2.854,0.3247,0.2036,-80.488,-47.392,49.097,29.173,272.51,2
32.527,7.8167,2.2244,0.5966,0.3714,-16.272,-13.806,1.8874,19.333,194.01,2
46.618,28.649,3.1365,0.265,0.1471,49.029,48.699,-20.431,24.037,276.2,2
25.783,11.842,2.7508,0.4602,0.2261,19.579,15.736,-8.1274,2.0598,95.701,2
76.074,28.261,2.6993,0.2601,0.1932,-91.475,-47.255,20.836,35.498,238.72,2
81.552,17.792,2.5393,0.3776,0.1619,-104.41,33.286,-15.127,55.654,235.04,2
31.04,18.625,2.4225,0.3899,0.2706,-17.761,-27.135,16.015,45.758,79.41,2
144.72,35.266,2.8498,0.303,0.1975,-182.56,98.661,-27.615,22.665,351.22,2
52.649,11.378,3.0052,0.2945,0.1586,-0.8207,17.212,2.6423,67.893,108.85,2
69.223,13.369,3.1438,0.2219,0.1253,48.638,54.013,-4.6134,41.279,207.92,2
71.197,56.31,3.2699,0.1521,0.0894,100.83,48.698,-49.857,32.794,260.97,2
32.307,14.586,2.9602,0.3668,0.2008,11.665,30.802,13.683,85.533,131.44,2
107.48,23.19,3.056,0.2053,0.0997,143.65,61.462,-17.332,45.055,214.52,2
236.71,92.616,3.52,0.1015,0.0539,-321.21,122.71,-89.473,25.782,71.289,2
190.09,94.394,4.3095,0.0638,0.0344,-228.84,-146.05,55.255,59.417,304.35,2
22.865,10.692,2.6623,0.5114,0.2601,-17.056,16.757,-4.9513,75.856,107.46,2
23.028,19.413,2.7493,0.3972,0.236,-3.5285,-14.74,11.739,74.475,116.56,2
50.834,38.433,3.1377,0.1785,0.118,-44.943,-25.783,-22.092,79.099,154.97,2
36.667,22.254,2.6415,0.3333,0.1952,-9.8802,-30.394,15.139,57.928,255.92,2
28.802,15.357,2.6835,0.4352,0.2311,40.291,-13.351,15.355,52.046,216.47,2
17.352,16.876,2.4965,0.4064,0.2277,-0.8085,16.407,6.3584,32.433,145.38,2
43.264,15.992,2.8552,0.5066,0.3552,27.775,33.962,11.647,11.33,283.1,2
102.87,72.815,3.6581,0.1734,0.0906,-134.59,-80.395,-71.763,49.218,351.12,2
39.986,12.742,2.8689,0.3951,0.2097,43.25,30.384,-9.1395,62.822,171.04,2
218.77,89.61,3.7535,0.0709,0.0602,62.127,-133.22,-40.75,88.189,271.98,2
31.167,9.0403,2.3646,0.5054,0.2959,32.708,26.065,-10.643,66.547,242.76,2
24.011,17.242,2.4669,0.4369,0.244,14.243,19.472,17.294,67.141,142.84,2
13.064,10.465,2.1658,0.7782,0.5017,12.886,5.2943,-9.3984,19.086,91.988,2
18.564,14.853,2.3435,0.6928,0.3953,-24.449,7.6226,8.5843,48.351,168.03,2
17.832,10.133,2.398,0.7668,0.4405,12.065,7.9338,14.706,1.6673,235.5,2
20.756,10.754,2.3139,0.5825,0.3131,6.273,-17.52,8.4671,68.268,138.32,2
20.269,10.737,2.4757,0.6154,0.3227,-20.413,-18.561,-10.973,57.08,265.41,2
29.711,17.189,2.6699,0.5359,0.2866,22.639,23.566,19.562,11.399,153.82,2
27.856,11.517,2.6813,0.4268,0.2367,26.942,12.652,-11.566,24.565,74.849,2
23.792,9.0402,2.5048,0.8336,0.4771,12.441,26.907,7.7274,17.51,142.11,2
18.988,12.681,2.5815,0.6081,0.3709,11.336,12.429,9.6704,51.167,182.2,2
139.72,112.32,4.4159,0.046,0.0233,-104.33,100.27,-45.685,63.145,303.62,2
36.103,9.8567,2.6914,0.4093,0.244,28.965,34.959,-3.7283,29.761,156.23,2
35.428,12.179,2.8058,0.3675,0.2369,21.972,29.249,7.1692,43.438,247.99,2
179.31,57.936,3.516,0.1536,0.0791,-279.54,84.549,-52.503,3.8061,195.29,2
12.817,12.428,2.4272,0.5615,0.2889,-8.783,-7.9135,9.1646,54.64,94.19,2
128.93,79.032,3.218,0.1973,0.0983,-125.4,-63.108,-37.808,12.63,328.19,2
32.586,10.136,2.5667,0.6122,0.3323,1.986,-13.429,9.4657,77.196,114.32,2
11.973,9.3311,2.4257,0.7557,0.5095,9.5137,-8.7463,-12.661,72.213,272.89,2
22.046,17.545,2.5514,0.3477,0.2139,1.4042,9.2822,10.138,22.769,204.28,2
27.258,6.6316,2.4314,0.6333,0.3796,29.199,19.939,-4.7214,37.16,182.64,2
123.47,25.871,3.3899,0.2551,0.164,-38.491,47.849,-22.349,10.051,288.35,2
96.942,35.304,3.0671,0.2802,0.1855,-137.51,77.078,-23.212,7.0149,302.98,2
42.521,9.4318,2.7547,0.394,0.2278,-12.631,12.28,-4.8233,66.993,166.82,2
58.575,24.799,2.9375,0.2344,0.1461,-44.939,9.9657,-16.337,3.3292,212.15,2
47.181,36.106,3.3876,0.1752,0.0863,22.06,45.961,11.924,4.5803,246.88,2
56.533,12.302,2.6478,0.3098,0.2191,-9.3455,-35.501,4.4026,60.529,163.59,2
43.152,12.786,2.8222,0.3524,0.198,28.416,40.967,-8.0198,48.753,135.95,2
92.689,25.72,3.5304,0.1359,0.057,16.769,103.1,-10.229,27.059,75.924,2
27.201,10.039,2.7063,0.5782,0.3412,18.236,8.441,1.2537,67.088,129.48,2
120.95,63.157,3.2739,0.1734,0.1159,169.86,-92.759,43.271,10.999,112.69,2
28.62,11.958,2.3646,0.5011,0.2657,34.436,17.236,9.9733,26.307,130.79,2
55.035,18.93,2.7374,0.3999,0.2803,12.804,72.537,-9.6374,80.427,236.01,2
94.867,62.279,3.6827,0.0902,0.0645,-153.43,57.471,51.395,1.6705,281.31,2
134.29,71.436,3.5196,0.147,0.1033,-11.156,-40.862,-31.913,44.485,371.83,2
91.354,21.977,3.3955,0.1491,0.0854,57.172,43.051,-19.434,31.838,242.11,2
19.986,12.757,2.6459,0.3979,0.2036,2.7455,0.5936,5.2597,42.767,227.79,2
28.239,13.003,2.5539,0.4553,0.3031,16.475,11.049,9.6746,71.802,234.39,2
27.1,10.62,2.6594,0.5016,0.2771,2.2616,20.488,6.7806,34.541,219.5,2
67.571,35.483,3.5996,0.171,0.1145,38.044,66.258,-9.5843,59.965,264.93,2
116.22,43.131,3.5315,0.2652,0.1369,14.481,-114.95,29.925,9.2964,373.89,2
51.667,8.9178,2.9012,0.4005,0.2178,59.594,42.974,-3.1762,29.678,259.9,2
12.858,9.527,2.357,0.8176,0.5868,10.722,9.3931,8.6736,14.56,39.941,2
97.26,50.073,3.1136,0.244,0.1305,-126.54,72.322,33.582,33.449,295.94,2
40.421,20.096,2.8162,0.3038,0.1519,46.251,-25.172,-14.055,82.452,77.04,2
24.038,14.126,2.9082,0.3231,0.1765,-12.725,-22.514,10.475,85.764,267.43,2
20.46,15.351,2.2944,0.5579,0.3179,-20.451,-16.494,1.9803,75.745,148.23,2
21.313,0,2.3375,0.7632,0.4943,0.9655,-7.6499,0,82.993,130.88,2
30.329,14.573,2.666,0.3258,0.165,-37.71,13.724,-7.8687,73.44,130.17,2
119.19,28.077,3.5766,0.2044,0.1519,-93.867,-25.827,25.812,54.281,295.44,2
150.38,21.72,2.6542,0.5831,0.4002,-122.46,-106.52,-20.373,23.593,367.83,2
31.679,20.706,2.7094,0.4102,0.2169,24.505,-28.224,-11.041,2.1147,228.3,2
220.73,33.672,3.6362,0.1003,0.0572,-333.07,165.44,28.555,71.084,24.984,2
103.16,47.93,3.0523,0.2853,0.1473,78.797,76.598,30.437,71.489,283.06,2
32.546,11.583,2.317,0.4434,0.2289,-30.504,-18.954,5.5154,86.771,202.8,2
99.12,15.396,3.0869,0.1768,0.0896,49.321,49.218,-11.969,88.777,251.9,2
225.13,170.29,4.4923,0.0499,0.0225,-197.22,-189.82,130.85,55.482,225.19,2
43.783,10.586,2.7229,0.4797,0.3119,23.609,46.519,-4.0083,15.081,270.35,2
101.63,48.256,3.6763,0.1256,0.0669,-97.837,-73.458,21.77,32.081,99.863,2
212.56,32.364,2.864,0.3028,0.1419,-186.21,103.3,15.685,29.527,216.38,2
55.804,19.546,2.8162,0.3817,0.2008,0.4718,-57.707,-13.528,80.393,167.38,2
66.889,38.439,2.9941,0.1468,0.081,-14.855,-70.526,13.901,16.896,223.79,2
17.597,3.6065,2.2644,0.7134,0.3971,7.1931,-1.5145,-10.731,89.882,93.008,2
31.207,20.035,2.8142,0.2868,0.1603,-0.259,20.591,14.666,39.385,162.19,2
68.841,12.447,2.8494,0.2588,0.1322,5.77,60.191,4.2285,56.877,257.93,2
63.35,19.559,3.0374,0.2404,0.1317,0.2617,53.463,18.712,50.283,281.48,2
92.657,21.877,3.2185,0.278,0.1643,-72.227,42.436,-10.89,8.2413,309.37,2
45.753,17.987,2.7519,0.2899,0.1458,-8.7904,-8.2795,-12.295,1.1401,156.4,2
177.72,65.221,3.8641,0.0723,0.0456,-267.22,-158.46,-63.803,39.616,196.68,2
60.209,12.693,3.0844,0.2528,0.1272,55.828,33.266,-9.2564,40.222,148.59,2
19.404,7.3799,2.0986,0.7649,0.4343,-2.9081,9.1734,4.4036,55.859,95.355,2
40.432,10.012,2.9407,0.2951,0.1696,41.341,24.724,-4.37,64.269,235,2
19.908,9.5357,2.5775,0.5873,0.3003,25.639,5.5834,4.1055,72.58,171.56,2
108.56,29.408,2.8564,0.2797,0.1454,83.549,88.041,-29.446,19.086,134.37,2
12.897,11.238,2.2135,0.7278,0.4373,-14.596,8.0007,-7.2282,67.493,204.76,2
42.435,17.724,2.7828,0.3083,0.1558,-25.883,-26.639,-10.689,32.144,222.61,2
16.878,12.25,2.2665,0.6139,0.3967,7.6683,4.1109,-7.1183,83.454,147.23,2
44.196,16.484,2.9437,0.2743,0.169,0.0024,17.557,12.167,75.451,91.435,2
66.6,14.379,3.0894,0.2665,0.1376,58.603,41.697,-9.876,10.178,133.39,2
37.348,8.3192,2.5718,0.575,0.3801,12.849,1.1598,-1.5187,27.865,160.49,2
23.981,11.73,2.6232,0.4738,0.2702,-15.584,10.489,6.9346,3.786,201.13,2
97.654,13.846,2.2304,0.5647,0.2912,79.949,62.298,4.9946,42.765,167.13,2
143.03,28.264,3.0685,0.2681,0.2198,-187.88,48.492,-20.274,11.012,202.69,2
150.77,14.769,2.6547,0.4142,0.2514,-67.104,-157.1,10.376,25.637,162.93,2
105.85,46.786,2.9836,0.2326,0.1241,-133.76,90.059,10.387,16.256,281,2
23.754,12.011,2.5024,0.4528,0.2594,-8.6125,8.0589,8.5771,26.903,67.725,2
98.997,36.696,3.1504,0.2313,0.1163,-128.34,-27.075,-28.371,3.854,355.25,2
117.11,27.189,3.2183,0.1706,0.0935,104.91,60.753,-23.698,24.99,68.171,2
32.618,17.983,2.564,0.4341,0.2678,49.554,-20.817,-12.327,46.96,219.28,2
27.515,11.211,2.6637,0.4643,0.2687,42.447,33.042,-6.398,50.3,239.89,2
100.68,16.915,3.2244,0.2517,0.1423,-106.15,71.629,12.682,3.7677,256.02,2
18.719,10.054,2.2923,0.6224,0.3444,22.164,11.366,-5.2373,54.437,166.88,2
25.97,10.195,2.4471,0.5461,0.3449,7.9383,26.875,-8.3163,19.987,177.16,2
196.43,56.593,3.5573,0.1766,0.0935,-212.99,-66.285,55.344,13.97,176.93,2
30.615,16.47,2.5993,0.488,0.2453,24.192,24.837,-11.803,7.563,176.85,2
48.508,34.041,2.9325,0.3084,0.163,7.6921,-44.823,-18.737,85.636,134.39,2
26.718,16.396,2.5226,0.4907,0.2533,47.946,-11.36,3.5505,20.276,203.88,2
19.555,7.9626,2.4768,0.5502,0.2914,6.1961,17.582,4.4002,26.307,229.12,2
87.565,15.464,3.0396,0.2136,0.1155,-137.84,-34.139,10.887,55.712,250.95,2
25.215,9.9909,2.3283,0.8127,0.471,9.6883,2.8442,14.493,40.539,52.764,2
27.001,8.1816,2.5982,0.5826,0.3695,9.5716,14.583,3.9683,81.324,114.41,2
60.439,49.752,3.1466,0.2269,0.1159,-33.01,-60.539,-31.535,87.503,216.22,2
68.551,12.418,2.6742,0.2664,0.1147,16.201,58.923,4.1013,33.844,152.91,2
20.728,7.2135,2.1255,0.6891,0.3633,0.443,-5.843,5.9727,89.538,159.55,2
167.09,60.63,3.4442,0.344,0.1965,-127.06,-141.7,47.334,6.9414,359.4,2
33.451,7.9721,2.4637,0.5826,0.3822,7.6158,18.063,7.7288,54.272,194.98,2
233.69,39.034,2.9442,0.357,0.2086,-141.76,-192.2,-16.74,40.196,172.78,2
60.255,29.775,3.1714,0.2871,0.156,-70.364,-25.782,-26.938,24.115,157.37,2
60.752,14.87,3.1209,0.2127,0.1101,-44.546,35.754,12.003,10.295,196.31,2
38.861,8.9313,2.7134,0.418,0.2269,9.8071,4.0011,-7.0775,84.578,173.06,2
19.486,7.3947,2.5058,0.7551,0.4321,-2.3691,8.6595,4.5933,9.768,181.37,2
118.06,112.7,4.2092,0.0564,0.0225,-71.989,-147.45,91.982,70.175,237.8,2
56.816,30.386,2.9978,0.3658,0.1819,7.1108,78.895,-22.947,71.226,252.58,2
53.854,25.302,2.971,0.2598,0.1395,17.491,30.341,27.604,77.226,250.13,2
103.41,64.427,4.1762,0.0668,0.0349,-0.7411,64.389,49.201,74.192,159.13,2
166.28,44.262,3.4916,0.1573,0.0942,-119.99,-30.384,-37.892,59.712,254.01,2
143.09,57.115,3.6009,0.1555,0.0465,-151.7,-89.012,56.586,8.6749,198.95,2
32.401,7.2669,2.3883,0.5235,0.3252,-1.4025,-6.5766,-5.7131,4.2383,233.26,2
46.736,10.373,2.7727,0.3764,0.2371,49.039,22.391,5.2039,76.678,119.5,2
94.253,26.985,2.8239,0.4415,0.2741,-72.127,-69.228,20.215,49.816,277.68,2
68.183,45.911,3.1484,0.1343,0.0707,17.913,44.51,-38.557,32.36,150.47,2
12.926,11.355,2.3988,0.7425,0.3812,-15.032,4.5285,-11.711,60.083,193.7,2
23.771,9.6984,2.6585,0.5576,0.3524,-11.38,11.528,-5.8824,54.302,100.02,2
50.133,37.454,3.7613,0.1325,0.0704,-10.627,-13.707,-23.947,16.534,95.671,2
25.548,17.872,2.7033,0.4059,0.2228,-21.459,-21.574,-10.908,13.798,149.04,2
48.766,36.635,3.1553,0.1573,0.0787,-14.148,-30.017,-34.615,44.111,134.94,2
12.912,9.896,2.5693,0.6746,0.3894,31.808,0.152,6.7375,36.523,207.44,2
59.858,13.946,2.5885,0.3356,0.1836,-79.177,-29.751,7.3625,73.088,50.732,2
114.55,80.07,3.9291,0.0805,0.0631,-56.639,94.729,-83.627,0.2862,276.3,2
18.73,12.729,2.5754,0.5739,0.3537,5.0236,17.346,-9.4598,86.934,104.34,2
221.84,28.69,3.3901,0.1251,0.0772,-234.15,-214,-15.262,16.173,110.92,2
17.052,10.283,2.6377,0.5338,0.4034,-4.282,-23.868,4.4773,66.777,116.88,2
48.831,11.724,2.732,0.3818,0.1974,-5.7064,25.927,-3.7166,83.574,160.48,2
32.355,14.626,2.3979,0.424,0.246,-22.418,-23.874,5.4839,30.585,246.56,2
21.911,9.4128,2.4552,0.6956,0.5012,11.537,11.358,-12.276,66.415,122.29,2
28.553,9.429,2.5378,0.4986,0.2652,23.708,14.634,3.1861,51.344,218.64,2
42.516,10.693,2.7024,0.4742,0.2629,44.875,40.535,9.3207,85.394,217.61,2
16.502,8.3238,2.6924,0.471,0.2389,-24.935,12.337,0.7987,89.217,147.17,2
98.701,17.63,2.5347,0.4058,0.2555,-27.667,-91.662,13.29,89.65,207.04,2
22.587,15.679,2.56,0.4892,0.2648,-32.24,-0.2869,7.846,59.434,153.7,2
14.973,11.046,2.4952,0.5686,0.3141,11.915,26.406,-11.554,4.1304,179.34,2
35.516,6.8851,2.7108,0.3854,0.1927,-35.308,-20.392,-7.8218,79.991,67.051,2
51.753,18.828,2.8303,0.2336,0.1205,-54.924,-41.886,11.323,9.382,229.13,2
46.439,10.925,2.923,0.2901,0.151,16.099,33.959,6.2401,49.635,222.49,2
91.946,60.02,3.5508,0.1075,0.0544,74.587,101.97,55.258,41.784,232.26,2
27.008,9.4426,2.3531,0.4967,0.2639,33.089,19.933,7.3488,78.653,199.01,2
95.293,21.23,3.2769,0.231,0.1262,-93.717,60.994,-10.889,36.631,302.07,2
101.93,74.491,3.0479,0.1488,0.0852,-99.486,-94.843,-89.977,1.8264,217.67,2
129.14,20.446,2.9523,0.3984,0.2271,-149.6,36.017,15.907,11.718,331.26,2
68.686,21.255,2.7924,0.1968,0.0992,-54.157,26.03,-14.041,22.884,246.88,2
21.055,10.319,2.5257,0.6438,0.3353,-14.025,15.367,8.8752,47.753,168.04,2
23.811,14.553,2.3672,0.5755,0.324,1.1422,-8.8184,-1.7287,84.423,106.27,2
25.404,11.45,2.6609,0.5721,0.3439,12.914,25.802,-7.73,18.336,203.31,2
66.245,27.902,2.9574,0.2515,0.155,-69.949,-51.365,-23.002,30.254,289.52,2
32.66,7.1437,2.4479,0.5847,0.4153,-15.218,-27.105,6.3228,86.906,124.23,2
102.67,67.034,3.2706,0.2328,0.1088,-74.16,33.739,43.313,24.469,328.37,2
287.77,35.264,2.8964,0.3985,0.2743,-363.34,199.21,17.041,24.914,130.3,2
12.828,10.242,2.207,0.5583,0.2699,-1.9722,4.8796,-9.7655,15.573,201.56,2
27.781,7.8339,2.5397,0.5599,0.2987,-6.7251,-16.251,-10.719,76.124,183.26,2
27.723,17.159,2.6912,0.4622,0.2678,13.155,-28.322,19.647,29.491,43.695,2
138.12,93.566,3.5659,0.1041,0.0528,228.6,-122.7,-67.992,51.523,85.31,2
83.643,14.792,2.7118,0.3786,0.2087,102.72,-45.066,15.088,47.748,156.55,2
116.85,59.958,3.4833,0.2824,0.1674,-184.04,81.63,-50.83,63.518,399.35,2
46.374,22.762,2.798,0.3003,0.1489,12.794,15.459,6.6745,65.475,90.087,2
33.965,10.779,2.5233,0.4287,0.2194,14.2,-22.532,-7.2744,57.972,202.35,2
24.58,10.532,2.5463,0.4435,0.2443,21.131,4.2211,-0.6966,23.745,187.95,2
108.39,20.723,3.271,0.2379,0.1438,2.6618,65.983,-22.255,50.891,109.18,2
19.979,9.2008,2.4346,0.6507,0.4283,-4.1789,14.452,10.309,78.277,32.325,2
21.309,13.277,2.555,0.5203,0.3284,9.153,6.3335,-9.5821,22.694,62.673,2
135.85,57.007,3.295,0.0842,0.0314,77.543,141.97,-33.835,71.376,28.105,2
16.753,14.381,2.288,0.635,0.362,5.7255,1.4854,7.6249,17.832,193.83,2
27.763,4.2455,2.3537,0.7636,0.4276,-0.9195,0.5293,9.4327,60.275,154.27,2
12.951,11.032,2.4091,0.7368,0.4581,-14.068,7.0344,-6.6587,68.373,204.97,2
226.32,47.266,3.995,0.131,0.0688,-242.8,-238.12,-32.446,27.396,291.48,2
78.46,41.599,3.5822,0.2227,0.1401,-48.64,32.93,-32.369,17.388,300.83,2
55.585,9.8477,2.8917,0.4409,0.2368,30.253,31.549,-8.5044,50.205,43.785,2
57.909,15.11,3.0056,0.2833,0.1772,7.5798,21.283,-15.869,38.21,133.88,2
36.153,20.836,3.0699,0.3142,0.1656,-2.7828,-25.659,13.834,56.878,96.139,2
135.23,26.83,3.3995,0.1837,0.1218,-109.68,58.996,23.985,21.908,236.01,2
172.18,43.325,3.2396,0.2654,0.1766,-132.94,15.831,14.471,49.464,291.76,2
36.387,10.413,2.8169,0.5015,0.2645,13.9,25.025,11.158,54.756,210.19,2
64.853,9.4141,2.4339,0.381,0.1816,-55.746,32.736,8.3127,89.717,185.59,2
85.737,18.576,3.0839,0.2708,0.1634,-118.93,39.184,13.918,20.611,286.35,2
26.191,7.834,2.3345,0.6528,0.3449,-15.482,-16.916,-6.1015,53.646,114.58,2
25.293,11.81,2.7113,0.5238,0.3099,45.526,24.875,1.444,45.989,270.94,2
80.794,75.581,4.0649,0.1125,0.0632,-64.824,24.705,51.401,30.47,332.35,2
26.349,12.543,2.3261,0.6658,0.4151,-17.712,-32.098,8.6822,81.09,108.61,2
41.058,21.64,2.8606,0.2118,0.106,-1.7635,-8.365,-10.38,2.203,164.82,2
49.791,8.4823,2.8472,0.4021,0.2147,47.868,20.938,5.1921,36.632,106.36,2
59.349,29.965,2.9899,0.1822,0.0947,-9.1413,50.321,-19.294,70.587,217.53,2
8.5738,8.1072,2.3023,0.769,0.4282,-17.921,-2.7859,10.769,54.925,168.93,2
23.502,13.675,2.5653,0.4816,0.3116,5.0085,16.04,9.4612,54.046,57.936,2
119.58,39.087,3.7943,0.1156,0.0557,15.389,-32.084,19.561,12.917,175.22,2
69.606,11.189,3.0107,0.2966,0.1693,33.847,46.195,7.9043,46.897,153.72,2
28.076,11.545,2.5387,0.5941,0.3546,-18.858,-13.359,15.649,66.639,203.86,2
46.821,35.768,3.2527,0.1992,0.1039,-15.785,25.078,-26.4,38.124,119.99,2
25.675,11.83,2.7348,0.4475,0.2422,-10.24,-18.918,-8.8547,87.042,113.48,2
19.583,6.7639,2.5994,0.6487,0.3393,13.485,16.003,5.8857,16.852,182.42,2
72.076,30.795,2.9593,0.3641,0.1975,-62.48,-45.39,18.891,53.612,306.65,2
128.33,41.604,3.5155,0.2317,0.1427,-117.27,-91.443,22.156,11.149,310.36,2
35.985,11.757,2.7067,0.389,0.1974,1.6087,-22.031,-5.5179,60.525,170.45,2
135.68,44.417,3.4271,0.2636,0.2025,-158.49,80.669,-27.195,57.751,199.09,2
62.431,19.682,2.8667,0.2439,0.1457,-59.93,-26.386,6.4976,1.456,212.43,2
133.18,46.243,3.145,0.1969,0.1121,-2.8916,-129.01,-35.332,14.232,336.63,2
39.266,16.475,2.645,0.3111,0.2112,-21.584,-21.269,-12.486,49.186,39.616,2
11.682,0.6564,2.4734,0.648,0.3579,-7.2487,3.3382,-7.9869,34.996,208.97,2
22.251,11.898,2.574,0.5413,0.3027,10.215,-11.355,-10.002,49.136,108.67,2
48.918,27.534,2.76,0.4388,0.2411,-54.858,46.795,17.979,76.888,56.998,2
42.11,10.876,2.7068,0.2856,0.1462,13.014,-30.405,-10.062,75.666,114.07,2
23.44,11.131,2.4939,0.6447,0.3615,26.564,24.6,-0.6816,36.522,129.9,2
54.855,12.432,2.9284,0.2983,0.1539,10.861,31.752,9.4073,70.289,247.7,2
58.985,20.654,3.102,0.1502,0.0925,87.493,38.07,17.081,58.805,138.72,2
29.388,17.511,2.7672,0.3846,0.2009,-11.848,-19.596,15.328,48.546,45.856,2
12.392,12.094,2.0314,0.6791,0.3488,16.679,-10.109,8.8839,17.427,194.9,2
30.25,8.1902,2.4864,0.5873,0.3899,30.577,23.641,-7.2522,43.905,226.87,2
171.01,60.991,3.1721,0.2225,0.1214,74.2,194.6,-24.156,49.181,65.262,2
19.129,9.7873,2.5052,0.5095,0.4111,14.103,16.42,-6.3058,22.705,182,2
20.747,17.516,2.6575,0.4752,0.3135,22.201,16.527,-10.092,25.186,179.31,2
37.444,9.9618,2.6615,0.4322,0.2619,12.031,19.176,1.0944,44.176,204.18,2
35.788,19.148,2.6685,0.3481,0.2121,-15.61,21.328,-4.183,5.585,81.245,2
170.78,65.17,3.1726,0.1805,0.0973,-69.654,-189.49,32.696,57.498,142.5,2
105.18,20.717,3.1587,0.1923,0.0935,-161.93,96.073,19.276,58.048,98.078,2
22.819,11.79,2.3993,0.5336,0.3351,31.912,19.23,-9.1213,81.525,234.58,2
30.213,22.886,2.6758,0.3291,0.212,16.934,25.842,-12.621,39.734,83.521,2
65.438,12.02,3.0894,0.2735,0.1551,31.355,43.347,9.0954,22.658,77.498,2
30.911,11.538,2.7404,0.4782,0.2827,-26.04,-26.538,4.8576,61.92,174.15,2
27.875,9.2383,2.4536,0.6331,0.3285,25.094,-4.7217,7.9997,10.916,166.73,2
11.847,10.976,2.4908,0.6086,0.3112,27.716,24.577,11.423,27.376,171.93,2
137.05,33.575,3.4084,0.2425,0.1486,-82.941,53.542,31.962,19.973,267.23,2
29.483,19.27,2.4859,0.3807,0.1757,2.8885,2.8039,-5.2088,16.083,127.56,2
144.5,70.878,3.159,0.2754,0.1501,122.26,127.5,-59.432,1.6443,246.79,2
31.356,14.385,2.4757,0.4127,0.2813,19.756,34.114,-6.2821,4.5864,212,2
20.508,12.024,2.5244,0.5232,0.2616,1.5669,-12.885,7.3086,37.614,229.38,2
53.682,45.155,2.9607,0.3656,0.2304,-47.651,-20.821,-22.761,62.274,314.5,2
99.708,17.433,3.2167,0.2653,0.1569,67.614,80.419,-10.643,5.5791,231.59,2
39.544,19.369,2.5434,0.269,0.1445,9.3853,23.991,-12.199,51.391,151.43,2
39.973,8.8352,2.5996,0.6457,0.3205,35.152,35.391,3.5384,36.399,178.11,2
141.21,41.415,3.3613,0.1257,0.0592,15.244,122.15,29.278,70.531,111.3,2
62.863,18.15,2.7993,0.3032,0.1627,2.8006,-65.403,-15.097,52.882,182.57,2
155.86,95.467,3.7478,0.1004,0.0535,-211.84,100.21,-85.842,50.391,254.76,2
34.69,15.642,2.5572,0.4463,0.244,25.311,23.56,14.396,8.1672,97.508,2
19.227,10.224,2.4298,0.6506,0.4108,-5.6524,15.428,8.3542,61.454,188.82,2
20.755,20.72,2.6107,0.321,0.1871,-0.4352,7.3315,9.0566,21.68,83.496,2
83.071,10.66,2.5906,0.2884,0.144,44.569,-63.466,-2.3165,82.46,253.83,2
111.72,56.752,3.1875,0.1608,0.0843,129.87,61.831,10.502,30.69,148.45,2
163.08,42.85,3.1622,0.2668,0.1366,-87.649,-148.88,-27.748,5.5585,287.9,2
19.429,13.204,2.3494,0.3729,0.2192,-2.4983,-8.9053,11.73,32.132,126.94,2
7.3606,2.622,1.9916,0.6587,0.3427,9.4466,2.84,5.4551,17.607,232.27,2
13.214,11.057,2.4188,0.6939,0.452,4.592,-13.567,-7.5881,16.116,94.949,2
19.921,10.343,2.5198,0.6163,0.3761,-5.6802,16.149,8.8758,27.549,242.75,2
17.963,15.016,2.6161,0.5015,0.2628,-5.9069,-22.486,-10.139,60.267,227.8,2
26.539,13.458,2.3459,0.4632,0.2863,30.547,14.977,-11.53,15.493,145.08,2
70.255,9.1898,3.1682,0.1791,0.1246,92.794,-23.772,-10.513,63.732,203.2,2
35.84,16.121,2.5702,0.526,0.3077,-36.464,-17.065,-12.642,70.991,166.98,2
56.854,16.786,2.9701,0.3236,0.175,68.727,34.033,10.852,62.714,246.55,2
117.77,55.957,2.9587,0.2763,0.153,-140.93,90.74,37.044,56.53,305.8,2
89.466,70.676,3.8886,0.1613,0.0839,23.66,-19.277,48.448,31.185,352.87,2
29.709,16.265,2.3968,0.4971,0.3006,18.807,5.9749,-12.683,76.027,250.89,2
107.52,68.349,3.5983,0.0723,0.0413,-10.459,107.16,-59.839,65.053,135.76,2
158.65,55.134,3.6128,0.0929,0.0448,-88.923,-18.014,42.224,44.821,312.17,2
23.09,4.6362,2.2642,0.6891,0.3617,-36.671,-10.28,6.4944,46.687,39.327,2
239.77,32.462,3.1081,0.4108,0.2893,-323.03,190.55,-23.954,42.216,194.98,2
114.79,32.372,2.8862,0.3015,0.1761,63.768,115.44,26.409,19.406,257.97,2
155.02,47.318,3.1937,0.335,0.1755,-129.34,-158.27,40.241,5.5785,353.8,2
36.912,19.53,2.7509,0.3683,0.1812,11.47,5.7815,8.5926,68.447,198.13,2
17.047,12.871,2.4455,0.7794,0.4883,19.187,17.456,11.809,61.351,219.68,2
37.453,21.506,2.8675,0.2361,0.1187,24.119,23.092,10.091,58.568,119.39,2
24.137,9.6727,2.5321,0.5786,0.3098,9.5534,-15.073,8.3869,55.299,145.98,2
126.03,73.142,3.3742,0.1496,0.0767,-139.19,44.966,-93.349,1.508,189.56,2
38.185,0.3877,2.4967,0.559,0.2839,-4.874,-13.89,-12.498,52.443,247.1,2
129.47,50.846,3.0146,0.1641,0.1077,-56.636,-152.62,47.467,33.578,116.82,2
34.058,8.9101,2.5944,0.4377,0.2379,-2.6125,10.244,-5.3386,82.312,243.99,2
50.989,9.8606,2.8549,0.3352,0.2046,21.026,31.707,-6.2376,9.8156,202.94,2
81.955,44.194,3.204,0.2267,0.1388,54.073,44.146,41.242,89.46,205.98,2
23.555,12.057,2.4167,0.5063,0.2641,-12.346,13.315,5.1555,18.574,169.06,2
48.965,17.428,2.9922,0.2808,0.1742,-32.789,15.258,8.6516,61.921,151.41,2
93.889,46.48,3.5995,0.2615,0.1701,14.521,49.154,-42.82,15.212,341.57,2
57.236,8.4897,2.7338,0.3711,0.2273,-3.1795,28.43,-2.471,51.543,129.22,2
19.922,18.189,2.5514,0.4747,0.2542,3.1557,-13.465,14.776,40.256,130.43,2
102.34,25.871,3.2714,0.1219,0.0878,-22.06,-38.874,18.308,79.716,81.11,2
96.432,60.108,3.2192,0.1419,0.0715,88.799,71.98,-55.839,33.833,182.99,2
166.07,132.01,5.0118,0.0162,0.0086,-257.95,84.352,41.515,37.371,162.48,2
20.201,15.835,2.5866,0.4637,0.2733,11.15,13.32,-9.2966,30.029,209.19,2
44.044,15.627,2.9322,0.4009,0.2274,45.511,27.244,-19.366,50.147,243.99,2
16.558,9.0688,2.5881,0.5575,0.307,7.5579,12.733,-2.7168,22.703,71.273,2
18.932,10.915,2.5315,0.6235,0.3426,-9.4961,17.333,10.319,27.758,199.32,2
50.226,17.182,2.9006,0.2942,0.1515,-65.766,44.208,-8.4113,7.402,294.06,2
59.968,47.029,2.9871,0.244,0.1392,-55.108,-23.235,29.384,33.491,260.82,2
222.91,110.87,3.9151,0.0373,0.029,575.24,-264.22,-97.771,37.703,192.78,2
25.331,9.1355,2.6488,0.5567,0.3221,-16.951,15.042,2.9619,89.259,46.134,2
16.757,11.306,2.3766,0.584,0.355,0,0.1543,6.7419,48.504,117.64,2
28.951,15.5,2.8228,0.3699,0.2008,-37.738,-7.4171,-12.239,49.557,218.59,2
27.701,16.692,2.4575,0.6088,0.3096,-16.03,-20.206,-18.83,13.072,86.355,2
224.85,36.331,3.4115,0.1797,0.1242,-210.05,-156.31,-26.813,84.86,224.59,2
47.056,10.991,2.5548,0.6095,0.2915,29.875,35.801,-10.812,74.324,188.4,2
83.218,13.55,2.7959,0.424,0.2536,115.59,-68.574,-8.7644,86.08,196.77,2
45.836,8.3055,2.6207,0.4958,0.3317,24.071,38.46,8.3832,49.125,174.73,2
23.853,7.2392,2.4249,0.688,0.4605,-7.8245,-16.993,5.2628,67.436,212.84,2
21.561,13.037,2.6552,0.5556,0.3774,-10.475,-8.0702,3.0107,7.6756,107.65,2
12.455,12.021,2.0191,0.689,0.3493,15.654,-7.1871,-11.041,1.7809,242.26,2
52.552,24.608,3.035,0.2499,0.1298,79.382,36.552,-18.316,8.7447,289.9,2
18.792,12.514,2.499,0.5895,0.2995,15.457,14.187,-6.7175,83.306,39.186,2
22.612,16.096,2.7328,0.457,0.2692,3.0758,16.669,-13.51,29.981,153.5,2
85.896,14.424,2.6696,0.6694,0.4873,-57.766,-80.415,-16.75,22.46,322.96,2
21.826,15.899,2.7366,0.4904,0.3017,-6.774,-5.2501,3.9688,53.621,205.37,2
23.34,6.8631,2.2401,0.7755,0.3955,15.549,3.1633,-10.545,23.081,201.2,2
12.977,11.234,2.3434,0.7483,0.4059,-14.866,5.9407,-11.39,71.407,178.04,2
62.197,39.151,3.2655,0.1536,0.0795,-67.572,45.384,-36.498,1.945,269.64,2
34.87,9.2518,2.6056,0.4627,0.2445,-13.67,-23.998,-6.4127,62.034,148.71,2
19.567,11.107,2.5044,0.5329,0.2897,-19.636,-7.6712,-8.9364,77.813,159.63,2
30.326,15.91,2.4639,0.4467,0.2526,38.261,8.0953,9.8041,32.789,186.16,2
19.698,9.6076,2.238,0.5896,0.3555,22.827,11.631,-2.1979,26.67,200.17,2
38.179,24.513,2.857,0.246,0.1272,34.03,24.035,-6.6687,43.933,75.763,2
83.081,42.825,3.2565,0.2781,0.1632,-57.254,63.657,20.835,66.696,337.39,2
17.821,10.352,2.356,0.6608,0.3326,-21.718,-10.578,6.7436,73.066,229.7,2
18.953,10.243,2.5786,0.533,0.281,-25.227,-6.7203,3.2979,82.825,212.09,2
24.661,8.469,2.6479,0.6074,0.3566,-4.8075,-6.3548,-8.3547,28.373,105.43,2
141.6,72.825,3.9616,0.1071,0.0573,-12.054,-69.181,-24.93,81.642,407.16,2
18.865,12.915,2.2881,0.6435,0.3639,8.8434,22.164,8.4853,72.29,45.472,2
96.25,44.82,3.3839,0.0817,0.0292,-74.622,-95.148,43.544,17.248,218.11,2
90.755,17.265,3.1602,0.3271,0.2154,-26.675,62.851,-15.613,23.619,309.43,2
26.277,13.081,2.4938,0.4866,0.3034,16.655,3.684,-7.492,72.374,231.83,2
44.38,23.5,2.86,0.294,0.1622,-60.796,14.05,18.524,7.1191,271.52,2
32.256,12.985,2.3195,0.5772,0.3029,-16.41,-35.038,-8.4825,52.915,24.609,2
53.328,15.093,2.6524,0.3444,0.2298,24.457,61.769,-5.2164,11.424,250.24,2
22.213,18.385,2.5653,0.4354,0.2599,-16.56,16.125,13.14,23.648,93.175,2
135.27,65.351,3.5261,0.1096,0.0603,-23.029,98.872,-30.66,24.447,31.563,2
34.389,9.6824,2.6201,0.4197,0.2362,-31.407,17.503,-4.9548,17.236,223.69,2
32.262,17.019,2.6027,0.421,0.2708,9.0705,-17.588,16.248,68.652,132.96,2
96.584,56.238,3.3838,0.2649,0.187,-32.361,-89.662,35.021,11.843,396.8,2
18.959,4.6139,2.4571,0.6909,0.3886,-22.058,-7.4096,-3.446,88.413,90.586,2
14.204,9.9458,2.3189,0.7329,0.4258,6.2069,-18.637,5.4192,9.7836,77.364,2
35.649,10.241,2.5687,0.6035,0.3943,34.068,20.515,13.3,36.353,172.75,2
57.082,10.222,2.6669,0.3388,0.1669,-83.055,20.441,-4.0038,46.769,245.66,2
117.09,67.45,3.0515,0.1767,0.0928,-12.667,75.989,42.486,2.2464,221.7,2
173.94,55.788,3.1599,0.2457,0.1484,121.63,145.67,57.081,54.566,128.88,2
24.464,22.422,2.6289,0.4371,0.2503,0.7043,-21.286,16.259,87.937,70.725,2
88.726,51.795,3.5083,0.1092,0.0551,-21.418,-76.272,29.995,35.63,210.94,2
179.44,84.92,3.393,0.1788,0.103,-185.77,87.525,49.807,16.526,123.39,2
65.521,37.587,3.2052,0.159,0.0814,4.3072,-45.612,36.814,61.024,193.28,2
135.8,22.455,2.9952,0.3741,0.2068,-106.41,65.906,-20.278,57.995,275.68,2
20.468,17.339,2.5453,0.5869,0.4088,3.2623,17.611,17.989,46.204,227.21,2
49.642,9.84,2.4961,0.5485,0.2908,-53.407,-42.97,-10.796,26.764,249.2,2
28.237,16.272,2.372,0.4416,0.2272,-27.544,-24.639,-11.732,40.389,172.79,2
21.155,9.6927,2.4502,0.6277,0.3564,-1.2294,13.521,6.454,42.365,144.99,2
22.802,0,2.055,0.7401,0.4185,0,0,-10.706,12.199,79.743,2
191.75,78.054,3.5381,0.1547,0.0859,-206.99,-132.29,74.065,80.963,274.35,2
30.151,11.35,2.4271,0.4308,0.2117,1.3112,16.631,-6.2395,59.523,87.641,2
158.97,55.615,3.6952,0.0639,0.0293,107.22,122.72,37.582,64.191,178.25,2
129.74,65.012,4.1019,0.0904,0.0482,-204.98,45.035,-44.281,31.342,316.82,2
73.889,20.924,2.6997,0.2487,0.1527,81.2,25.297,-20.27,20.778,130.21,2
31.565,8.7083,2.6503,0.5794,0.3031,-17.769,-21.478,9.0608,30.705,114.33,2
21.151,6.3785,2.5867,0.7077,0.4315,42.228,20.955,-2.9335,21.483,164.44,2
34.379,8.8483,2.7387,0.436,0.2831,7.6634,-14.294,3.1596,52.323,212.29,2
147.51,49.762,3.2971,0.2135,0.1136,-144.89,-91.356,-39.12,33.444,254.89,2
21.386,16.573,2.3528,0.7327,0.3852,6.4741,27.367,10.468,36.159,64.934,2
50.55,11.488,2.8896,0.3172,0.1747,-33.628,-34.837,-7.2508,24.165,57.076,2
197.29,52.538,3.4971,0.2249,0.1134,-96.493,-160.67,47.054,56.504,292.4,2
166.52,67.797,3.5938,0.1348,0.0829,-280.6,-110.01,-63.734,86.556,237.16,2
25.784,13.337,2.4624,0.4793,0.281,11.614,14.928,-9.3009,20.38,148.37,2
24.2,7.7574,2.5193,0.4792,0.3081,18.308,-14.521,-3.542,59.21,112.94,2
41.48,13.993,2.8847,0.3495,0.1886,24.204,18.8,-9.2038,82.392,106.55,2
92.989,43.805,3.1059,0.1936,0.1085,-110.4,-63.961,-63.162,78.548,172.73,2
35.138,6.497,2.7193,0.5954,0.3273,26.78,21.521,-8.2411,46.056,234.21,2
48.601,31.33,2.828,0.2273,0.1181,-57.734,-44.654,-7.4847,21.43,96.203,2
23.964,14.508,2.4893,0.5446,0.3225,5.4312,14.309,12.849,21.423,186.08,2
53.534,26.375,2.8671,0.3405,0.1633,-47.177,51.74,12.618,14.843,276.58,2
18.431,14.102,2.5821,0.5182,0.3167,13.452,22.221,18.227,36.387,197.76,2
173.88,72.474,3.2472,0.1398,0.0733,77.039,196.64,-82.514,67.528,191.6,2
29.694,7.6929,2.523,0.4932,0.2777,17.133,3.2959,6.1675,25.287,206.73,2
54.525,10.563,2.8595,0.4729,0.2356,-8.8847,-4.5808,5.7092,81.549,94.627,2
39.316,3.1912,2.7012,0.4615,0.2379,30.772,21.518,-1.5719,81.632,162.94,2
182.2,30.116,3.6056,0.1217,0.0534,-235.42,-218.13,13.22,2.0516,93.757,2
84.856,45.281,3.3627,0.2508,0.1351,-38.565,-69.831,10.97,19.928,278.96,2
75.198,49.121,3.3402,0.1316,0.0688,-63.44,-53.861,-43.537,27.139,141.64,2
61.755,7.2247,3.0021,0.2433,0.1069,-24.562,-36.266,-7.6131,24.721,156.19,2
39.926,6.1255,2.7225,0.4622,0.3008,-46.672,-37.306,-7.145,48.223,69.31,2
15.056,12.5,2.1824,0.8173,0.414,-17.547,-6.0448,-10.1,42.778,192.28,2
123.29,29.478,3.2032,0.1452,0.093,27.106,19.857,-36.886,32.226,94.207,2
25.567,14.281,2.5447,0.388,0.2097,-18.561,-9.2701,1.9799,85.359,222.37,2
19.09,8.9402,2.3579,0.6886,0.4715,-4.5386,13.682,-10.334,31.891,153.16,2
144.28,21.669,2.8651,0.2941,0.1506,-0.9184,-60.412,11.162,45.929,294.13,2
14.182,6.5379,2.5653,0.6993,0.3826,13.558,-7.9053,-6.4439,89.618,245.82,2
183.62,71.524,3.3483,0.3686,0.2226,-174.91,-149.21,105.18,72.373,450.35,2
82.696,14.949,3.1826,0.2069,0.1061,-45.16,36.181,12.854,65.25,173.01,2
31.062,26.594,2.8485,0.377,0.2077,-22.571,15.786,17.114,31.049,228.89,2
216.47,36.506,3.0806,0.3032,0.169,-211.35,82.52,34.23,61.342,240.91,2
20.752,8.9492,2.3874,0.6434,0.3586,24.065,10.593,1.8768,36.306,126.39,2
78.945,15.072,3.0983,0.3979,0.2341,-6.3485,70.217,-6.0354,38.022,343.61,2
17.264,9.5686,2.3383,0.5855,0.3556,-3.0337,8.7888,5.3275,58.699,189.76,2
22.242,9.5742,2.2878,0.634,0.3737,-21.82,-19.15,-11.325,60.172,263.53,2
19.59,12.04,2.3222,0.6524,0.35,8.0081,20.162,-8.6653,84.112,172.36,2
61.199,37.072,3.4754,0.1379,0.0745,26.764,33.154,35.643,45.941,226.92,2
50.323,18.583,2.7749,0.2385,0.1301,-37.306,-43.896,-13.465,61.189,196.91,2
10.172,8.5135,2.3212,0.8271,0.51,10.935,8.7851,7.7255,36.157,98.946,2
13.812,9.2433,2.3253,0.8511,0.4563,14.201,6.2643,11.57,62.436,205.99,2
124.46,25.323,3.3427,0.1508,0.0736,68.506,68.127,28.032,57.518,237.24,2
21.509,11.467,2.7017,0.4379,0.249,7.1733,14.406,10.361,27.719,175.91,2
39.895,13.653,2.5521,0.5498,0.2875,-34.669,-27.09,-9.3098,46.285,241.17,2
18.761,7.4257,2.3454,0.781,0.4718,-2.786,7.8638,-2.7913,86.567,204.29,2
21.961,15.158,2.5353,0.519,0.3338,9.4394,15.408,12.813,50.547,161.91,2
45.759,31.449,2.923,0.1648,0.0854,-33.065,-31.098,5.5287,36.13,142.64,2
27.8,14.056,2.6839,0.4203,0.2308,-16.287,7.6449,-9.2172,38.023,97.734,2
46.681,19.087,2.9408,0.3117,0.1874,-30.732,14.864,18.086,77.979,101.64,2
100.78,66.078,3.1148,0.152,0.0764,52,109.72,-40.404,57.827,181.08,2
46.625,24.555,3.0206,0.2766,0.1435,16.641,35.869,-12.46,39.685,125.35,2
21.39,10.361,2.5145,0.6453,0.4052,-17.276,-18.409,9.5312,45.883,177.89,2
77.628,20.342,2.8896,0.3649,0.1876,57.039,48.74,-7.2719,46.029,96.767,2
15.503,11.627,2.6977,0.5482,0.2962,-4.6309,3.5972,-8.5648,32.319,214.66,2
20.007,12.855,2.357,0.5495,0.2747,-17.422,-6.0294,-7.7629,58.573,131.91,2
29.864,10.738,2.7927,0.4996,0.2635,-2.5581,21.109,6.4383,25.071,237.51,2
223.47,93.162,4.0162,0.1024,0.0515,-243.26,-168.47,-52.319,68.635,358.78,2
25.519,24.413,2.5244,0.3767,0.2018,-12.349,-18.676,19.825,79.439,176.81,2
113.55,54.022,3.0935,0.191,0.143,81.395,102.88,-59.892,84.691,237.15,2
60.095,20.791,2.9151,0.2006,0.1052,75.875,40.923,-12.669,18.689,223.37,2
30.289,12.794,2.4518,0.4806,0.2845,19.259,25.34,8.6476,44.754,209.32,2
294.34,59.63,3.304,0.1888,0.1147,396.34,-178.56,-45.104,57.502,128.56,2
26.147,8.3126,2.5955,0.4855,0.3044,31.792,33.727,-11.172,19.982,223.12,2
65.995,33.883,3.4581,0.2372,0.159,-71.058,-41.77,-22.2,40.113,271.92,2
33.527,10.878,2.8017,0.3757,0.1965,21.674,23.356,5.0008,41.94,133.62,2
46.502,28.119,3.0382,0.2033,0.1058,26.145,-21.687,-26.032,86.168,159.45,2
99.501,24.247,2.8102,0.4628,0.233,-87.231,-74.133,7.8635,10.037,302.58,2
38.617,9.5983,2.6217,0.3609,0.2164,7.6981,0.3058,-11.301,88.24,250.81,2
200.88,59.748,4.0229,0.0864,0.0484,127.16,127.1,40.46,85.576,295.34,2
37.047,22.233,2.9639,0.3335,0.1767,-31.917,-15.721,-10.913,0.6088,127.54,2
229.45,41.048,3.7118,0.0732,0.043,-223.37,-75.865,9.4872,16.809,121.95,2
110.9,18.425,3.2746,0.1287,0.0881,-27.628,-43.572,-10.181,87.572,214.36,2
19.397,15.326,2.5076,0.5567,0.3211,27.506,23.115,-20.171,43.954,147.29,2
46.741,17.576,2.9085,0.2545,0.1477,-46.517,-32.401,14.332,71.321,147.18,2
43.24,16.474,2.7128,0.4054,0.2502,18.873,50.061,17.998,81.13,225.49,2
20.084,0,2.666,0.8846,0.4498,9.5794,-15.673,0,34.225,138.58,2
40.715,13.412,2.7214,0.3229,0.1643,36.095,-11.551,12.841,63.508,200.17,2
19.307,9.5213,2.5315,0.6088,0.4044,-20.479,-13.759,1.8875,87.767,135.2,2
19.267,15.617,2.5211,0.4518,0.2485,-0.3193,-5.9609,-6.9701,82.251,37.675,2
49.927,16.912,2.4829,0.4375,0.2286,-49.61,-40.084,-9.8338,67.605,80.665,2
65.868,25.703,2.9088,0.4602,0.2684,-56.916,33.048,19.381,15.196,283.92,2
29.453,8.7375,2.5508,0.5513,0.3446,31.083,23.825,7.8849,64.633,142.24,2
24.477,10.255,2.4706,0.511,0.2961,-6.2021,-18.349,7.5862,73.967,146.97,2
17.187,11.189,2.3284,0.5587,0.3028,-1.6795,6.9433,4.7963,19.779,219.71,2
117.55,48.659,3.5949,0.1484,0.0845,-96.537,-117.82,32.14,28.412,323.66,2
13.563,10.032,2.4158,0.8177,0.4127,-14.916,-2.7401,11.842,33.723,197.66,2
15.662,14.876,2.3181,0.5084,0.2468,-32.543,-21.399,6.266,7.6909,220.73,2
173.61,49.788,3.5218,0.2063,0.1037,-228.88,-93.078,32.194,81.631,303.38,2
16.975,11.042,2.3617,0.613,0.3674,1.8765,-6.3249,-7.2341,46.389,118.25,2
67.15,52.268,2.9472,0.3072,0.1666,64.373,51.053,-30.353,55.164,234.8,2
92.767,37.838,2.9088,0.2759,0.1334,-53.476,-69.514,26.189,21.235,164.99,2
92.915,43.971,3.012,0.3589,0.2534,-108.76,25.506,33.272,51.079,257.83,2
31.157,12.481,2.7657,0.3962,0.2461,-1.3577,20.857,-8.5808,16.279,60.757,2
60.198,20.907,2.8398,0.2752,0.157,59.368,64.559,-5.3056,57.488,144.73,2
87.946,55.492,3.5721,0.1372,0.0818,-22.673,-108.63,51.274,89.672,105.07,2
157.59,41.291,3.5157,0.1946,0.1343,-198.46,-127.24,37.514,23.501,265.91,2
28.565,14.531,2.5551,0.4345,0.2354,-11.183,-14.394,-11.978,50.134,130.19,2
41.734,24.797,2.8215,0.2685,0.1486,-18.209,-27.212,-17.38,62.685,58.655,2
75.45,14.403,2.8432,0.4075,0.226,-47.426,-76.345,14.28,41.471,65.115,2
20.889,10.571,2.6004,0.66,0.3802,22.584,14.755,10.808,38.241,197.91,2
53.98,12.985,2.9138,0.2829,0.1457,13.493,37.326,2.7799,18.327,148.5,2
109.73,21.937,3.1801,0.1909,0.0974,95.267,80.771,21.485,36.875,254.71,2
44.484,13.999,2.7619,0.3183,0.1964,18.361,26.15,-2.1074,78.462,203.95,2
25.731,7.547,2.7485,0.494,0.294,15.905,12.12,1.2232,49.506,94.49,2
76.023,29.73,3.1676,0.2407,0.1322,48.367,-48.233,-19.346,85.406,178.37,2
24.37,12.969,2.4857,0.5131,0.3056,0.0363,21.883,7.8929,10.15,208.79,2
51.484,17.622,2.9605,0.2464,0.144,78.248,-17.284,11.016,51.603,134.19,2
14.042,9.7789,2.5095,0.754,0.4757,-3.0844,4.663,8.9316,31.161,205.21,2
83.782,9.5265,3.2285,0.1906,0.108,-106.18,43.941,11.037,56.725,245.48,2
91.115,20.988,3.2055,0.1975,0.1,31.787,56.295,7.0787,32.083,300.51,2
276.25,53.632,3.1099,0.3315,0.172,-269.52,125.08,-49.71,24.795,192.86,2
45.012,10.926,2.8482,0.3872,0.2362,29.116,37.944,-7.2975,39.744,203.12,2
85.094,41.873,3.3903,0.2678,0.1345,-84.397,-109.84,-21.962,4.1744,395.03,2
41.877,19.086,2.9004,0.312,0.1629,-45.699,-35.059,-10.078,54.952,207.6,2
83.647,37.633,2.9117,0.2426,0.1256,-26.262,-83.295,-11.796,59.065,225.91,2
30.003,13.43,2.7275,0.5169,0.3137,-2.7746,22.387,-11.459,76.504,226.54,2
134.83,31.856,3.464,0.2387,0.1235,-37.892,-69.052,-26.087,10.009,325.29,2
109.82,56.94,3.6219,0.0779,0.0486,-134.1,-25.858,55.838,57.267,126.65,2
28.403,10.473,2.3473,0.5708,0.3843,28.158,23.512,-9.9098,51.142,244.72,2
42.083,11.565,2.866,0.3921,0.2457,16.59,36.338,-8.451,18.539,239.75,2
130.89,94.933,4.2992,0.0891,0.0514,47.052,-84.503,-61.165,89.703,377.45,2
79.435,11.526,3.1433,0.2408,0.1219,33.534,39.966,-10.359,15.988,160.67,2
250.38,32.146,3.0981,0.3558,0.2653,-180.61,-129.42,-24.004,40.643,258.83,2
53.435,26.493,2.9611,0.2221,0.1185,-133.8,60.513,-10.898,11.022,269.07,2
78.542,23.237,2.6376,0.3207,0.1772,67.469,72.514,-11.067,6.6241,140.88,2
94.188,55.801,3.4351,0.1076,0.071,91.407,-76.97,-53.051,84.127,195.03,2
235.49,60.034,3.1831,0.1181,0.0659,-287.56,-230.86,-55.62,54.375,73.188,2
17.419,8.0879,2.4728,0.7508,0.5774,-1.0364,10.733,9.1531,39.614,193.86,2
121.57,29.062,3.3412,0.3196,0.1543,-139.8,-69.814,-26.283,21.508,331.84,2
32.97,19.141,2.6149,0.3883,0.2367,-2.0584,-32.71,-13.798,30.815,154.29,2
123.89,17.176,2.6998,0.3752,0.1886,101.37,104.65,3.8947,9.9324,352.52,2
68.834,19.209,2.7168,0.3168,0.1774,85.138,-71.094,8.0555,39.62,130.57,2
39.065,12.805,2.7789,0.3461,0.1955,24.346,25.707,-9.1902,35.984,246.04,2
150.43,99.692,4.2499,0.0767,0.0386,-151.26,-142.06,-72.071,62.258,332.52,2
56.2,6.2789,3.0242,0.3895,0.1994,44.89,37.178,6.6163,19.084,172.11,2
27.07,7.2547,2.4543,0.5766,0.3493,27.24,20.033,-2.8368,43.288,212.06,2
107.8,19.025,3.1179,0.2478,0.1498,-88.474,56.679,7.3541,47.462,288.77,2
18.809,11.131,2.5496,0.6037,0.4245,0.5645,-3.0608,11.818,75.574,222.59,2
222.77,24.856,2.8765,0.3269,0.1654,129.91,231.45,14.66,20.158,78.791,2
34.636,15.468,2.6106,0.4514,0.2396,-48.837,7.0115,-9.4341,44.75,124.11,2
130.34,34.345,3.0147,0.1634,0.0865,-54.748,-115.28,25.133,84.543,238.26,2
111.38,46.801,3.5667,0.2067,0.1103,7.9863,-63.735,35.205,42.79,365.12,2
57.793,11.631,2.8296,0.2754,0.1458,-77.795,-41.303,-7.48,19.718,152.55,2
31.162,15.051,2.6454,0.3756,0.1889,35.928,-20.831,-10.849,83.156,221.04,2
19.23,17.052,2.5916,0.4891,0.3291,6.4469,12.648,12.903,78.673,59.36,2
46.032,9.2692,2.8887,0.4031,0.2125,30.7,31.143,4.1651,39.539,193.38,2
125.7,20.856,2.8179,0.397,0.2,50.015,147.48,-4.7045,7.3945,248.81,2
83.423,24.542,2.894,0.2936,0.164,-64.223,-66.285,17.46,71.024,237.57,2
85.778,23.85,2.7803,0.4615,0.2803,-17.277,-106.52,-10.202,26.992,206.05,2
149.54,35.575,3.3561,0.1735,0.0887,-54.029,107.08,30.671,51.077,291.4,2
100.47,42.342,3.5625,0.1389,0.0473,59.556,73.886,-37.968,25.545,227.81,2
127.24,44.433,3.1192,0.3204,0.1692,-155.06,-91.387,23.628,14.389,294.72,2
29.532,13.474,2.5676,0.3978,0.2152,38.656,13.595,7.3248,79.375,196.19,2
156.93,34.938,3.0743,0.1688,0.1193,163.33,85.01,-15.849,44.889,208.45,2
59.845,23.981,2.9299,0.3091,0.1689,-12.459,-54.837,-12.851,4.9917,136.63,2
86.722,68.36,3.8487,0.1561,0.0804,-87.188,-34.496,34.698,5.338,393.46,2
90.092,11.987,2.5378,0.4029,0.2072,-75.433,26.496,4.7746,56.827,110.85,2
80.587,17.685,2.7288,0.3735,0.1895,-72.781,-48.078,13.051,55.523,84.896,2
17.778,10.507,2.2989,0.6281,0.3593,-1.9834,7.3963,-6.9946,40.592,232.61,2
85.945,38.135,3.083,0.2547,0.1289,125.95,-73.095,19.432,54.901,205.57,2
161.91,51.68,3.3354,0.1421,0.0934,-165.54,-40.17,48.407,53.596,250.02,2
161.33,43.6,3.0366,0.193,0.1098,-215.2,93.189,-29.646,0.7979,284.35,2
25.599,6.5566,2.5586,0.5521,0.3032,20.086,10.704,1.8806,2.309,201.71,2
268.85,28.054,2.9917,0.2521,0.1248,-260.15,-293.18,20.753,57.46,335.43,2
23.093,14.064,2.643,0.4573,0.2901,10.146,12.056,-9.6964,22.923,127.8,2
98.162,15.342,3.1689,0.1776,0.0912,51.035,58.955,12.908,86.181,177.71,2
16.64,5.7734,2.1857,0.7494,0.4309,13.212,23.745,-3.9859,4.4329,94.895,2
57.943,29.976,3.0265,0.5296,0.4078,-23.44,-55.141,-31.193,48.107,322.51,2
40.236,8.9929,2.7544,0.4898,0.2803,24.298,8.4631,-0.4376,2.8904,127.31,2
22.864,14.998,2.3152,0.4789,0.2475,15.543,15.506,-13.323,39.517,171.71,2
59.639,11.152,2.8839,0.3109,0.1681,12.581,66.632,10.943,36.051,257.84,2
215.17,102.37,4.0593,0.0431,0.0381,-305.46,152.72,75.461,89.716,162.88,2
47.883,20.366,3.0152,0.3323,0.2034,-62,35.902,3.184,11.271,271.5,2
41.658,16.083,2.8058,0.2788,0.168,-26.634,25.912,-17.158,78.96,213.99,2
17.287,10.625,2.4777,0.5751,0.2994,-22.335,-19.454,7.0827,86.434,158.31,2
185.16,47.002,3.0927,0.2956,0.1723,-227.62,-22.784,-30.396,31.192,90.629,2
30.494,11.199,2.7517,0.4677,0.2347,-8.196,17.626,11.462,32.676,100.3,2
172.22,49.592,3.4387,0.2123,0.1138,-79.093,-93.486,47.683,14.479,258.91,2
145.42,57.072,3.2118,0.323,0.1661,-133.16,-126.38,41.978,55.772,268.64,2
17.159,14.682,2.5132,0.6748,0.4248,-2.3945,-13.896,-12.942,52.812,156.19,2
243.16,142.46,3.6309,0.131,0.0661,-195.69,-219.97,125.38,71.309,341.79,2
108.14,54.856,3.2102,0.1676,0.0903,-7.9373,-56.656,-29.356,7.212,322.64,2
155.14,36.139,3.1688,0.1959,0.1061,84.439,161.03,10.555,64.105,224.08,2
33.416,29.174,2.8811,0.323,0.1696,15.588,43.066,-20.592,30.396,267.72,2
59.56,17.523,2.9757,0.2285,0.1158,27.691,42.22,14.268,40.332,264.1,2
40.109,26.922,2.9841,0.247,0.1245,40.675,34.484,-21.323,27.932,208.49,2
101.79,19.29,3.2609,0.3504,0.1856,-34.933,-55.921,-6.4543,20.49,347.32,2
165.58,94.421,4.3399,0.04,0.0204,10.651,19.957,102.21,16.109,174.92,2
40.358,20.39,2.7731,0.3423,0.1847,32.507,25.467,-13.201,30.093,195.15,2
25.193,6.6904,2.4069,0.5127,0.3233,1.1853,17.768,10.589,63.84,45.793,2
57.025,7.2947,2.9086,0.3039,0.1487,28.839,11.208,8.8095,70.578,148.94,2
39.247,12.935,2.5581,0.37,0.2036,36.443,21.028,8.1881,55.108,143.21,2
131.16,33.058,3.5216,0.0494,0.0445,81.017,124.4,-12.986,7.5425,54.812,2
21.933,6.617,2.4057,0.7308,0.4342,-22.529,-13.74,6.6181,58.58,148.43,2
52.742,17.756,2.9372,0.2167,0.1452,26.954,14.248,10.89,73.79,220.25,2
75.888,32.971,3.2363,0.1428,0.0746,-124.17,36.343,17.967,43.358,205.6,2
125.75,45.755,3.1707,0.299,0.1792,-69.186,-110.11,-22.189,6.949,260.53,2
26.93,12.618,2.4103,0.4712,0.3054,17.186,-14.185,1.5599,69.138,111.58,2
28.532,15.178,2.6686,0.4306,0.2399,30.963,21.794,21.925,62.75,254.05,2
22.577,11.472,2.5455,0.5105,0.3035,31.799,18.235,9.1647,7.5845,275.74,2
13.164,5.9506,2.5699,0.6106,0.3861,-3.2545,6.3472,-6.9908,89.495,176.51,2
138.85,101.62,3.4782,0.1535,0.1083,-81.057,67.081,-46.2,64.062,382.37,2
69.945,23.082,3.7401,0.1615,0.0981,-47.679,-54.904,18.683,57.393,156.13,2
106.2,58.844,3.4895,0.1736,0.0889,81.811,47.079,48.22,60.831,93.309,2
33.343,8.3643,2.3936,0.497,0.2687,-0.2477,10.029,-2.7907,61.489,210.06,2
26.738,11.285,2.6556,0.5083,0.2773,16.39,10.732,11.757,75.165,168.99,2
40.836,10.443,2.8212,0.3698,0.194,41.524,25.902,11.877,24.092,111.8,2
52.584,11.424,2.8736,0.3706,0.1933,23.912,-25.473,-3.5025,83.659,237.02,2
165.43,85.834,3.4531,0.1771,0.1055,-2.0326,-63.179,91.771,40.309,298.8,2
181,145.78,4.4571,0.0516,0.0277,-63.522,-160.89,132.39,67.174,291.99,2
88.167,46.887,3.2786,0.3,0.1704,30.865,-101.59,26.025,20.177,342.18,2
173.88,72.474,3.2472,0.1398,0.0733,77.039,196.64,-82.514,67.528,191.6,2
75.037,22.14,2.786,0.2488,0.135,-83.585,63.822,4.1572,21.924,284.8,2
115.83,64.418,3.2218,0.1464,0.0789,-178.44,58.438,51.03,47.159,354.94,2
120.94,58.671,4.0819,0.0936,0.0518,46.988,115.16,-72.179,51.846,149.76,2
16.727,10.989,2.5769,0.7285,0.6159,8.9765,19.138,-11.351,28.904,177.27,2
83.394,25.039,2.7304,0.3721,0.2149,-85.162,-23.726,23.285,12.921,305.94,2
13.721,9.0672,2.2695,0.7527,0.3896,33.727,8.9243,-6.9319,81.452,220.82,2
31.379,20.904,2.8558,0.3596,0.1958,26.215,29.266,-18.194,79.437,222.87,2
20.309,10.234,2.42,0.6616,0.3441,-5.1257,16.104,-6.6826,26.924,88.134,2
178.8,27.819,2.8557,0.2507,0.1362,-127.05,-157.96,11.395,53.59,162.06,2
70.338,46.881,3.1054,0.2021,0.1317,-34.509,-78.534,-34.801,49.916,231.6,2
50.199,27.244,2.6972,0.4562,0.2326,-9.3634,20.291,-18.664,21.918,345.32,2
43.682,15.109,2.5011,0.3091,0.1562,32.963,34.308,13.085,30.172,144.25,2
150.95,35.031,3.4776,0.1699,0.0893,-156.66,-64.53,31.743,12.96,220.95,2
128.26,75.051,3.7195,0.1078,0.0603,19.738,106.8,-43.861,64.379,351.87,2
166.91,69.333,3.4314,0.1933,0.0974,-243.77,-64.794,-59.052,19.631,321.51,2
157.48,44.98,3.0862,0.2802,0.2301,-174.47,118.03,35.963,69.003,227.98,2
13.203,10.782,2.3375,0.777,0.4253,-14.453,0.7039,-11.66,48.284,203.09,2
32.007,9.5178,2.7774,0.5876,0.2997,21.211,24.901,8.8641,6.1299,207.82,2
76.735,46.049,3.1308,0.1336,0.0627,73.774,72.781,36.156,2.1935,189.52,2
76.601,33.87,2.9424,0.1971,0.1437,-150.95,81.182,28.464,32.278,198.33,2
35.782,19.222,2.7709,0.461,0.3025,28.015,35.099,-18.388,85.384,139.9,2
216.89,93.939,3.6091,0.1137,0.0519,-222.34,-152.38,-111.99,28.77,166.26,2
17.692,7.5442,2.4103,0.5977,0.3226,-5.5609,1.0832,5.8182,49.589,241.56,2
47.105,11.218,2.6246,0.3341,0.1915,2.5201,15.781,-1.7044,70.532,58.996,2
49.464,20.705,2.9491,0.2462,0.1355,3.0888,-20.3,17.623,43.721,139.1,2
35.471,8.6958,2.5729,0.4641,0.2453,-8.9429,-18.965,-1.5626,73.641,107.26,2
45.433,10.494,2.49,0.466,0.2605,56.292,25.309,5.1673,72.747,189.82,2
17.819,16.304,2.6776,0.5168,0.2868,14.545,12.154,-13.515,5.9996,135.28,2
23.099,12.309,2.721,0.4715,0.2367,22.566,11.827,-9.8127,14.761,251.34,2
31.507,22.74,2.862,0.2798,0.1616,5.3973,24.039,17.689,38.397,165.2,2
88.418,21.151,3.1093,0.1727,0.1066,-24.49,-24.315,8.3027,75.365,219.11,2
140.8,87.578,3.4786,0.2362,0.1354,-156.33,-100.46,-113.22,35.534,308.29,2
138.7,71.514,3.9051,0.069,0.0353,43.592,-109.73,57.127,65.301,132.32,2
31.391,29.525,2.918,0.4746,0.2651,14.126,18.111,-30.485,7.575,173.62,2
22.067,12.7,2.3493,0.4966,0.2528,17.171,11.105,7.6263,52.585,195.67,2
28.308,12.943,2.596,0.3828,0.2015,14.472,15.334,-7.0111,53.097,177.96,2
34.248,9.5415,2.7431,0.3216,0.1482,-10.251,10.971,-7.1032,74.289,130.45,2
30.098,9.5797,2.6812,0.4854,0.2698,-1.8135,21.891,7.2705,9.1993,127.87,2
40.381,23.816,2.8069,0.2632,0.1517,-15.408,36.562,15.086,6.8587,87.197,2
19.569,12.275,2.1932,0.7355,0.3954,5.0862,9.0451,-11.706,43.784,197.46,2
21.431,6.9151,2.5105,0.8056,0.6065,10.076,21.934,8.6743,38.947,172.06,2
92.113,15.227,3.0271,0.2461,0.1301,-49.306,36.053,-12.938,5.113,28.846,2
201.28,88.221,2.7455,0.5112,0.278,-179.29,-166.24,73.335,11.891,317.15,2
29.553,17.659,2.6821,0.42,0.2318,-17.322,-20.397,17.206,43.081,208,2
97.868,42.399,3.0145,0.2747,0.1465,13.974,68.618,-25.752,18.895,342.37,2
97.461,57.093,3.8031,0.1859,0.1062,-35.924,-65.566,32.318,30.85,327.27,2
92.383,43.642,3.2032,0.1799,0.1193,-26.93,64.844,-35.338,47.699,335.96,2
179.99,75.434,3.6182,0.1332,0.069,-125.49,-114.39,37.579,5.1421,204.15,2
10.241,6.6381,2.3786,0.7462,0.3717,-16.69,3.6371,9.4689,89.147,192.32,2
35.737,14.132,2.6741,0.4666,0.2717,15.417,24.37,-9.1083,32.871,68.357,2
23.498,23.14,2.5544,0.3295,0.1689,47.078,14.219,-9.7139,68.039,89.106,2
70.204,13.844,3.0624,0.2165,0.1087,-7.9688,-20.634,4.3559,58.239,174.86,2
101.53,19.515,3.1865,0.1907,0.0993,-5.296,-59.327,9.3474,16.114,76.13,2
102.01,16.897,2.5624,0.4903,0.254,-109.24,46.645,-5.9363,13.278,237.24,2
206.53,105.16,3.362,0.3793,0.2417,-274.98,174.44,-91.891,84.631,336.13,2
157.3,74.408,3.1547,0.2759,0.1635,153.76,84.047,-56.415,2.6081,96.505,2
127.91,31.728,3.0046,0.3839,0.2434,-68.755,-80.21,-23.704,39.212,298.24,2
16.981,11.309,2.5664,0.7191,0.4763,-7.418,12.752,-4.224,33.262,227.9,2
26.668,6.9778,2.3424,0.624,0.4314,7.6505,10.468,-7.5606,1.1053,133.47,2
74.341,28.476,2.9366,0.2709,0.1163,62.9,48.37,-19.572,80.979,217.05,2
273.43,220.51,3.5,0.0645,0.0529,349.11,140.81,-90.301,51.532,162.61,2
35.132,9.2773,2.7613,0.3882,0.2439,-11.8,17.704,-6.5113,31.756,143.99,2
32.95,12.578,2.7443,0.4583,0.2948,31.808,22,11.658,41.97,198.4,2
21.43,10.506,2.5601,0.6384,0.4393,-3.75,17.368,-11.386,7.4151,151.92,2
102.26,68.781,3.5194,0.1303,0.0664,-70.856,-64.139,-26.85,32.63,345.22,2
187.09,119.3,3.4404,0.1513,0.0909,-122.49,-141.27,83.032,69.707,334.17,2
50.583,18.903,2.7525,0.38,0.2262,43.101,37.359,-10.298,23.813,209.06,2
25.112,16.746,2.6904,0.4218,0.2126,-25.947,-3.9846,-3.3261,42.248,178.21,2
27.428,13.531,2.3493,0.4608,0.2438,-15.242,-13.217,12.86,83.184,170.57,2
106.12,28.465,3.408,0.1501,0.0895,-123.93,81.645,18.66,5.0586,238.94,2
18.503,14.313,2.4961,0.3301,0.1807,-8.8738,1.6084,-16.862,86.555,158.5,2
18.539,10.14,2.2923,0.6276,0.3138,3.1107,-9.8429,-6.0326,42.456,148.16,2
31.226,15.994,2.6335,0.386,0.2547,9.5681,27.25,-15.147,34.823,146.66,2
96.951,19.204,2.662,0.4737,0.3404,70.445,102.22,-4.2373,80.933,80.978,2
14.257,8.5572,2.4965,0.6981,0.3821,32.264,12.976,0.5516,60.581,225.18,2
97.479,17.685,3.0989,0.1831,0.073,58.934,81.078,-5.9905,54.321,262.93,2
23.702,7.0161,2.4049,0.6741,0.3775,-19.885,4.7087,-3.7805,88.368,254.14,2
44.589,10.519,2.7447,0.3618,0.2187,1.9742,-21.658,-6.0349,76.24,181.92,2
22.363,15.451,2.6518,0.4434,0.2737,20.138,2.0184,-12.814,63.553,149.48,2
16.677,11.441,2.3385,0.5826,0.305,1.9848,-6.7611,-4.1854,61.153,221.5,2
134.92,78.966,3.4392,0.2747,0.1164,-125.92,104.43,50.383,73.791,327.8,2
75.083,17.212,3.1222,0.2423,0.1309,-0.7595,49.341,11.461,35.304,267.8,2
187.26,62.768,3.4443,0.1891,0.1055,-158.2,-152.61,-60.473,44.665,240.98,2
29.802,6.9143,2.6234,0.5739,0.3355,13.246,-14.041,-7.8159,18.352,122.06,2
82.183,22.68,2.7296,0.3616,0.1911,-72.397,-50.036,-14.811,78.212,119.47,2
134.25,88.935,3.0835,0.3319,0.2202,-74.511,-159.35,-78.639,67.424,273.88,2
59.281,40.879,2.9447,0.204,0.1114,-66.047,44.036,34.544,43.245,260.21,2
202.79,90.745,3.588,0.1516,0.0943,-122.68,-124.42,102.18,30.154,230.76,2
15.658,13.104,2.5234,0.6091,0.3245,-2.3962,4.8614,-1.0278,65.184,118.31,2
24.109,13.678,2.4513,0.4671,0.2712,0.1818,-3.0426,10.462,84.428,193.41,2
38.116,26.452,2.8264,0.2685,0.1663,-5.0642,31.155,-21.235,66.013,49.022,2
146.43,42.527,3.4172,0.1991,0.1042,-130.28,-83.51,35.495,65.351,280.71,2
71.679,35.823,3.4123,0.3189,0.167,-81.251,-60.976,-28.072,27.29,374.67,2
170.51,52.324,3.126,0.2147,0.1238,-199.1,116.35,33.248,11.011,316.97,2
108.8,58.996,3.6426,0.1298,0.0951,-89.604,60.445,-61.836,29.991,269.45,2
136.64,24.982,2.7694,0.267,0.1505,-228.31,134.04,-9.6986,3.8026,271.82,2
35.443,15.496,2.7796,0.3654,0.2334,13.878,22.296,-10.344,47.273,244.31,2
29.777,9.475,2.5408,0.4538,0.2148,43.727,21.944,8.5132,78.546,175.18,2
32.134,15.731,2.7408,0.3361,0.1898,-29.73,22.323,10.092,15.817,228.86,2
19.124,13.369,2.4158,0.5605,0.3743,-4.3206,15.346,-3.3485,26.109,230.35,2
50.6,10.447,2.8876,0.4761,0.2508,18.945,28.727,-1.143,50.496,149.43,2
88.287,34.216,3.2123,0.2024,0.1064,-114.63,48.81,-30.404,38.32,285.64,2
164.76,47.229,2.9351,0.4495,0.2438,-88.864,-189.45,-11.725,13.553,338.12,2
24.551,11.155,2.3983,0.5521,0.3532,29.431,18.19,-6.0402,62.453,189.48,2
189.78,103.03,4.3485,0.0716,0.0265,-194.25,-143.81,-60.189,80.585,186.98,2
47.911,7.7983,2.4407,0.4137,0.2474,-41.224,17.56,-9.789,38.081,132.65,2
18.48,15.744,2.6032,0.3722,0.2168,12.754,3.7476,18.903,62.685,29.961,2
13.922,11.275,2.6067,0.4955,0.2436,-25.021,-12.465,11.369,54.005,245.38,2
126.59,37.848,3.6095,0.1192,0.066,98.132,143.76,21.823,18.705,76.991,2
44.67,21.244,2.7581,0.2937,0.15,-1.8161,-12.635,9.1412,69.415,190.91,2
38.809,15.23,2.7367,0.5445,0.2738,47.675,13.46,-10.51,62.635,182.73,2
71.347,26.957,3.1461,0.3,0.2184,-20.322,-40.554,-19.22,17.532,310.4,2
31.985,20.223,2.7638,0.2894,0.1611,39.047,22.369,3.6706,41.196,220.92,2
65.29,24.455,2.8591,0.2614,0.1459,-77.923,40.535,18.432,75.097,107.1,2
137.91,59.459,4.0609,0.0984,0.054,-85.308,-164.44,42.25,44.919,240.57,2
37.522,10.854,2.3512,0.5301,0.2739,16.567,30.944,3.5153,87.066,210.85,2
47.471,14.248,2.7245,0.3287,0.2067,-46.932,-25.04,-7.4446,20.595,224.31,2
13.72,9.5579,2.1737,0.6989,0.3634,17.634,-14.319,10.256,65.839,206.58,2
20.669,11.506,2.4314,0.6926,0.4204,17.288,21.33,-11.415,21.014,168.44,2
23.186,8.4866,2.5871,0.7115,0.4204,6.7228,11.835,6.0856,15.874,97.025,2
38.95,10.642,2.5551,0.4624,0.2382,38.955,-7.1855,11.482,61.454,159.84,2
23.397,18.558,2.5472,0.3745,0.1943,-13.916,-8.6083,12.838,78.842,162.6,2
36.303,18.289,2.9635,0.4751,0.2542,48.933,25.004,13.312,34.013,165.11,2
104.08,79.528,3.6335,0.232,0.1038,-83.457,-116.32,-91.946,0.5341,399.68,2
112.17,9.8195,2.5044,0.4748,0.2346,-91.759,-122.03,6.8037,86.738,243.59,2
24.791,14.854,2.6053,0.4715,0.2618,19.766,22.679,-5.3425,38.906,201.87,2
114.43,41.844,3.1016,0.2263,0.1206,117.65,84.847,22.913,27.019,167.18,2
45.26,22.608,2.8432,0.2482,0.1528,-9.5471,-25.688,-11.174,45.925,28.482,2
68.343,46.247,3.3124,0.2923,0.1473,-15.103,-44.707,-25.512,32.202,450.95,2
212.6,108.12,3.2695,0.2043,0.1105,-89.69,-246.4,-85.381,2.4385,272.13,2
133.59,104.38,3.2622,0.141,0.0823,-207.36,104.71,116.57,4.1599,119.9,2
21.252,19.439,2.6473,0.444,0.2358,15.401,25.83,-15.584,11.373,50.449,2
24.727,14.563,2.6069,0.4277,0.246,-8.76,-14.932,8.5488,79.523,203.77,2
263.91,256.38,3.7684,0.0651,0.0326,220.49,52.445,-95.014,10.312,31.917,2
59.073,18.136,2.8301,0.32,0.1836,-1.0152,26.498,5.1079,25.266,225.41,2
81.205,30.684,3.0229,0.2221,0.1106,-39.674,38.137,22.339,31.514,327.46,2
133.53,85.509,3.8569,0.0822,0.0422,15.001,75.748,-35.419,87.327,382.34,2
27.989,25.497,2.6498,0.3516,0.1848,-14.608,-18.457,17.779,76.933,224.42,2
32.346,9.3135,2.7152,0.5222,0.29,-2.3149,22.773,6.7964,62.782,208.72,2
100.45,15.733,3.2594,0.2898,0.1175,-39.344,40.95,13.658,2.5978,312.91,2
203.76,105.28,3.581,0.1052,0.055,-149.46,-92.873,-121.66,32.889,271.86,2
178.38,48.609,3.8877,0.1557,0.0918,-76.401,-165.08,-7.0248,60.595,342.86,2
142.29,70.992,3.2997,0.173,0.0895,-121.8,-120.16,42.969,48.019,87.187,2
199.2,39.09,3.1102,0.2731,0.1765,-181.63,-178.58,-17.609,30.293,202.94,2
39.725,18.291,2.7476,0.3771,0.243,-34.875,-19.207,-13.711,6.3241,109.07,2
17.337,11.196,2.2511,0.6548,0.4667,1.3232,26.543,-13.429,70.934,183.22,2
22.033,9.5821,2.5004,0.6667,0.3554,13.671,-10.203,6.6267,55.545,63.957,2
18.036,8.7369,2.4388,0.5838,0.2898,-23.938,-8.416,-5.608,83.488,162.45,2
22.817,15.138,2.6871,0.483,0.3155,-19.48,-13.021,7.7971,51.93,189.24,2
176.94,33.932,3.291,0.1699,0.0888,-125.74,-190.69,17.555,55.24,261.76,2
23.891,11.447,2.5347,0.5606,0.2964,9.808,21.916,-5.3552,47.861,121.41,2
136.2,88.794,3.726,0.1167,0.0937,14.163,52.654,-30.216,89.726,358.61,2
90.267,31.922,3.3578,0.1571,0.0902,-38.402,70.305,15.559,28.704,298.75,2
94.99,55.072,3.1227,0.2412,0.1308,80.744,95.264,53.269,50.812,283.94,2
88.094,24.71,2.6707,0.4141,0.2529,-32.943,-106.86,16.734,12.371,106.37,2
49.403,9.5902,2.738,0.3675,0.1892,-6.9662,40.931,1.45,68.816,275.16,2
240.75,228.04,4.905,0.0303,0.0125,198.38,-102.51,-205.89,77.666,162.68,2
33.668,18.404,2.5587,0.326,0.1644,0.1229,-18.252,17.429,46.091,174.36,2
74.352,24.107,2.905,0.2526,0.1713,-27.287,-65.951,7.8273,28.757,114.93,2
67.422,23.156,2.8748,0.2895,0.1754,-80.748,-44.557,18.418,20.982,258.58,2
186.47,52.567,3.9796,0.1502,0.0504,-145.4,-155.97,-31.443,4.1832,277.58,2
19.709,15.148,2.6547,0.6179,0.3953,-14.512,-18.161,-5.5311,19.189,165.97,2
19.391,10.145,2.273,0.5081,0.2901,-23.396,-19.712,9.4549,86.463,77.084,2
21.386,13.656,2.5682,0.5541,0.3662,-12.833,-14.703,12.051,10.142,146.35,2
28.561,6.7988,2.1931,0.5256,0.266,-10.201,-12.047,-2.4207,12.69,67.172,2
24.667,13.887,2.5776,0.566,0.2797,18.41,18.117,-9.3737,83.696,206.77,2
38.358,13.553,2.769,0.4804,0.2503,-19.176,-11.953,-16.976,2.0105,88.738,2
66.589,33.171,3.1194,0.2309,0.15,32.491,45.462,17.393,22.501,135.91,2
12.996,10.857,2.4949,0.752,0.472,-13.681,5.6924,-8.245,0.4508,117.09,2
108.61,40.803,3.2926,0.4466,0.2863,-25.094,-130.22,23.634,25.062,415.93,2
176.28,71.484,3.6873,0.1329,0.0706,-59.275,-142.84,-58.758,36.914,312.86,2
73.22,18.424,2.6493,0.343,0.2007,57.694,66.705,7.5046,78.429,32.192,2
102.04,47.893,3.0374,0.2505,0.1271,79.597,94.52,21.974,49.983,195.35,2
42.631,12.429,2.8692,0.3108,0.1777,26.328,-27.094,-7.8937,80.471,242.44,2
197.94,57.492,3.3701,0.1251,0.0788,161.58,195.75,44.936,37.74,55.773,2
29.382,13.609,2.5605,0.3796,0.1939,18.004,-14.132,-8.658,16.779,213.75,2
88.613,53.207,3.5684,0.1767,0.0982,-48.504,-73.274,-40.451,59.808,306.82,2
37.232,34.724,3.0617,0.1548,0.1063,-9.4194,-42.548,-28.188,66.998,230.34,2
114.12,35.725,3.255,0.1406,0.0714,-72.113,-18.405,-22.974,56.555,273.13,2
33.272,11.117,2.7903,0.4457,0.2796,29.606,16.695,-7.4326,36.404,84.381,2
30.816,14.678,2.7834,0.4056,0.2209,-29.354,-19.535,-13.432,62.679,263.96,2
73.108,11.499,2.5276,0.4095,0.2329,61.114,49.167,-8.9911,48.366,215.63,2
142.87,42.112,4.2558,0.0555,0.0461,-87.391,-154.9,31.947,31.197,169.71,2
52.026,18.741,2.9124,0.216,0.1312,-59.385,-30.525,5.8067,86.277,175.35,2
83.425,62.4,3.4157,0.1716,0.0946,-1.6222,-87.39,39.433,26.06,199.51,2
56.34,10.634,2.9504,0.3386,0.1867,1.6318,34.443,-5.2656,18.458,94.525,2
13.068,10.608,2.2393,0.7723,0.487,-13.246,-3.5096,9.6379,75.237,194.55,2
19.251,14.795,2.2954,0.6419,0.327,29.467,8.9581,10.61,51.649,226.65,2
180.13,84.427,3.9838,0.0728,0.0333,-218.34,-161.92,59.019,76.838,223.1,2
105.07,52.552,3.2049,0.2364,0.1619,-107.27,78.84,49.123,33.902,233.91,2
26.285,20.576,2.7193,0.4104,0.2032,-13.492,32.43,8.623,82.598,96.585,2
60.345,20.817,2.7202,0.4574,0.2782,23.629,58.053,10.436,16.116,148.06,2
31.515,8.4687,2.778,0.5424,0.3228,-21.756,15.902,-11.279,14.323,240.22,2
55.326,10.746,2.9661,0.3178,0.1681,35.462,16.342,10.597,71.629,142.5,2
161.45,71.989,3.2796,0.2329,0.1511,-172.06,-126.24,59.616,86.624,347.11,2
19.941,8.7048,2.305,0.6948,0.4651,16.418,-9.2523,14.198,62.843,149.07,2
68.332,15.83,3.0165,0.2806,0.1621,-56.773,-44.601,12.534,4.2399,65.389,2
31.087,7.9259,2.4464,0.5438,0.2844,-2.0291,-15.659,-4.3387,78.668,49.105,2
32.498,24.752,2.8078,0.3887,0.2334,26.365,10.034,-17.384,57.728,102.8,2
94.307,91.13,3.8161,0.1104,0.0255,-26.336,76.663,27.861,49.811,43.331,2
26.923,12.679,2.708,0.4486,0.2458,22.86,20.71,-8.4173,33.192,236.38,2
158.42,24.876,2.6772,0.3309,0.1819,-98.642,-113.3,22.527,54.938,203.33,2
57.29,11.993,2.9506,0.2476,0.135,-37.69,45.829,-9.8456,37.128,154.44,2
134.99,88.347,4.5317,0.0686,0.0412,-72.601,-79.115,-49.019,2.46,269.04,2
23.728,15.919,2.7352,0.3579,0.2266,-9.8907,12.64,-7.6601,67.132,61.963,2
19.085,13.735,2.5849,0.6008,0.3966,17.282,19.47,-5.239,5.3161,213.71,2
214.79,29.542,2.9861,0.2364,0.1358,-98.576,-186.34,24.286,10.652,232.45,2
37.745,11.248,2.8229,0.3933,0.1962,-18.267,26.293,-0.6003,39.515,240.74,2
25.77,16.31,2.1869,0.3957,0.2207,33.86,-20.325,-11.448,78.798,41.222,2
37.892,27.893,3.1173,0.261,0.1466,5.6429,41.099,-27.826,51.75,186.86,2
19.642,14.358,2.7177,0.4703,0.2623,18.95,24.984,5.4456,8.195,286.03,2
156.17,46.571,3.2219,0.1242,0.0706,-234.92,110.14,16.45,33.624,182.84,2
225.32,89.744,3.4151,0.1454,0.0767,-272.77,-121.84,76.575,77.481,216.77,2
23.555,14.146,2.5403,0.4467,0.2666,10.451,-10.306,-12.72,77.558,161.57,2
27.206,6.8678,2.3617,0.6174,0.3196,31.822,18.667,-3.5156,16.48,216.59,2
16.041,6.6282,2.3151,0.5094,0.3107,-3.6182,11.015,-10.928,56.164,168.81,2
28.232,15.515,2.6532,0.4244,0.2278,-25.614,5.6554,11.624,15.559,214.16,2
14.986,14.703,2.3506,0.6184,0.3503,7.8388,26.324,-4.9293,77.766,30.429,2
27.498,9.0768,2.5717,0.4387,0.2118,-43.575,30.356,9.6638,88.254,153.79,2
44.511,6.4136,2.7082,0.5496,0.3203,15.358,30.368,9.0791,12.254,158.89,2
121.85,68.808,3.7703,0.1867,0.106,11.858,-134.52,57.216,60.071,313.96,2
34.967,9.0557,2.8065,0.4778,0.2428,44.659,20.685,-7.181,53.667,206.23,2
70.441,33.508,3.016,0.3219,0.1663,51.969,52.486,-20.819,27.273,237.01,2
106.46,83.517,4.0233,0.1101,0.0573,-102.78,-73.836,47.377,67.316,365.02,2
85.965,59.782,3.1978,0.2248,0.1194,-173.39,93.512,-18.139,17.524,201.73,2
26.852,8.2189,2.5031,0.6342,0.3407,17.745,-13.351,-4.8033,29.81,120.7,2
56.849,13.769,2.9045,0.2717,0.1448,24.281,5.8286,6.8583,1.7972,116.25,2
95.442,57.471,3.7277,0.1784,0.0912,-45.615,-92.948,-41.529,15.686,298.15,2
21.222,11.575,2.5664,0.635,0.3297,22.363,15.319,8.5289,71.033,163.26,2
15.234,6.3492,2.4892,0.6715,0.3889,14.328,3.0977,-3.3072,87.283,246.47,2
48.419,23.342,2.7702,0.3637,0.1785,-42.244,-15.744,11.087,20.564,148.29,2
246.18,101.18,3.4987,0.1431,0.0725,-326.11,-149.52,-84.261,33.491,193.38,2
152.14,76.063,4.0446,0.1023,0.0543,-84.507,-133.07,91.633,47.59,299.45,2
22.34,9.5348,2.7657,0.4861,0.2927,8.476,23.584,-12.005,27.718,143.44,2
75.888,32.971,3.2363,0.1428,0.0746,-124.17,36.343,17.967,43.358,205.6,2
18.749,0.6007,2.2685,0.7225,0.4474,-1.9626,-0.1305,-5.628,89.654,210.28,2
199.34,48.763,3.18,0.2788,0.1556,-223.43,-83.686,-37.554,44.871,323.3,2
37.854,11.477,2.7243,0.4625,0.3052,10.734,20.448,3.0279,25.223,187.93,2
50.224,11.107,2.8901,0.2627,0.1346,12.857,20.399,-2.9316,11.44,92.036,2
40.254,12.419,2.776,0.3518,0.2018,0.9319,19.915,-9.9804,44.905,257.73,2
75.133,15.252,2.9072,0.4584,0.279,-32.975,-33.491,13.937,16.886,307.67,2
29.825,10.566,2.6721,0.4319,0.25,-18.723,18.791,-9.1168,51.662,200.77,2
139.56,53.167,3.3568,0.1614,0.0899,159.91,99.474,-56.204,28.25,237.17,2
63.493,20.523,2.6764,0.4499,0.2275,32.44,66.365,14.213,48.916,142.56,2
69.944,8.0844,3.0458,0.3363,0.1694,-95.114,41.968,-1.2723,0.0502,266.13,2
53.516,41.275,3.0598,0.1893,0.0798,-83.46,29.999,20.884,13.259,291.71,2
22.404,8.5516,2.3075,0.6995,0.3818,-25.541,-10.293,8.7528,81.641,230.02,2
110.37,62.672,3.7214,0.2218,0.1114,-48.67,-128.18,56.621,16.829,337.87,2
24.485,14.985,2.8041,0.4006,0.2504,-19.757,-4.2388,-2.7079,88.596,238.46,2
44.44,10.428,2.5818,0.5347,0.2744,43.301,23.043,-0.2507,19.722,167.48,2
21.665,6.5971,2.1746,0.7291,0.4582,-21.281,-15.047,-6.4909,74.508,98.992,2
121.89,28.992,3.2776,0.1305,0.0841,84.769,77.87,30.821,34.566,219.45,2
120.13,30.036,2.8145,0.3898,0.2383,-127.45,65.87,-19.51,14.386,213.89,2
51.214,13.445,2.8791,0.3516,0.1932,6.952,36.966,0.75,34.418,113.05,2
144.18,67.329,3.6516,0.1187,0.0608,-133.2,-110,45.927,65.468,384.24,2
32.556,13.455,2.4988,0.4081,0.2051,40.083,11.479,-2.077,80.684,185.13,2
184.16,57.987,4.2752,0.0638,0.0343,-175.83,-152.16,31.422,51.049,226.14,2
124.79,19.524,2.4976,0.3816,0.1987,8.3601,115.17,-7.8125,28.935,117.2,2
161.12,38.922,3.4483,0.1482,0.0874,-159.01,95.159,-35.665,33.988,185.24,2
78.696,24.65,2.5673,0.2658,0.1756,-22.967,-73.197,-13.355,37.695,38.864,2
57.604,24.231,2.8675,0.2524,0.1309,9.4981,28.327,17.036,81.42,210.69,2
157.67,58.579,3.9945,0.1078,0.0561,-70.906,-122.06,-40.448,26.359,299.26,2
216.94,88.337,3.456,0.1368,0.0788,-293.46,-146.37,68.234,75.575,202.61,2
19.921,5.3363,2.265,0.6108,0.3649,-29.929,-14.47,5.1146,30.537,235.9,2
28.882,8.4749,2.6004,0.5621,0.325,33.011,19.539,-6.5175,69.312,222.09,2
34.476,16.27,2.8215,0.2821,0.141,5.2605,21.429,-7.2427,53.431,180.86,2
29.306,18.639,2.8241,0.3313,0.1625,-28.663,-17.484,-9.8412,41.742,196.72,2
184.22,165.89,3.5461,0.0808,0.0448,-260.17,93.815,121.18,3.7745,70.15,2
16.074,7.1383,2.3675,0.3923,0.2199,-2.0537,18.711,-7.4791,22.455,138.49,2
190.55,100.69,3.9314,0.1631,0.0716,-190.1,-190.11,88.755,54.722,326.44,2
149.45,68.703,4.4422,0.044,0.0186,-9.0159,-117.28,-39.192,86.621,146.95,2
157.02,72.772,3.3097,0.2367,0.1708,-104.22,-143.41,-60.061,39.299,319.67,2
36.855,8.8556,2.4355,0.4997,0.2792,-11.931,-15.991,14.74,45.349,162.34,2
23.774,17.361,2.6884,0.4754,0.3064,8.3788,21.266,-14.262,65.112,221.38,2
27.226,11.017,2.6196,0.5522,0.3469,15.705,23.895,-8.1105,49.756,212.75,2
117.09,44.731,3.135,0.3166,0.2041,-78.635,-70.684,-25.715,2.297,379.88,2
140.2,108.79,3.476,0.1536,0.0702,29.976,152.24,60.16,87.619,194.43,2
149.43,92.211,4.0438,0.0339,0.0197,7.6804,-148.58,-72.756,89.351,270.75,2
31.087,8.1617,2.5441,0.7558,0.6283,-17.782,-28.519,-7.0592,2.643,293.18,2
17.917,10.773,2.5184,0.6905,0.4186,6.713,9.8405,-1.586,2.335,187.58,2
102.49,29.733,3.5074,0.1564,0.0832,-36.061,-102.61,23.682,40.321,155.38,2
84.692,44.751,2.8639,0.2808,0.146,-13.877,62.845,-44.672,51.862,310.67,2
86.159,48.714,3.347,0.1493,0.0794,13.719,74.302,-28.412,17.38,324.59,2
22.059,0.0969,2.1131,0.7144,0.3943,13.147,-6.2334,8.6781,15.507,118.8,2
48.337,28.409,2.8854,0.1916,0.1117,53.353,24.05,-28.892,67.039,63.093,2
28.079,13.234,2.6835,0.4497,0.2601,28.624,21.8,10.247,43.312,191.6,2
36.032,15.085,2.5211,0.4102,0.2122,43.562,-4.8233,21.567,85.236,205.41,2
44.382,14.266,2.5481,0.3963,0.2076,-27.032,-13.755,-5.7008,48.38,48.1,2
61.59,49.807,3.6338,0.192,0.1148,-33.187,-76.602,48,84.788,285.86,2
23.092,8.971,2.4108,0.6175,0.4291,9.7476,9.249,-6.5998,73.696,149.16,2
87.471,17.293,3.1227,0.3777,0.1919,8.676,46.549,-6.6282,23.828,369.29,2
111.52,31.255,3.3398,0.1787,0.1369,-120.01,49.057,23.371,56.119,225.96,2
33.667,13.474,2.3469,0.463,0.2797,48.425,13.483,-5.5455,58.722,226.07,2
178.73,95.081,3.6568,0.1316,0.07,-84.964,-174.66,-72.876,10.223,273.15,2
77.377,19.175,2.5128,0.5528,0.3464,91.763,-30.647,11.384,18.283,154.83,2
141.04,8.6551,2.493,0.5991,0.3821,-184.36,115.25,-10.171,10.701,160.03,2
139.14,89.184,3.6977,0.1659,0.0938,-0.2938,-127.26,-61.044,74.764,337.49,2
68.525,35.004,3.0126,0.2516,0.1287,-83.037,-58.561,20.242,4.985,241.6,2
23.748,18.109,2.8806,0.3372,0.1681,25.607,19.327,17.626,72.748,122.97,2
116.13,23.092,2.7832,0.3822,0.1985,-89.888,-65.329,-13.354,48.903,288.76,2
21.021,16.203,2.5832,0.5379,0.2859,28.97,-13.446,-13.657,61.83,142.35,2
39.676,9.9767,2.8407,0.5094,0.3167,25.945,26.143,-3.3822,34.434,127.81,2
103.53,39.748,3.4053,0.1506,0.0961,-55.87,28.966,-24.16,2.6241,299.46,2
38.578,17.787,2.9624,0.2857,0.1532,-12.423,21.795,15.603,67.194,231.9,2
21.706,8.999,2.1646,0.6827,0.3751,9.3648,-5.1949,-5.464,78.326,148.1,2
39.099,13.468,2.6469,0.2976,0.1612,-7.2001,-22.015,9.1786,70.082,229.44,2
99.588,19.821,3.2029,0.193,0.1081,75.199,53.494,19.632,71.411,177.09,2
17.138,14.747,2.2881,0.5919,0.3601,-18.861,-18.105,-12.985,78.929,104.23,2
56.641,27.323,2.8002,0.2651,0.1516,-29.865,-58.561,15.025,45.512,65.76,2
122.65,22.405,3.2621,0.192,0.1031,-94.31,82.497,21.993,50.152,267.86,2
221.79,190.54,5.3233,0.0327,0.0003,-270.28,-48.359,-120.91,84.996,92.71,2
63.254,14.85,3.0542,0.3901,0.1964,-87.44,32.939,-12.204,11.28,302.11,2
108.81,52.806,3.7627,0.1408,0.078,-107.56,-68.517,30.92,24.549,286.5,2
118.71,89.466,3.4193,0.2742,0.1388,57.367,-71.882,117.37,32.856,369.18,2
26.968,8.7522,2.5173,0.5438,0.3681,2.3708,4.2209,-5.7441,29.648,102.83,2
138.14,62.284,3.3476,0.203,0.1201,-304.23,159.5,-80.438,60.323,185.87,2
17.895,8.2788,2.4914,0.7452,0.5532,0.613,-10.952,8.9363,70.604,134.37,2
234.12,68.704,4.0678,0.0751,0.0433,-229.1,-233.56,50.292,18.097,209.66,2
95.03,23.614,3.1321,0.3299,0.1863,-84.22,-23.924,-17.122,20.359,357.89,2
205.43,37.794,3.2727,0.2167,0.1257,46.095,-210.94,-29.748,60.058,206.17,2
152.37,29.291,3.1642,0.1932,0.0967,-238.45,148.61,27.69,74.175,224.89,2
31.884,13.496,2.5752,0.4407,0.2786,-7.8235,18.464,10.974,77.771,129.09,2
98.297,50.288,3.0338,0.3737,0.2419,-69.456,63.74,-45.85,61.067,303.25,2
60.161,8.2925,2.3784,0.4268,0.2657,51.751,42.835,-8.0922,87.619,203.81,2
150.75,73.065,3.3265,0.2713,0.1551,97.958,157.88,49.551,78.636,278.07,2
123.18,24.685,3.3411,0.2585,0.1411,-75.397,69.134,18.461,8.987,343.24,2
17.142,10.02,2.5395,0.5599,0.328,18.443,20.807,3.0625,65.038,118.7,2
171.86,113.45,4.8376,0.0517,0.0076,35.484,-85.103,52.265,74.974,63.603,2
182.96,15.867,2.6794,0.3326,0.1726,282.71,-172.87,10.965,49.632,160.91,2
74.606,22.436,3.0295,0.2183,0.1538,-101.25,40.218,15.11,35.511,248.64,2
217.98,81.431,4.4281,0.0131,0.0015,-268.41,-150.9,70.251,28.1,152.81,2
286.43,161.1,3.4646,0.1365,0.0722,-313.45,-136.44,104.74,87.674,264.82,2
54.826,14.536,2.9919,0.2394,0.1248,-8.0165,26.601,-8.541,39.198,106.24,2
66.817,30.704,3.2984,0.2826,0.1533,-1.4131,45.47,24.784,32.656,338.79,2
40.692,12.965,2.7493,0.4789,0.2954,14.58,13.802,3.2738,43.087,134.07,2
24.454,0,2.1861,0.671,0.3355,0.1954,-5.5906,0,59.919,120.1,2
26.577,9.9018,2.4676,0.4974,0.2606,18.679,16.731,-6.463,22.52,51.671,2
91.257,33.467,3.0393,0.2633,0.1304,-126.62,83.788,-17.425,5.1639,234.48,2
43.671,16.749,2.5551,0.4485,0.2326,-50.578,25.076,9.526,73.994,162.12,2
240.98,60.273,3.8531,0.0639,0.025,-243.23,-159.36,-30.811,62.936,236.51,2
43.705,11.155,2.9435,0.4487,0.2341,36.993,30.706,9.1067,37.048,274.52,2
23.177,16.863,2.5359,0.3348,0.1703,17.823,9.253,14.171,89.276,194.36,2
14.354,9.1943,2.477,0.8392,0.5497,-10.183,-8.5917,-6.7582,49.079,142.01,2
29.176,17.765,2.3533,0.4855,0.2792,-18.009,-8.8511,-10.559,25.163,141.1,2
22.774,8.7941,2.5678,0.3704,0.199,25.387,-21.147,8.0633,89.258,227.54,2
59.244,10.463,2.8051,0.4019,0.1971,49.436,25.132,7.0386,71.083,48.129,2
26.084,15.141,2.8052,0.4401,0.2216,-9.02,-20.86,12.838,73.441,221.03,2
212.72,102.19,3.3067,0.1594,0.1103,-167.46,-184.31,-88.416,56.834,196.94,2
267.77,145.25,3.5586,0.0804,0.0405,374.6,-136.67,120.53,44.655,85.569,2
39.502,10.48,2.5334,0.4129,0.2796,45.153,27.819,6.8898,41.692,237.54,2
45.989,11.407,2.8112,0.3907,0.2077,37.587,33.242,6.1523,24.65,67.281,2
50.972,23.156,2.7221,0.4214,0.2128,-72.945,27.753,-15.817,42.485,259.01,2
13.016,10.682,2.3738,0.7611,0.4884,-13.26,3.4689,-8.2611,1.817,169.19,2
253.25,46.321,3.1099,0.2927,0.1549,274,-147.42,35.83,61.742,218.98,2
91.708,37.859,3.1148,0.2226,0.1263,68.243,78.761,-15.974,3.5523,199.3,2
37.258,12.079,2.4354,0.356,0.2037,5.1882,-17.855,6.037,30.015,61.173,2
29.731,11.295,2.6519,0.5058,0.2585,-9.1791,12.404,10.292,15.836,208.96,2
34.565,11.803,2.6216,0.657,0.3377,5.4307,35.96,9.9458,22.473,154.43,2
19.486,6.8513,2.3191,0.8249,0.4628,-19.032,-14.531,-4.0024,82.6,237.97,2
22.052,20.302,2.596,0.4208,0.2548,-13.653,13.417,-7.6306,7.2463,226.01,2
30.969,9.6761,2.5955,0.5228,0.3008,-21.544,-16.942,-10.616,80.229,86.257,2
21.704,15.777,2.3627,0.5033,0.2928,-30.913,16.156,-9.7383,80.986,188.34,2
115.5,20.022,2.7392,0.3993,0.2197,-68.323,-137.52,14.353,86.171,152.66,2
143.95,19.39,3.0252,0.4097,0.2812,-76.279,-142.25,6.4453,10.46,201.23,2
112.74,36.101,2.789,0.3273,0.2129,112.46,67.894,-30.921,57.383,261.24,2
62.705,27.63,3.2931,0.3203,0.238,-44.899,27.65,-26.918,33.764,324.37,2
20.999,14.476,2.3073,0.7324,0.3865,-8.6635,9.1086,9.3085,82.82,50.41,2
20.353,16.931,2.3454,0.5372,0.3183,14.416,15.09,9.7636,77.177,216.02,2
20.283,11.864,2.5927,0.6181,0.3538,2.4571,18.77,7.2128,8.7688,226.52,2
113.97,62.786,3.6275,0.1639,0.0578,-158.63,-92.359,39.219,73.153,227.87,2
113.44,24.161,3.2504,0.164,0.0857,-83.766,-47.154,-17.801,71.822,261.53,2
111.19,81.46,3.4341,0.2535,0.1447,-121.73,-82.708,81.609,89.737,423.11,2
256.92,109.67,3.5786,0.2293,0.1436,402.19,-212.27,53.934,84.617,304.52,2
131.03,85.229,4.2541,0.0542,0.0215,48.833,103.38,47.945,88.8,317.07,2
24.395,9.5513,2.3971,0.5331,0.3467,11.877,-9.8058,-1.9277,70.108,225.58,2
35.152,27.294,2.6748,0.2895,0.1301,-1.0007,-19.902,-15.418,54.361,170.72,2
26.695,12.791,2.6848,0.5186,0.3357,14.201,25.945,8.3811,53.179,185.22,2
27.652,9.3392,2.5544,0.5282,0.2905,29.185,10.998,-13.864,88.29,174.44,2
26.222,8.8622,2.4556,0.5534,0.324,29.81,19.921,6.5489,5.151,81.652,2
24.031,11.244,2.5871,0.6261,0.3894,11.317,18.101,-10.794,5.9344,268.44,2
175.09,48.92,3.4951,0.2001,0.0949,-142.48,-90.026,-42.437,83.811,291.01,2
20.686,15.279,2.7123,0.3475,0.1689,25.995,16.47,-2.4539,10.19,191.31,2
103.66,41.643,3.0797,0.2273,0.1156,183.1,-110.63,-9.7826,72.333,208.61,2
23.835,8.7207,2.5838,0.6102,0.4289,12.233,10.907,-5.2063,10.689,116.49,2
25.122,0,2.2799,0.7244,0.4383,25.433,16.669,-0.0001,48.583,242.51,2
163.65,89.605,3.5191,0.1043,0.0219,-74.08,-132,-84.609,86.134,114.92,2
112,45.145,3.404,0.1537,0.1037,-50.446,-22.858,32.342,45.932,63.815,2
37.299,19.314,2.8559,0.2595,0.1541,-32.203,-20.465,-7.1478,82.132,75.121,2
127.33,33.257,2.8627,0.3018,0.1571,84.112,134.87,-25.231,82.066,80.414,2
40.848,19.302,2.7457,0.304,0.1626,17.918,-12.919,8.098,16.144,206.37,2
125.07,54.122,3.0049,0.2215,0.121,131.95,60.373,-30.896,17.224,193.91,2
20.575,4.6982,2.0837,0.7266,0.4468,11.149,-9.4999,-9.5461,32.059,234.21,2
17.354,7.4476,2.1629,0.7904,0.5533,-0.8759,-2.5983,4.5218,42.231,170.78,2
15.269,14.225,2.5042,0.6237,0.3882,37.403,27.36,4.8388,25.709,78.365,2
16.596,16.339,2.6037,0.6613,0.3161,6.5438,-2.4244,5.8007,49.995,50.526,2
53.676,10.56,2.9777,0.26,0.1353,8.923,-9.8148,2.9863,84.642,173.59,2
18.491,9.7635,2.4829,0.6579,0.3734,-1.806,7.652,6.726,33.816,188.87,2
21.835,11.648,2.4793,0.6202,0.3433,22.905,14.775,9.1326,75.099,251.82,2
109.83,61.226,3.2046,0.2614,0.1253,21.21,132.63,-27.521,49.814,346.81,2
80.516,60.787,3.3892,0.1392,0.0749,150.62,-85.926,-29.666,63.18,222.74,2
25.697,12.614,2.5128,0.6832,0.4379,18.485,-14.456,4.1148,70.621,70.638,2
129.06,39.874,3.0599,0.2178,0.1346,-192.54,110.47,-40.678,36.961,263.57,2
50.717,17.645,2.4188,0.2955,0.1617,44.961,24.398,-10.58,22.017,120.69,2
85.261,38.934,3.4591,0.2418,0.1088,-71.893,-63.246,-32.759,32.859,393.69,2
168.63,65.008,3.2015,0.1626,0.0701,72.224,151.23,30.019,21.677,216.8,2
27.386,13.708,2.5587,0.4199,0.2362,-20.666,14.212,9.2975,56.616,111.11,2
20.881,6.1212,2.4828,0.7574,0.4544,5.8723,7.9629,7.8433,38.985,116.51,2
44.386,18.825,2.9959,0.2484,0.1388,31.992,39.68,-11.165,13.361,269.45,2
161.54,119.72,3.8941,0.1005,0.0455,315.35,-87.334,29.015,83.238,285.93,2
114.47,33.26,3.388,0.2897,0.1418,-135.28,-70.622,-23.095,42.108,334.04,2
156.8,49.12,3.7325,0.1248,0.066,-186.22,-143.03,-43.929,32.237,317.19,2
31.967,14.365,2.7792,0.4223,0.2236,-20.901,-23.7,9.6703,69.902,204.87,2
31.142,9.3064,2.6739,0.4767,0.2786,-3.7894,21.095,-4.2359,53.967,55.518,2
127.42,27.773,3.2853,0.3118,0.1852,-79.272,-102.7,-19.888,19.781,297.16,2
36.825,11.554,2.8017,0.3883,0.1997,5.4328,24.191,-6.8783,79.467,93.909,2
35.471,9.4004,2.6628,0.4087,0.2293,-0.2241,25.085,5.1172,63.283,71.409,2
305.32,70.857,3.8487,0.0871,0.0461,-334.51,-281.44,31.636,44.111,189.21,2
50.989,9.8606,2.8549,0.3352,0.2046,21.026,31.707,-6.2376,9.8156,202.94,2
29.682,21.949,2.6147,0.5073,0.335,-13.865,-23.232,-14.054,88.587,145.95,2
32.35,11.203,2.3097,0.5337,0.2971,22.51,20.433,-8.9038,81.292,122.93,2
78.948,21.661,3.095,0.1788,0.0941,33.005,45.677,-20.328,88.936,242.9,2
20.804,11.616,2.4222,0.4662,0.3218,44.049,17.084,8.4422,17.582,232.04,2
38.387,13.521,2.9472,0.3286,0.1858,-37.368,-18.107,6.975,42.922,181.49,2
34.086,14.58,2.8112,0.3301,0.2092,45.115,26.189,4.0143,9.6769,222.98,2
54.388,21.508,2.6093,0.4046,0.215,50.087,39.315,13.149,9.125,54.805,2
24.069,0,2.5321,0.7195,0.3715,27.269,13.218,0,26.629,231.86,2
144.73,43.975,3.4122,0.1033,0.0571,11.649,-147.62,33.056,2.4463,208.06,2
22.69,12.861,2.2718,0.5668,0.3289,13.651,13.393,8.3562,69.756,231.04,2
33.463,15.047,2.5942,0.5037,0.2753,10.89,21.881,-15.195,26.351,223.99,2
13.479,10.059,2.4091,0.8148,0.4581,13.863,6.3151,-11.674,4.148,253.53,2
184.97,56.931,4.1234,0.0351,0.0298,-65.646,-173.83,52.67,59.192,101.94,2
241.14,94.015,3.3003,0.2342,0.141,-236.02,-175.85,-57.628,65.283,249.75,2
33.463,22.732,2.5083,0.3714,0.1843,12.439,-6.0142,20.324,77.251,206.81,2
34.785,15.469,2.7817,0.4384,0.2188,12.074,31.873,-10.916,34.836,139.87,2
32.195,28.136,2.7889,0.3887,0.2076,-36.443,-40.545,-14.816,14.552,137.46,2
295.67,136.9,3.3433,0.1913,0.1174,-169.89,-318.3,101.95,53.181,293.55,2
66.24,33.121,3.3402,0.1613,0.0889,-73.142,26.482,-24.641,11.707,253.63,2
169.75,32.306,2.8218,0.6089,0.3519,-113.94,-155.56,7.5552,12.421,253.12,2
95.281,20.38,2.8553,0.4796,0.3821,-51.126,-78.99,19.753,30.181,321.49,2
88.21,20.41,3.1037,0.2502,0.1134,6.4277,49.575,7.9254,81.894,225.21,2
19.286,12.322,2.4125,0.5338,0.323,1.1189,-10.351,-10.068,73.094,167.84,2
19.157,9.8943,2.3874,0.6025,0.3258,-23.447,-10.255,-5.0084,37.653,69.683,2
182.81,91.46,4.1414,0.0442,0.0411,64.693,-142.91,-49.821,67.059,180.23,2
129.53,21.291,2.8503,0.3275,0.1898,141.01,116.45,-10.92,82.48,214.86,2
133.35,91.472,3.3214,0.3096,0.1605,-217.75,114.08,55.231,48.384,346.52,2
28.562,20.809,2.6013,0.341,0.2557,2.6261,27.846,10.117,45.068,227.82,2
18.527,6.6591,2.3936,0.8646,0.4747,17.922,13.856,4.1848,44.891,147.46,2
125.92,28.629,3.42,0.1612,0.0838,112.54,81.505,20.738,18.633,254.16,2
17.182,15.893,2.4093,0.6648,0.3864,-16.47,-3.1572,-3.9904,66.912,61.071,2
41.386,12.144,2.9292,0.4014,0.2054,17.968,22.933,-6.3515,41.002,165.5,2
29.273,17.072,2.322,0.4791,0.2268,-16.773,-28.509,-18.53,42.832,23.779,2
148.74,53.307,3.6001,0.0961,0.0599,-149.05,92.744,-26.107,44.191,244.66,2
53.721,9.2039,2.733,0.3993,0.2183,25.457,36.181,-9.827,67.939,51.323,2
19.269,6.9128,2.3847,0.8289,0.4474,-19.38,-13.839,-3.2444,26.664,62.665,2
189.8,83.538,3.2374,0.2356,0.1305,-206.38,-162.33,-67.308,59.654,291.21,2
139.8,90.877,3.6631,0.1837,0.1067,-115.14,-128.03,-62.119,53.733,407.47,2
39.696,9.1125,2.7625,0.4412,0.2436,11.127,15.904,3.3951,50.371,175.13,2
24.272,8.4887,2.4144,0.5997,0.4107,8.3003,-11.259,-9.8811,72.437,163.25,2
74.934,58.44,3.0213,0.2448,0.1213,64.101,52.452,25.967,17.735,355.66,2
27.588,2.4138,2.2048,0.5502,0.2962,-40.706,-19.261,-3.4017,63.087,229.63,2
197.6,64.704,3.5323,0.1451,0.0614,-182.31,-83.154,60.385,67.897,217.51,2
48.515,19.553,2.5966,0.3975,0.2063,29.759,53.29,12.318,76.874,110.33,2
18.902,13.466,2.334,0.5892,0.2931,24.687,14.195,-12.228,17.454,256.19,2
42.919,11.153,2.7694,0.3503,0.1981,-21.994,-25.156,7.2946,21.995,66.845,2
15.305,10.55,2.4843,0.7443,0.5066,4.3585,7.4141,9.8985,15.551,173.46,2
36.417,10.971,2.8409,0.4161,0.2081,-15.189,-19.333,-3.7833,74.806,171.07,2
175.3,71.46,3.882,0.0694,0.0438,-262.62,-160.18,-68.067,38.88,204.01,2
174.72,119.75,3.7066,0.0875,0.0484,-266.27,-135.14,67.67,46.165,194.06,2
183.61,90.203,3.4635,0.1343,0.0674,-211.3,-91.293,85.389,80.419,289.15,2
20.892,6.923,2.1287,0.7509,0.4275,-21.59,-13.858,-6.019,52.024,46.389,2
17.599,10.894,2.4433,0.7495,0.3879,27.32,10.343,-15.036,47.416,93.856,2
195.6,87.287,3.9584,0.095,0.0478,-20.086,-100.21,19.981,87.85,375.54,2
25.856,11.769,2.4195,0.4931,0.2416,31.408,18.428,6.7582,84.233,216.02,2
20.504,8.7406,2.4683,0.6565,0.4201,21.219,14.245,-2.6566,16.992,157.41,2
56.639,19.685,3.1357,0.2355,0.1086,40.459,40.488,-12.871,13.016,149.41,2
33.086,19.405,2.6264,0.4087,0.2226,-10.607,-14.803,-13.135,19.218,256.73,2
23.527,10.36,2.3551,0.521,0.2892,14.514,-15.472,-3.9443,82.518,222.78,2
27.033,12.891,2.682,0.4635,0.2197,29.131,21.756,-5.54,11.258,184.08,2
36.461,15.411,2.4514,0.4665,0.2437,53.596,25.57,7.1297,87.18,312.44,2
37.736,9.6408,2.7889,0.4309,0.2171,-43.53,-5.5258,-3.052,1.7976,218.11,2
60.574,24.303,2.8924,0.2755,0.1634,-48.383,47.394,19.06,20.725,301.69,2
155.25,115.85,4.2441,0.0642,0.0458,-137.25,-95.846,86.907,58.726,349.52,2
32.302,16.662,2.7462,0.3049,0.1587,25.495,23.969,-9.3202,40.497,241.8,2
182.15,35.994,2.8363,0.4723,0.2431,-129.34,-193,-27.767,24.73,336.87,2
13.176,10.405,2.1889,0.7896,0.4887,13.147,5.9301,10.68,12.812,252.24,2
15.177,13.535,2.3506,0.5772,0.3215,7.885,-7.5649,-5.8473,19.534,260.9,2
16.696,8.4019,2.5397,0.6447,0.3789,-0.8332,24.237,-8.7498,0.3774,255.99,2
94.012,18.837,2.8929,0.3417,0.1913,55.508,105.67,-14.373,34.667,308.91,2
19.473,11.809,2.5792,0.5744,0.3096,-1.8261,12.425,6.1723,78.876,129.37,2
38.922,16.302,2.4237,0.5848,0.3392,28.115,24.506,-9.0248,54.686,214.98,2
169.71,53.392,3.4856,0.1767,0.0783,-158.22,72.871,-45.025,2.1067,189.21,2
60.606,10.909,2.943,0.3569,0.1864,72.848,52.226,-6.2084,3.8356,255.35,2
45.637,16.565,3.0118,0.2822,0.1465,-41.296,-36.327,-12.944,77.811,244.88,2
43.732,22.244,3.245,0.244,0.1573,21.339,32.893,13.854,24.272,190.78,2
174.89,60.077,3.4737,0.1164,0.0745,-201.68,-70.739,-61.338,85.323,280.1,2
41.602,10.724,2.7235,0.4121,0.2108,-11.543,-25.037,8.2365,85.188,188.99,2
39.254,15.653,2.7889,0.4114,0.2187,16.548,35.021,10.839,25.286,95.538,2
49.678,5.1439,2.9357,0.4163,0.2329,33.342,36.609,-0.9971,7.25,157.33,2
47.801,9.9435,2.8161,0.56,0.3115,-39.144,-36.212,-3.9047,15.927,327.62,2
26.093,25.785,2.76,0.3194,0.1689,18.772,17.836,14.91,28.909,101.28,2
31.211,14.585,2.673,0.3482,0.1879,-1.5379,-18.98,-10.904,55.583,258.48,2
199.02,86.296,3.8184,0.1279,0.0662,-102.3,-270.94,-36.523,4.8536,354.83,2
289.86,160.32,3.568,0.0854,0.0456,402.93,-121.9,132.59,16.48,33.255,2
191.57,80.611,3.7321,0.148,0.0721,24.541,-275.06,52.323,33.271,358.79,2
77.102,39.53,3.022,0.2852,0.1592,43.448,74.368,-37.504,77.893,113.48,2
119.61,42.42,3.623,0.0998,0.0506,-121.82,92.624,-13.613,5.322,209.04,2
49.645,22.024,3.0652,0.2145,0.1241,14.895,-11.676,-11.147,24.29,112.69,2
77.199,65.248,3.2493,0.1138,0.0594,-14.902,42.689,-44.654,25.122,94.003,2
27.348,14.942,2.433,0.4317,0.2417,-28.616,-22.505,-8.9758,74.229,249.86,2
13.03,11.118,2.2292,0.7552,0.4159,14.692,-5.576,11.352,82.353,47.657,2
29.363,10.054,2.6435,0.4705,0.267,10.374,19.948,11.266,60.65,166.64,2
25.859,11.815,2.7835,0.5021,0.2593,17.171,-14.513,-10.055,62.842,229.43,2
30.549,14.389,2.5031,0.3925,0.2151,-37.652,-20.557,-9.1825,50.698,120.92,2
16.181,11.727,2.4739,0.677,0.4399,16.757,14.18,-6.5555,19.4,186.25,2
121.64,47.114,4.2662,0.0632,0.0319,-73.448,-92.407,-31.005,6.2392,107.13,2
105.46,45.76,3.0218,0.194,0.1051,-73.554,42.261,34.583,5.9458,257.38,2
19.873,16.966,2.5911,0.4769,0.2423,-8.0872,16.183,10.37,61.061,136.39,2
19.864,17.709,2.4919,0.4887,0.2692,-2.6307,6.99,10.053,87.743,213.53,2
44.845,9.4621,2.6506,0.5021,0.2725,33.483,19.724,-13.115,45.162,224.26,2
47.496,13.464,2.8429,0.3374,0.2017,45.556,-19.212,11.052,13.044,239.51,2
21.55,6.0508,2.2135,0.7829,0.5474,18.044,18.212,6.4235,44.943,144.57,2
22.955,6.9761,2.4757,0.7391,0.5134,2.9803,19.189,5.5873,26.447,142.8,2
35.051,13.305,2.5146,0.3804,0.2245,22.252,-12.23,-7.7924,23.823,229.98,2
177.39,84.847,3.3416,0.1725,0.0988,-312.92,-127.83,80.739,84.168,302.21,2
26.38,9.1958,2.6474,0.6644,0.348,-7.8052,22.156,6.9615,83.806,141.37,2
193.65,73.669,3.4715,0.1384,0.0815,-218.34,90.698,-70.077,85.066,284.54,2
48.027,17.582,2.4855,0.4308,0.2281,38.709,26.69,-4.1124,59.136,141.91,2
24.846,15.813,2.5873,0.4904,0.313,-6.1687,6.6229,-12.796,74.121,240.74,2
38.556,16.382,2.7789,0.3411,0.2371,-18.395,15.146,13.567,44.621,90.333,2
22.41,18.519,2.602,0.5693,0.3223,-5.7093,-14.416,-2.7003,67.866,119.86,2
86.569,23.475,2.8466,0.2975,0.173,-84.687,-52.612,-16.72,41.156,108.59,2
147.99,52.957,3.3779,0.0868,0.0393,250.23,2.476,42.727,15.454,228.16,2
27.863,10.705,2.6375,0.5138,0.2869,27.09,23.231,-5.3648,54.771,239.31,2
50.486,37.173,2.9919,0.2409,0.174,4.3727,-30.233,21.809,39.713,201.88,2
73.147,20.153,2.8765,0.3934,0.2571,-63.984,48.653,13.575,22.665,278.19,2
28.135,11.748,2.7382,0.4075,0.1848,42.258,3.2754,13.591,19.343,190.22,2
23.519,14.439,2.7176,0.5209,0.2872,-0.5528,26.1,-5.3421,40.573,235.98,2
23.546,13.56,2.6309,0.4772,0.2538,-7.8784,-7.2848,-3.5004,52.953,77.742,2
121.85,36.84,3.3488,0.1406,0.0755,-62.69,-92.165,33.238,10.626,303.66,2
8.8805,4.351,2.317,0.7961,0.5258,-11.838,-13.87,-10.027,79.501,189.96,2
26.695,12.791,2.6848,0.5186,0.3357,14.201,25.945,8.3811,53.179,185.22,2
143.82,32.704,3.4133,0.2093,0.0691,-166.34,89.837,-29.407,27.464,208.37,2
184.17,70.368,3.2656,0.0991,0.0563,-378.95,180.77,-42.728,89.544,39.547,2
24.36,9.7699,2.5781,0.6209,0.3554,25.358,21.837,-5.5364,82.838,44.03,2
17.493,7.4535,2.2292,0.7906,0.5457,-1.1241,-1.162,4.349,15.087,159.28,2
126.5,110.36,4.0604,0.121,0.073,-62.958,62.812,70.325,49.425,373.97,2
96.793,34.214,3.7176,0.1688,0.094,-107.84,-53.539,-18.802,11.061,294.38,2
29.71,11.477,2.6488,0.4669,0.2727,13.709,26.564,6.0009,53.665,213.87,2
86.745,31.437,2.9937,0.2171,0.1182,89.259,-35.417,-22.953,10.799,150.11,2
85.064,11.427,2.6204,0.4062,0.2313,-28.168,-103.77,8.3898,45.28,202.52,2
173.62,50.649,3.4504,0.1681,0.1122,-150.88,-83.368,-41.396,85.679,283.86,2
17.359,11.537,2.3597,0.6306,0.3164,22.787,21.554,-11.909,57.816,183.66,2
28.379,0,2.5132,0.6564,0.4371,8.8343,20.429,-0.0001,56.481,124.65,2
37.776,11.713,2.8338,0.3724,0.2133,-38.917,8.173,2.1212,82.179,226.91,2
163.21,53.872,3.1417,0.1776,0.1205,-200.62,116.95,33.984,10.99,319.98,2
59.74,13.262,2.7037,0.3561,0.2087,39.605,65.143,-6.4195,6.22,248.27,2
80.116,48.731,2.8163,0.2824,0.1695,-73.51,-56.086,38.854,55.445,136.11,2
76.012,13.312,3.0348,0.2538,0.1361,22.125,47.409,10.742,71.108,87.419,2
51.332,37.021,2.9061,0.2682,0.1409,40.549,51.466,20.007,46.957,263.93,2
151.78,59.303,3.3893,0.1175,0.0594,174.77,146.06,53.604,15.689,211.67,2
59.927,14.5,3.0035,0.3423,0.191,45.891,37.554,-4.5141,35.6,303.38,2
27.945,11.623,2.3775,0.5367,0.2704,-25.544,15.299,10.944,49.516,213.39,2
20.576,7.3068,2.3882,0.7122,0.4974,1.9946,17.162,-4.5782,68.097,175.44,2
10.659,6.5097,2.4681,0.8912,0.5265,20.986,-6.688,3.7547,20.572,145.27,2
193.5,46.915,3.1865,0.3111,0.2001,-134.51,-193.8,-38.429,29.44,347.45,2
137.89,52.166,3.359,0.1654,0.1048,-185.56,-88.82,16.455,30.057,375.2,2
87.589,35.417,3.1108,0.2239,0.1166,-50.601,32.103,31.083,48.612,264.63,2
102.15,24.097,2.7792,0.3392,0.1887,-58.527,-123.36,-20.769,74.102,175.97,2
78.799,17.107,3.0997,0.3577,0.2039,-36.534,58.965,14.836,19.408,326.9,2
61.868,17.219,2.8368,0.3121,0.1753,-74.133,-37.427,-10.788,83.492,126.21,2
126.59,24.364,3.2131,0.2186,0.0958,54.735,71.019,-16.386,32.581,106.25,2
75.081,43.981,3.0382,0.1484,0.0829,29.007,33.815,37.068,62.474,203.74,2
98.568,37.721,3.2964,0.144,0.072,23.012,113.52,23.911,34.082,281.27,2
60.671,25.566,2.8254,0.3916,0.228,56.271,33.963,-12.298,2.2138,82.831,2
20.945,10.108,2.5402,0.6192,0.3395,-10.258,32.5,-0.2376,80.468,227.15,2
30.241,23.801,2.8038,0.2424,0.1511,-18.488,-31.073,3.1025,40.858,61.493,2
88.67,34.847,2.7835,0.4565,0.3115,18.73,98.069,-18.77,69.035,87.439,2
192.67,94.141,3.3996,0.1992,0.0998,-176.85,-181.04,117.31,15.79,273.75,2
23.604,13.879,2.5441,0.5114,0.2643,7.3994,-4.1243,-14.275,64.214,107.64,2
73.637,19.109,3.2528,0.2779,0.1491,-63.206,-74.854,-16.089,76.491,181.53,2
52.592,13.705,2.883,0.2631,0.1549,-68.955,29.891,-1.9801,23.465,215.31,2
71.554,24.851,3.0835,0.2417,0.1357,47.215,54.278,-18.511,59.965,50.881,2
13.816,10.435,2.3916,0.6331,0.317,-29.881,2.4167,-5.9532,68.492,124.74,2
14.725,14.437,2.4041,0.5126,0.2623,43.569,30.194,2.9558,87.072,214.43,2
18.791,12.854,2.541,0.5928,0.4101,9.5258,16.026,8.3794,62.735,240.41,2
201.03,23.355,2.8519,0.3432,0.2201,-126.01,-179.59,-15.176,16.924,86.199,2
117.52,46.754,3.293,0.138,0.0751,-106.73,-110.54,37.869,40.92,173.6,2
92.489,25.766,3.2558,0.14,0.0868,-24.098,43.121,19.399,58.469,171.25,2
78.365,32.988,3.1396,0.1646,0.077,-36.202,15.47,26.347,34.724,153.33,2
32.818,11.379,2.4097,0.5191,0.262,-25.923,-17.133,-2.9906,67.236,66.113,2
23.657,10.249,2.2175,0.6,0.3364,30.37,-14.911,6.63,46.814,178.33,2
98.011,12.914,2.6781,0.6611,0.3746,-50.792,-112.35,7.1329,67.233,213.34,2
38.918,7.6921,2.662,0.5041,0.2914,23.32,26.572,-12.542,82.028,184.04,2
178.48,102.2,3.3582,0.1389,0.0708,96.516,123.06,-86.331,55.561,270.06,2
24.845,19.363,2.5221,0.4747,0.2546,26.269,26.933,-12.853,9.7727,163.87,2
70.805,11.305,3.0233,0.2986,0.1863,25.425,47.062,8.3039,19.468,188.3,2
70.269,49.481,3.328,0.2193,0.1163,-68.574,-13.637,33.571,25.52,314.48,2
180.49,52.584,3.0834,0.1997,0.093,-97.991,-217.41,-18.274,33.418,186.36,2
21.951,10.617,2.301,0.625,0.4075,-19.496,-20.883,11.538,25.552,115.42,2
109.85,81.943,3.1843,0.1686,0.0795,24.072,134.27,-39.579,87.786,165.76,2
49.297,32.03,2.8754,0.3112,0.184,52.569,31.369,23.865,33.849,230.3,2
93.425,12.194,3.209,0.1345,0.0814,51.134,72.636,15.101,20.917,226.41,2
34.988,16.563,2.5197,0.4157,0.2155,44.545,19.644,-9.7277,38.242,209.33,2
22.816,14.183,2.5675,0.4355,0.2165,24.692,19.218,-13.446,29.39,195.36,2
71.982,16.89,2.7721,0.3333,0.1948,-106.74,55.222,-11.443,78.593,278.81,2
46.809,20.659,2.6274,0.6038,0.4092,-40.021,-32.547,-21.33,7.166,302.8,2
27.31,14.415,2.4935,0.6549,0.4896,13.139,21.416,-12.628,15.098,140.98,2
106.41,87.467,3.5358,0.1817,0.0689,-86.66,34.29,85.062,36.318,319.03,2
29.945,10.717,2.4338,0.5562,0.3223,36.663,-7.77,-7.6601,79.772,185.5,2
26.668,19.69,2.5313,0.4048,0.2036,-1.3971,-32.684,15.622,80.893,228.51,2
249.51,24.666,3.0543,0.256,0.1287,-214.84,-257.69,16.271,33.635,126.69,2
27.215,16.842,2.6218,0.405,0.2188,1.041,-0.1885,-7.4418,36.157,88.08,2
140.61,104.43,3.8789,0.0583,0.039,-22.656,59.758,-55.258,85.115,295.27,2
44.859,3.404,2.8941,0.3984,0.2489,-14.384,4.1975,-5.7029,79.842,183.4,2
34.696,10.942,2.6716,0.4217,0.2503,-12.851,-25.518,7.244,82.561,114.37,2
71.691,18.707,2.5066,0.3956,0.193,-100.2,47.035,-16.395,54.637,225.65,2
65.703,11.324,2.969,0.2689,0.177,62.452,54.579,-8.0689,21.363,240.56,2
17.201,9.7948,2.5276,0.7122,0.503,-6.416,13.138,8.7957,87.493,170.41,2
29.699,10.892,2.2122,0.5565,0.2925,-0.5062,14.87,-5.8006,88.152,225.88,2
75.774,34.318,3.3094,0.1148,0.081,103.66,50.342,26.457,61.404,217.76,2
247.92,145.33,3.3614,0.1957,0.1232,-213.79,-195.89,-88.449,38.924,326.26,2
102.42,35.397,3.2633,0.2236,0.1257,-55.913,-44.747,-21.643,23.191,367.73,2
34.947,19.108,2.8021,0.7476,0.4424,35.241,26.884,14.657,35.693,370.11,2
32.976,15.22,2.5682,0.3892,0.2014,36.456,29.824,-9.9853,14.964,245.29,2
41.672,10.972,2.6375,0.3825,0.2039,-28.473,21.749,-7.2885,84.748,244.13,2
29.013,15.908,2.4571,0.4712,0.2461,3.9747,16.973,5.545,63.086,202.88,2
22.508,12.82,2.1761,0.58,0.3233,13.754,12,8.8154,51.399,46.68,2
31.881,6.401,2.6244,0.5059,0.2877,5.1272,15.803,-6.6771,52.999,68.213,2
21.225,16.198,2.7377,0.4828,0.2841,-0.7422,7.6054,4.0811,64.491,231.51,2
34.092,14.547,2.527,0.4042,0.2095,13.155,28.416,9.6806,56.096,64.714,2
110.74,43.749,2.8722,0.2802,0.1353,-35.613,-125.7,-31.122,28.815,61.849,2
177.78,52.041,3.0402,0.3181,0.1864,-90.049,-150.74,51.073,37.282,313.67,2
66.239,12.909,3.0671,0.2554,0.1461,37.157,40.036,-7.522,11.885,171.86,2
96.192,70.658,3.655,0.1706,0.1046,-36.834,35.606,64.777,6.7027,305.02,2
50.631,41.232,3.261,0.1815,0.1033,-46.011,26.579,-23.966,89.65,33.604,2
33.45,21.393,2.9088,0.3085,0.1795,-14.657,-16.105,-15.165,35.894,234.71,2
160.26,40.167,2.9848,0.1916,0.0979,196.95,-122.7,-37.566,39.554,152.98,2
161.61,67.141,3.1464,0.3583,0.2159,-173.36,60.097,66.063,28.327,235.44,2
53.423,9.3966,2.9402,0.3624,0.1822,17.218,35.434,-8.7038,59.856,237.43,2
14.194,7.6332,2.6509,0.5568,0.3267,5.9472,15.699,3.4044,40.333,168.39,2
34.345,15.508,2.754,0.3119,0.1559,6.8667,19.612,-10.251,3.666,247.24,2
19.438,11.853,2.5557,0.5786,0.299,-4.0616,9.7467,9.3438,36.997,225.1,2
158.57,20.311,2.8837,0.651,0.3523,-157.76,-49.77,20.961,16.701,338.71,2
161.37,25.229,2.8603,0.325,0.1798,89.491,177.69,-5.4882,63.752,127.84,2
125.28,39.81,3.0179,0.2946,0.1627,73.988,136.22,37.551,50.492,286.96,2
63.942,14.004,3.1664,0.2204,0.1108,-32.951,-31.073,12.802,70.938,214.87,2
48.24,7.2881,2.8264,0.3244,0.1653,74.24,21.211,15.584,69.164,140.52,2
77.982,16.513,3.1366,0.2475,0.1391,31.842,55.558,11.866,14.462,270.13,2
21.946,15.458,2.6785,0.5577,0.2987,-16.966,-16.061,12.964,75.842,219.36,2
22.077,9.6995,2.601,0.619,0.317,21.531,14.457,7.7992,20.441,182.62,2
46.508,13.431,2.827,0.353,0.1815,23.64,59.455,10.255,7.3555,187.17,2
19.247,9.7899,2.4518,0.6078,0.3163,-23.99,-9.4893,-5.2823,1.7684,131.94,2
42.519,22.78,2.8904,0.3488,0.2181,-38.276,-38.354,-19.967,42.064,81.12,2
131.05,82.558,3.3253,0.2095,0.1076,65.769,86.419,66.725,69.433,409.48,2
121.7,83.741,4.0526,0.0804,0.0435,77.328,99.404,-47.461,77.782,339.25,2
131.85,32.492,3.1075,0.2217,0.1144,-48.662,-89.5,-15.008,4.37,293.05,2
58.355,33.365,3.3986,0.2812,0.1568,-65.424,35.151,19.276,10.076,294.93,2
25.946,5.9566,2.4583,0.8442,0.4677,-19.208,5.6947,-7.4305,14.99,145.46,2
72.476,61.65,3.1204,0.1449,0.0791,2.7104,-26.839,-70.685,84.819,154.16,2
25.358,0,2.4771,0.7667,0.415,0,0,-11.644,4.9861,156.48,2
61.157,41.665,3.4476,0.1192,0.0633,-6.0782,41.246,-14.579,4.004,220.8,2
29.37,20.698,2.5905,0.3535,0.1889,-14.146,3.1029,-14.723,35.588,179.4,2
94.417,49.066,3.1188,0.3661,0.1848,-63.736,-103.5,38.209,29.952,409.22,2
90.048,13.997,3.1377,0.2466,0.1413,-101.41,35.179,-4.0346,3.509,217.21,2
185.01,102.98,4.5313,0.0521,0.0278,-215.78,-137.88,-48.986,64.209,283.37,2
51.916,28.62,3.2033,0.1712,0.1032,52.732,33.784,11.348,50.627,221.71,2
39.5,18.616,2.4104,0.4626,0.2978,23.74,24.668,-0.573,74.765,224.09,2
27.153,20.436,2.4509,0.4347,0.2285,10.564,25.301,8.5722,85.46,175.16,2
20.361,6.9041,2.4074,0.5513,0.2962,-40.051,6.2928,10.016,87.084,155.84,2
32.995,10.432,2.9278,0.4104,0.2468,62.308,32.446,-6.4655,71.159,148.58,2
85.996,15.981,2.9304,0.1914,0.0907,36.11,61.87,-6.0104,2.8998,224.14,2
152.49,52.4,3.3425,0.16,0.087,149.39,68.525,-43.079,80.829,343.35,2
182.45,103.02,4.01,0.0567,0.0287,-114.8,-201.01,-57.592,68.664,183.38,2
47.069,16.412,2.7563,0.3278,0.1867,-23.357,-16.914,13.997,41.275,219.62,2
211.23,33.67,3.8115,0.0542,0.0279,-244.37,-208.36,20.382,49.983,139.02,2
41.388,8.8863,2.7882,0.4593,0.2549,28.837,27.85,7.7592,15.616,81.675,2
143.47,54.313,3.7465,0.0886,0.0453,-204.77,-40.225,36.294,2.037,282.61,2
29.793,19.004,2.4563,0.3283,0.2173,-3.0833,15.628,-13.099,48.305,145.22,2
20.005,12.416,2.4141,0.4971,0.2794,-1.5624,7.0273,-10.105,87.343,61.418,2
138.1,61.438,3.263,0.2205,0.1247,-138.25,-49.738,-41.822,43.084,277.63,2
97.416,16.584,3.2103,0.1824,0.1044,-43.464,50.897,11.09,60.642,95.996,2
33.683,13.717,2.479,0.5384,0.3162,-18.385,-27.19,9.6206,86.729,224.7,2
50.102,16.067,2.8573,0.2662,0.1416,-5.4744,-25.301,-2.5407,57.964,135.74,2
20.15,8.4884,2.3971,0.7462,0.4038,-29.686,-6.9866,-8.1366,43.24,152.21,2
133.86,32.307,2.6263,0.3759,0.1927,-63.621,-153.42,-25.713,1.759,55.165,2
208.81,53.754,3.7304,0.166,0.0868,-86.969,-252.68,37.169,3.296,298.88,2
43.287,12.652,2.7271,0.2868,0.1453,-55.563,15.108,-6.1238,26.626,168.08,2
42.582,16.872,3.0185,0.2683,0.1993,2.3222,20.189,7.8846,31.717,89.33,2
44.142,8.5596,2.779,0.6029,0.292,39.202,42.52,-9.1542,14.112,225.81,2
142.19,38.048,3.3656,0.1095,0.0554,15.634,123.05,26.547,69.668,118.09,2
99.936,24.258,2.8885,0.2453,0.1526,-99.365,65.352,21.239,61.611,169.07,2
74.485,12.518,2.9172,0.2384,0.1204,-43.12,-11.05,-7.8403,84.713,161.9,2
71.978,16.318,2.8558,0.3066,0.2028,-65.939,12.823,10.346,27.541,267.51,2
17.747,10.54,2.4487,0.6975,0.4324,-7.9782,15.045,-7.3518,21.915,114.1,2
37.255,16.691,2.43,0.3448,0.1874,-41.134,-11.028,6.478,84.504,145.15,2
207.83,73.897,4.4711,0.0383,0.0199,-151.07,-162.42,-74.291,89.149,181.61,2
27.165,9.2889,2.6571,0.5551,0.3491,20.466,18.976,-6.3356,65.81,201.4,2
69.975,33.057,3.1084,0.2353,0.1212,-4.539,-66.923,19.522,24.915,179.29,2
35.941,8.4467,2.7177,0.454,0.2423,-6.5336,-11.145,1.422,30.606,228.31,2
266.66,177.78,3.5848,0.109,0.0618,-261.17,-204.97,108.55,31.715,188.69,2
14.985,5.5751,2.5347,0.7069,0.4534,5.1239,15.425,11.291,35.906,76.013,2
44.18,24.118,2.9188,0.3942,0.2092,-3.952,-31.218,16.444,89.847,211.72,2
167.81,81.363,3.7123,0.0759,0.0475,150.97,-70.482,-66.178,68.625,370.79,2
144.87,18.958,2.8248,0.4067,0.2289,-104.69,-161.77,-18.655,88.845,92.303,2
87.452,20.703,2.7834,0.3801,0.1749,-76.647,72.564,22.088,9.7734,295.73,2
28.531,12.469,2.6737,0.4001,0.2243,52.428,-4.3736,-10.372,77.688,127.92,2
49.792,10.433,2.9738,0.3579,0.1875,-0.5596,27.637,-5.1558,45.194,157.46,2
19.285,16.888,2.4362,0.4505,0.2546,17.708,16.017,-5.3658,37.127,270.51,2
23.42,9.8062,2.4899,0.6698,0.4936,-27.958,9.202,-8.4652,66.521,138.09,2
16.354,2.8156,2.3509,0.8484,0.6005,-16.769,-13.267,-5.1152,52.876,116.66,2
23.991,17.495,2.4071,0.577,0.3728,19.914,10.639,8.8316,64.126,146.39,2
16.038,14.324,2.6874,0.4929,0.33,5.8464,12.455,6.5073,40.142,99.975,2
37.961,10.822,2.3699,0.3818,0.217,60.809,-23.952,4.6495,66.265,114.38,2
134.35,25.626,2.9593,0.2834,0.1719,118.25,117.57,-14.89,34.322,272.55,2
56.349,12.987,3.017,0.2942,0.1486,-61.625,48.572,-6.1161,20.618,307.49,2
59.821,19.509,2.5688,0.4238,0.2497,-59.763,-33.295,-15.294,86.979,237.58,2
120.91,108.93,4.0089,0.1344,0.0621,14.785,-42.123,-89.663,88.687,337.67,2
233.14,67.723,3.3402,0.214,0.1373,-190.5,-174.83,-51.907,68.468,277.44,2
155.08,58.212,3.4214,0.3214,0.1825,-162.54,-102.77,38.444,6.377,355.9,2
34.158,11.704,2.7294,0.4872,0.2274,16.715,37.705,-12.304,49.159,242.66,2
16.916,6.1773,2.4445,0.5735,0.3109,6.7067,15.75,-4.4211,2.3781,102.65,2
28.49,1.623,2.4914,0.7142,0.4732,9.3656,20.116,2.5039,26.615,194.67,2
113.23,74.945,3.7172,0.1724,0.1037,-73.906,58.049,47.531,79.544,370.35,2
34.889,25.688,2.8889,0.3055,0.2084,9.5518,40.548,-21.336,17.285,182.33,2
24.78,13.147,2.5185,0.5152,0.2985,-15.304,-10.214,12.81,80.74,183.76,2
18.662,16.692,2.5625,0.5742,0.4441,25.063,11.987,20.95,20.038,198.35,2
28.393,18.035,2.5226,0.4728,0.2348,7.7879,20.817,-11.326,55.304,193.64,2
100.3,41.647,3.2072,0.1049,0.0524,91.762,86.628,37.706,88.13,111.46,2
43.977,22.113,2.8644,0.3518,0.1955,-35.748,-40.981,16.492,24.098,254.54,2
20.622,12.757,2.3243,0.631,0.3157,10.96,7.5173,-9.6023,31.537,175.7,2
46.576,27.883,2.6706,0.2393,0.1272,-39.397,-4.6151,-21.877,6.0435,124.38,2
28.964,22.868,2.6415,0.3632,0.1945,30.672,29.799,-4.9916,45.603,91.83,2
15.678,6.3274,2.4976,0.548,0.3479,-21.026,10.464,-10.489,53.939,222.2,2
120.77,72.165,4.1921,0.083,0.0429,-31.886,65.973,43.81,58.771,352.98,2
51.28,17.613,2.5949,0.6607,0.352,-26.283,-57.712,9.6585,26.09,75.43,2
29.012,8.9542,2.6439,0.4807,0.2892,25.35,20.721,-11.937,69.424,134.32,2
25.851,11.094,2.5478,0.4674,0.2705,32.46,16.639,4.6739,81.676,216.16,2
25.823,16.436,2.5211,0.5,0.3027,-0.9485,25.613,17.518,0.999,186.3,2
26.345,16.122,2.5729,0.4759,0.266,1.1404,23.568,-15.378,47.723,192.14,2
32.661,12.494,2.6364,0.4749,0.2801,-31.625,3.8473,12.447,62.337,159.58,2
29.95,12.365,2.5384,0.4428,0.2793,19.295,24.575,-3.3277,43.135,128.4,2
38.686,14.655,2.9038,0.2701,0.1405,8.6646,18.132,20.614,41.631,214.71,2
34.728,14.057,2.785,0.3495,0.2043,49.284,13.53,-9.6957,64.942,273.06,2
59.149,19.107,2.894,0.2897,0.1563,-49.115,-32.139,-13.577,42.762,197.43,2
26.918,13.827,2.6556,0.5105,0.2862,10.101,18.825,10.425,50.831,199.22,2
21.028,3.2145,2.3988,0.7551,0.4142,20.176,23.558,-3.0622,65.069,262.2,2
20.683,6.3427,2.1542,0.7271,0.4073,28.901,17.373,11.58,31.731,186.32,2
50.653,10.731,2.9194,0.251,0.143,15.453,-14.379,3.6106,71.438,190.37,2
112.3,21.98,3.2555,0.2256,0.1474,-121.82,65.15,11.533,48.683,248.82,2
15.963,9.1221,2.3641,0.8621,0.5093,13.317,-1.317,-5.5081,43.271,208.36,2
17.265,6.5603,2.4691,0.893,0.4907,9.2116,-8.5153,6.452,30.897,171.74,2
120.99,45.441,3.4272,0.0875,0.0862,14.612,-64.35,48.831,76.138,226.45,2
168.45,155.19,4.0676,0.0764,0.0387,8.1251,-133.07,79.218,86.387,242.22,2
68.798,31.455,3.1931,0.1686,0.0862,-22.99,-57.447,26.465,37.027,96.596,2
176.49,51.546,3.4625,0.1506,0.077,-123.86,-125.46,-48.94,67.007,300.31,2
19.704,12.711,2.4778,0.5691,0.4043,12.106,16.757,8.7064,58.188,211.29,2
92.785,82.345,3.2084,0.216,0.134,-133.81,-58.101,36.639,2.79,195.65,2
69.684,50.635,3.4087,0.1334,0.0774,96.159,-40.92,39.236,44.764,208.11,2
38.064,16.126,2.6839,0.3996,0.2578,19.528,34.508,-9.6665,48.6,178.68,2
231.52,172.93,3.5345,0.1236,0.0621,-235.69,115.97,179.85,60.34,197.13,2
48.175,18.215,2.8132,0.2782,0.1483,17.992,38.694,4.6915,45.093,240.17,2
24.265,13.071,2.558,0.5728,0.3846,14.607,11.494,13.659,12.286,255.69,2
18.337,7.3265,2.1527,0.7812,0.4365,10.119,-1.9289,14.564,17.493,103.08,2
38.208,12.076,2.4736,0.5608,0.369,30.651,15.181,4.4099,7.599,52.676,2
117.05,46.089,3.298,0.2598,0.1377,-160.49,-50.896,39.214,40.275,355.35,2
153.01,35.871,3.0834,0.2104,0.1208,-173.23,91.832,-20.453,13.473,255.28,2
13.042,8.5656,2.5957,0.6166,0.3142,12.876,17.058,5.2249,26.78,114.51,2
31.603,13.406,2.6004,0.4141,0.2321,17.876,-14.128,4.1158,40.236,252.24,2
15.688,11.675,2.4624,0.6069,0.319,4.6594,-7.0918,4.921,18.668,87.469,2
36.683,8.011,2.5614,0.6975,0.4471,1.1354,27.758,9.5859,24.698,198.97,2
56.415,30.634,2.8832,0.3004,0.1536,43.176,-32.755,-27.338,74.443,190,2
20.026,10.517,2.4403,0.6974,0.3784,28.076,-7.1333,4.8619,15.535,92.875,2
34.133,10.332,2.5252,0.4178,0.2421,18.412,-9.174,6.269,66.201,205.18,2
52.288,21.404,2.8813,0.2213,0.1121,17.601,2.1288,10.239,22.039,69.046,2
99.083,85.111,3.269,0.1485,0.0842,-28.85,-135.53,-39.795,11.909,191.54,2
117.87,50.329,4.0356,0.0846,0.057,-39.663,-153.1,15.654,8.936,40.461,2
178.35,51.834,3.3362,0.2505,0.173,-149.94,-112.28,-23.834,38.83,200.68,2
126,83.615,3.2525,0.1627,0.0892,105.1,80.686,-94.329,70.229,228.54,2
26.834,15.146,2.5496,0.3893,0.2214,14.542,7.1928,5.2489,81.526,111.22,2
23.047,15.855,2.7368,0.473,0.3126,2.7521,22.059,-6.2051,68.062,249.4,2
102.58,48.887,3.3461,0.2222,0.1386,-105.33,47.932,17.63,8.864,331.69,2
43.057,18.547,2.6499,0.3219,0.1661,27.154,2.8882,-12.348,7.3515,108.61,2
40.946,31.793,3.2378,0.5211,0.2739,36.395,36.038,-8.4699,1.6992,376.81,2
71.868,12.478,3.0881,0.2335,0.1261,71.589,-14.957,-5.0996,85.226,223.88,2
82.335,16.592,3.1414,0.231,0.1245,51.661,50.11,-18.123,3.0174,139.92,2
105.09,78.034,3.348,0.2558,0.1645,40.708,44.806,90.245,80.24,391.19,2
86.972,28.357,2.9775,0.2344,0.1538,-69.458,-62.695,21.712,24.948,242.98,2
138.7,59.585,3.3777,0.1424,0.0783,-133.18,-105.52,36.544,75.936,134.19,2
83.981,50.685,3.5779,0.2196,0.1503,-5.3041,89.356,-23.225,59.733,316.87,2
35.669,6.6921,2.6051,0.5499,0.3726,-1.0422,22.206,-1.7502,19.884,124.41,2
47.462,39.971,3.0789,0.1775,0.071,8.8388,25.184,26.005,65.514,146.46,2
23.533,15.032,2.6253,0.4976,0.2927,-2.7887,20.318,9.3425,16.392,183.99,2
23.502,13.675,2.5653,0.4816,0.3116,5.0085,16.04,9.4612,54.046,57.936,2
25.747,11.365,2.7835,0.3595,0.2029,-5.8632,30.894,9.3699,77.507,139.74,2
251.96,42.745,2.7769,0.2182,0.0907,-210.81,-121.54,14.188,47.215,170.06,2
29.687,6.3752,2.6031,0.5835,0.3204,9.7775,17.157,3.8921,43.948,183.79,2
115.45,56.658,3.8812,0.1556,0.0785,-48.53,-86.962,38.756,17.358,334.38,2
10.027,6.354,2.7142,0.6274,0.3201,1.8377,0.4268,-7.5374,61.325,177.76,2
130.28,28.331,2.8981,0.3967,0.187,-169.52,115.75,-14.963,3.2776,260.52,2
62.068,17.213,2.8217,0.2763,0.1714,-32.416,-7.2483,1.6304,6.8034,173.72,2
44.665,17.166,2.6443,0.2816,0.1663,17.954,43.889,-6.4795,78.574,245.88,2
119.26,88.751,4.2007,0.0869,0.0393,-145.3,89.044,74.677,25.709,336.67,2
106.63,17.328,3.2084,0.2574,0.1321,22.59,61.324,17.745,12.15,310.69,2
47.715,27.65,2.6439,0.2672,0.13,-27.09,-30.389,16.598,18.379,173.36,2
222.24,87.34,3.246,0.2123,0.1234,-307.12,-82.476,78.852,63.245,249.95,2
156.53,19.959,2.7477,0.5351,0.2796,-158.31,89.577,-22.528,30.509,210.56,2
27.804,11.259,2.7213,0.5001,0.2957,-8.4844,22.319,3.2041,13.035,211.66,2
19.775,10.385,2.444,0.6511,0.3291,-9.2683,17.74,11.141,1.668,217.31,2
28.507,15.104,2.7435,0.3628,0.1868,8.672,18.114,6.4696,0.2314,195.95,2
18.038,10.186,2.48,0.4676,0.2715,2.5402,15.615,-12.098,75.884,193.75,2
25.884,13.1,2.4665,0.542,0.3671,21.926,15.374,-3.9416,0.7943,126.8,2
29.627,14.533,2.5058,0.4805,0.2449,-33.117,-21.429,14.443,38.887,179.47,2
136.47,65.178,3.2605,0.3068,0.1869,-107.44,-91.45,-64.621,65.22,261.17,2
21.515,6.9536,2.1717,0.6869,0.3603,25.151,8.2443,-6.4628,39.326,232.1,2
19.751,16.137,2.3646,0.5443,0.2959,-19.427,-19.964,8.7017,86.016,184.51,2
70.859,37.394,2.955,0.2751,0.1503,80.168,-29.159,-25.349,10.077,181.84,2
15.602,9.4685,2.5682,0.6312,0.3582,24.161,22.872,-9.1663,14.581,225.26,2
115.6,22.154,3.2964,0.1592,0.0806,-75.577,44.781,19.89,49.379,106.14,2
227.18,22.541,2.9325,0.4474,0.3102,-264.03,135.87,9.4616,48.219,265.24,2
20.838,10.268,2.3404,0.621,0.3356,4.0453,-15.924,-2.923,86.881,222.99,2
48.02,13.593,2.8152,0.3045,0.163,21.081,33.654,7.3235,32.779,189.51,2
334.18,49.346,3.2389,0.2888,0.1589,-246.36,-297.17,36.824,10.353,110.51,2
130.74,21.229,2.7549,0.3658,0.2244,-155.85,95.123,15.602,53.505,228.47,2
35.843,31.365,2.7312,0.3608,0.1811,-30.996,-27.552,-18.002,12.238,101.1,2
18.434,17.872,2.3847,0.4866,0.2701,-15.704,-16.517,-12.231,71.073,158.7,2
24.176,6.7083,2.203,0.7938,0.4452,-17.804,-5.1156,5.1816,89.524,292.53,2
114.54,89.991,4.2954,0.1221,0.0487,-136.31,-44.788,-63.781,74.718,338.67,2
30.275,6.5382,2.7286,0.6516,0.3564,-6.4232,15.847,-6.1027,7.9518,199.37,2
18.355,9.7463,2.4706,0.5027,0.309,17.383,15.708,-10.194,70.814,239.59,2
56.202,45.135,2.992,0.216,0.1475,-16.385,39.609,34.867,45.162,246.63,2
199.26,77.1,3.28,0.1646,0.1095,-255.81,149.52,37.895,68.418,248.6,2
184.51,161.85,3.9175,0.1256,0.0646,-107.19,-145.32,120.57,23.143,272.31,2
86.395,14.545,2.7072,0.3194,0.1716,-96.55,67.262,-11.38,88.241,235.85,2
32.222,11.402,2.6032,0.5737,0.2918,42.24,-20.398,7.2978,4.405,282.1,2
144.03,41.857,3.0351,0.3352,0.1741,-159.18,81.005,-22.684,6.9217,335.58,2
48.128,18.583,2.7828,0.3474,0.2407,-51.706,-39.374,10.2,41.222,91.62,2
44.821,12.085,2.8692,0.3243,0.1696,5.9083,-24.759,-4.928,68.795,218.01,2
22.073,10.73,2.4614,0.7002,0.3547,-7.0037,6.8825,3.2942,51.733,136.62,2
20.794,10.723,2.5804,0.6439,0.3535,9.3249,15.326,-7.7007,27.735,151,2
48.243,11.497,2.9042,0.3204,0.1627,32.494,10.358,-4.5613,81.938,151.51,2
13.19,10.836,2.2753,0.7745,0.4164,14.599,-2.4594,-11.734,52.378,222.33,2
24.47,12.883,2.2833,0.5573,0.3047,28.68,10.568,7.79,77.826,175.78,2
89.468,12.739,3.1225,0.2511,0.1324,43.077,64.417,2.4724,57.461,197.2,2
96.452,18.366,3.1219,0.3696,0.1955,31.763,61.827,-21.319,7.4816,353.73,2
22.322,12.366,2.4631,0.4785,0.2874,27.874,9.3878,9.7732,4.6807,195.3,2
52.412,11.898,3.102,0.2183,0.1087,44.073,32.719,-6.612,36.355,140.07,2
66.435,33.054,3.1164,0.2447,0.1335,-35.501,-54.999,26.455,48.198,95.377,2
73.506,22.886,2.8241,0.2069,0.1117,-97.496,71.574,17.48,6.705,303.73,2
29.125,7.8913,2.4014,0.5516,0.2877,-14.054,15.392,-5.4884,7.7902,168.17,2
23.887,18.712,2.6841,0.4138,0.1923,-13.737,18.908,-8.144,35.464,58.459,2
155.92,102.74,3.0382,0.1823,0.1064,-213.84,-84.976,94.201,59.862,157.5,2
40.62,18.909,2.7443,0.3766,0.2207,-15.737,-27.265,11.771,74.173,105.25,2
21.928,17.202,2.3079,0.5852,0.308,-42.119,15.964,16.664,28.597,50.341,2
69.624,33.791,3.0936,0.1862,0.1004,-105.32,59.758,28.503,45.966,243.1,2
20.9,1.5787,2.5315,0.7428,0.4582,7.4701,-11.514,3.1791,81.039,187.4,2
21.299,9.9979,2.5283,0.6607,0.3481,-14.306,14.71,-8.7587,46.896,228.13,2
81.375,56.353,3.7073,0.1023,0.0712,-141.7,76.463,30.539,34.552,197.76,2
156.85,28.352,3.558,0.1912,0.1003,-59.568,-175.25,-18.512,46.754,80.832,2
19.334,12.313,2.5838,0.5789,0.296,4.669,-14.711,-8.3488,56.527,132,2
48.057,11.086,2.9571,0.362,0.1882,0.42,32.436,-2.2992,26.93,165.22,2
102.35,18.622,2.7906,0.3239,0.1887,110.46,-58.213,9.6098,7.9901,245,2
28.706,15.193,2.6335,0.4116,0.2337,34.418,20.8,8.7719,9.7129,243.8,2
140.42,39.969,3.4607,0.1482,0.0909,-154.56,62.082,31.172,42.743,182.91,2
261.83,145.98,3.8705,0.125,0.0449,-332.34,-75.552,-77.838,69.008,95.917,2
107.43,47.301,3.0452,0.2653,0.1369,76.501,85.749,-29.257,37.882,93.597,2
111.39,31.673,3.0933,0.4542,0.2631,-126.06,-76.024,19.033,11.692,343.9,2
26.838,18.874,2.6392,0.455,0.2968,-8.8152,32.569,-8.5199,42.43,145.05,2
135.68,17.189,2.9811,0.5872,0.4371,-82.808,-85.667,6.4401,18.417,260.6,2
118.01,77.918,3.2338,0.3339,0.2011,-31.816,-156.46,52.158,37.906,350.69,2
123.56,34.834,2.8542,0.4393,0.1943,83.69,114.55,-27.721,55.212,255.45,2
110,28.844,3.2674,0.2431,0.151,-79.1,36.856,-18.622,7.3746,322.92,2
33.343,8.3643,2.3936,0.497,0.2687,-0.2477,10.029,-2.7907,61.489,210.06,2
101.31,67.172,3.1845,0.2243,0.1285,-48.936,-122.33,55.075,48.329,106.21,2
48.269,28.427,2.8817,0.5003,0.283,-0.861,57.728,-30.09,89.87,201.98,2
28.401,9.4934,2.6894,0.5321,0.2921,41.747,11.43,1.9107,34.901,204.7,2
25.3,16.948,2.7497,0.3683,0.1948,-30.008,-13.035,13.141,25.053,95.394,2
25.003,16.951,2.5993,0.4403,0.2428,24.666,-19.303,10.901,37.97,231.98,2
41.901,26.051,3.0441,0.1867,0.0851,-29.777,13.234,23.115,80.429,177.76,2
26.012,12.74,2.4764,0.5409,0.3122,-12.365,-22.508,-7.7198,38.556,163.01,2
167.18,99.002,3.6886,0.1538,0.0898,-176.39,-125.53,-94.897,29.519,331.26,2
36.003,23.576,3.145,0.2019,0.1028,-18.869,-9.2975,11.285,34.734,196.65,2
10.965,8.2549,2.6683,0.5715,0.3846,-1.7614,19.416,-0.9877,13.674,145.88,2
45.873,18.032,2.6481,0.3665,0.1836,32.741,62.524,-3.4762,79.809,177.93,2
138.38,33.167,3.3824,0.1672,0.0662,61.061,106.09,-29.745,11.671,256.3,2
41.943,7.6522,2.7892,0.4159,0.2169,-47.251,18.567,4.8138,4.132,227.76,2
65.478,30.338,2.5308,0.3505,0.1959,-30.642,-63.524,-19.53,66.799,113.79,2
37.408,16.391,2.87,0.3353,0.1566,-42.036,-31.983,-10.934,53.868,211.32,2
18.972,9.1695,2.5369,0.6263,0.331,-18.149,-10.417,-1.7737,79.12,175.81,2
85.144,54.121,3.1834,0.1847,0.0975,-33.294,-34.85,-43.596,24.995,346.99,2
72.103,44.714,3.5153,0.2015,0.1323,-15.442,-62.689,24.438,28.376,363.53,2
24.279,21.755,2.6996,0.3105,0.19,18.052,21.154,18.248,73.216,93.693,2
74.735,16.168,3.0979,0.289,0.1153,-96.139,34.138,13.677,27.708,279.15,2
118.53,37.116,2.9474,0.2088,0.1134,-229.28,136.06,25.675,48.194,197.87,2
26.593,15.296,2.2844,0.4364,0.2312,4.7208,10.544,-13.107,1.663,220.37,2
160.18,79.702,3.9957,0.1263,0.0656,-80.299,-160.17,-30.91,35.245,357.7,2
19.157,12.657,2.5617,0.5487,0.284,-5.0417,-12.565,-6.1822,70.066,253.64,2
30.829,8.7743,2.6222,0.5752,0.2995,-28.525,-16.985,-5.5143,31.947,224.02,2
21.155,9.6927,2.4502,0.6277,0.3564,-1.2294,13.521,6.454,42.365,144.99,2
119.69,26.363,2.9075,0.1852,0.11,158.03,-90.417,10.384,89.854,182.46,2
60.533,34.921,3.0436,0.2732,0.175,-39.57,45.49,-28.745,0.8124,290.6,2
86.825,47.422,3.8876,0.1134,0.064,81.027,83.656,48.602,47.967,225.21,2
37.791,14.456,2.7275,0.2996,0.1526,-36.508,2.7918,11.784,6.0791,179.73,2
36.818,22.1,2.6106,0.3251,0.1862,34.675,18.653,6.9571,29.683,126.35,2
88.334,61.897,3.6416,0.1967,0.1142,-64.108,-51.904,-43.12,25.002,380.5,2
52.823,8.5884,2.7513,0.4311,0.2272,51.584,17.086,7.3753,50.608,31.041,2
15.151,10.034,2.2787,0.5761,0.2838,1.8598,-5.3614,9.6249,86.025,268.87,2
33.306,10.62,2.4133,0.4324,0.222,4.7813,-16.842,-10.006,9.49,190.42,2
18.574,11.461,2.5299,0.5898,0.3624,9.1045,30.69,2.2733,18.993,210.52,2
20.741,11.259,2.5434,0.5722,0.2904,-27.31,7.5822,-7.5027,56.478,209.33,2
38.764,20.022,2.6279,0.2921,0.1543,-49.935,-21.701,-13.092,19.78,136.97,2
20.3,8.2207,2.604,0.7504,0.3973,15.718,19.43,7.5213,52.414,147.88,2
78.095,30.742,2.8269,0.2682,0.1613,52.877,54.36,20.991,53.991,283.07,2
38.88,17.817,2.4624,0.3931,0.2121,-0.3781,26.623,14.111,71.63,134.35,2
46.941,44.28,3.2843,0.1331,0.055,-53.699,-21.961,33.758,15.624,153.59,2
22.213,18.385,2.5653,0.4354,0.2599,-16.56,16.125,13.14,23.648,93.175,2
26.101,18.866,2.6721,0.3426,0.2011,-17.603,-10.636,12.726,51.516,243.89,2
150.96,45.714,3.6286,0.0981,0.0521,-259.08,129.25,20.219,61.152,189.67,2
184.59,124.72,3.7929,0.1104,0.0637,326.4,-181.21,-164.14,87.365,210.34,2
46.763,16.985,2.6417,0.5397,0.4021,14.935,41.034,-15.051,74.322,128.85,2
164.45,27.324,2.8011,0.2871,0.149,-171.47,108.95,-12.265,42.233,277.73,2
126.44,67.475,3.931,0.0884,0.0557,14.168,61.435,40.391,67.021,318.67,2
12.894,7.8036,2.4047,0.591,0.338,23.771,15.682,-3.8764,65.406,115.34,2
80.386,36.423,3.2061,0.2221,0.1198,-152.11,83.3,40.378,82.042,282.87,2
28.37,13.944,2.6532,0.4193,0.2184,9.5338,17.574,-7.0825,69.317,229.26,2
56.71,28.776,3.225,0.1719,0.0803,120.57,-20.521,2.5029,0.2003,204.87,2
82.67,65.793,3.7722,0.1585,0.0579,30.315,-64.783,-57.073,36.118,269.61,2
19.708,7.9127,2.038,0.7175,0.3628,-32.628,-6.7839,5.5831,59.764,190.89,2
32.553,4.6957,2.5419,0.6565,0.3365,-14.249,17.707,10.06,49.757,216.47,2
104.74,95.317,3.6857,0.0738,0.0389,68.385,-60.254,28.461,72.042,325.48,2
30.773,11.127,2.6101,0.4074,0.2368,12.874,25.108,-6.6434,30.126,135.76,2
22.756,7.9735,2.4886,0.6883,0.3555,27.081,8.5059,9.7806,88.06,75.804,2
11.271,3.3171,2.0959,0.7156,0.3783,8.0702,-15.874,-6.0021,32.063,144.73,2
20.861,7.1168,2.4778,0.7188,0.371,23.8,10.821,-6.043,68.254,69.371,2
16.338,11.625,2.433,0.6015,0.3155,1.5084,-5.6691,-4.3584,13.929,242.69,2
16.278,7.867,2.2406,0.7934,0.5017,4.1144,-3.7571,-1.7059,80.935,236,2
55.157,18.013,2.5308,0.4742,0.2842,-30.77,-50.497,13.905,79.495,242.89,2
263.7,117.13,3.4602,0.1137,0.0608,-287.77,-117.39,90.02,68.201,165.3,2
26.062,16.399,2.6003,0.4396,0.2118,-31.774,-28.341,13.23,78.641,56.831,2
66.851,16.291,2.966,0.3372,0.2004,18.116,47.193,-14.352,9.2282,298.25,2
47.399,20.79,2.633,0.3143,0.1921,38.881,49.395,-7.1493,68.813,158.56,2
228.23,160.83,4.2233,0.0228,0.0112,-180,-234.65,66.371,3.8134,177.42,2
95.355,17.381,3.186,0.196,0.0854,71.057,50.219,7.8635,89.599,168.57,2
97.336,19.773,2.9901,0.2148,0.113,59.385,95.58,15.975,68.585,194.15,2
31.308,21.137,2.6871,0.3679,0.1881,45.703,-20.677,9.0913,18.781,253.02,2
31.164,16.267,2.4807,0.3537,0.1802,22.259,16.978,-17.101,45.203,215.13,2
26.266,7.1708,2.2279,0.6154,0.3521,10.755,13.275,-3.8046,67.361,193.74,2
25.73,14.083,2.6469,0.4081,0.2063,33.319,10.41,7.542,81.449,265.64,2
35.088,18.822,2.7165,0.3374,0.1729,-42.999,-41.011,12.771,26.156,75.682,2
33.464,26.928,2.5392,0.3652,0.1667,-29.636,-28.692,-20.028,42.956,111.23,2
125.47,25.379,2.802,0.366,0.171,149.47,-57.274,25.122,14.784,92.722,2
15.345,10.473,2.4555,0.5823,0.3326,-12.293,-9.6339,-3.8505,40.811,171.78,2
21.125,15.453,2.4183,0.4389,0.2462,-22.225,-13.879,5.3297,88.312,215.19,2
104.48,33.391,3.0498,0.1658,0.0923,89.588,94.261,27.021,79.07,179.35,2
23.452,10.507,2.5419,0.5303,0.3142,30.582,27.817,2.8551,85.891,217.23,2
102.95,56.543,3.4098,0.1532,0.0758,108.93,101.25,29.279,87.281,118.62,2
17.917,6.8201,2.2425,0.6611,0.4277,17.283,19.672,2.7707,23.544,211.01,2
126.76,60.892,3.4827,0.1346,0.0683,-116.02,-105.7,-48.535,20.616,228.91,2
28.719,10.924,2.4119,0.5501,0.3441,9.1313,10.937,7.9162,85.951,170.23,2
24.499,16.793,2.3997,0.3984,0.2092,6.4444,-12.005,13.276,33.058,118.66,2
134.81,52.725,3.1642,0.2428,0.1493,-71.853,-100.46,44.93,19.946,249.75,2
202.09,21.087,2.732,0.3441,0.1634,-246.41,120.68,-17.86,31.345,225.39,2
24.329,12.826,2.5172,0.4286,0.2234,9.7704,10.283,-6.5205,81.66,228.04,2
23.679,12.753,2.6583,0.5659,0.3373,32.845,25.199,-11.555,41.834,231.77,2
92.589,50.687,3.6336,0.2436,0.1439,-36.483,-89.99,15.787,6.461,375.26,2
129.12,97.62,3.4526,0.1432,0.0788,90.159,110.96,67.316,45.455,172.52,2
36.356,10.384,2.8531,0.5309,0.3599,15.418,51.933,16.285,9.1263,208.79,2
46.475,26.246,2.9093,0.451,0.2877,31.088,46.287,-18.634,52.4,153.74,2
20.516,12.402,2.4616,0.5043,0.2608,21.309,8.2034,-6.174,74.934,143.37,2
21.889,10.602,2.3979,0.584,0.326,-17.704,-17.43,-5.966,42.83,128.42,2
94.291,20.795,2.7292,0.2388,0.1203,-21.947,-98.166,13.72,37.822,75.569,2
44.795,8.6945,2.9219,0.4189,0.2184,22.475,13.318,7.0875,86.577,109.52,2
42.867,10.601,2.5877,0.3798,0.239,37.597,32.091,-11.569,14.253,164.49,2
102.02,24.659,3.105,0.179,0.0899,121.72,79.503,18.141,77.663,110.07,2
22.424,5.9684,2.3008,0.7398,0.5407,-0.9882,7.0016,13.291,17.199,246.43,2
23.837,15.253,2.5038,0.4545,0.2335,-5.1678,-17.323,-15.499,3.0071,98.022,2
215.66,148.14,4.45,0.0459,0.0092,-207.9,-140.36,124.09,66.596,298.14,2
29.8,16.397,2.3847,0.5072,0.3031,26.866,26.414,4.82,60.757,234.41,2
30.961,29.271,2.9274,0.2553,0.1342,20.428,25.61,23.674,30.165,222.76,2
80.085,62.658,3.6605,0.0818,0.0693,-63.59,-55.214,62.625,83.285,221.92,2
19.849,12.899,2.3847,0.5567,0.3155,-12.173,-10.73,7.9112,55.093,168.97,2
80.529,55.378,3.6765,0.0763,0.0332,116.71,-56.454,-42.66,41.895,40.825,2
57.703,17.976,2.5569,0.2857,0.154,-11.085,-55.472,-14.263,65.006,190.69,2
51.998,21.262,2.8598,0.2602,0.1469,-28.063,-49.923,18.769,83.429,246.49,2
23.971,15.507,2.4425,0.3935,0.2076,9.0555,13.881,-12.519,18.953,258.56,2
173.78,51.815,3.1967,0.2899,0.1898,-150.99,-135.75,37.698,39.588,235.57,2
166.95,83.796,3.2665,0.1796,0.0998,-84.13,-116.13,-64.097,22.611,298.2,2
13.011,11.947,2.4157,0.7287,0.3995,6.6582,10.32,4.867,64.223,132.04,2
165.78,86.229,3.9304,0.137,0.0471,-113.69,-175.26,-43.458,50.74,235.82,2
16.044,11.557,2.3324,0.6186,0.3884,-0.1498,1.9805,7.5489,54.614,89.231,2
99.318,9.0335,2.471,0.5602,0.3311,-99.918,32.905,-0.4232,33.197,228.4,2
223.37,62.863,3.2057,0.2011,0.1496,-236.04,-161.29,-45.692,73.023,280.91,2
21.602,11.894,2.5384,0.6136,0.3111,7.3504,21.017,-6.0192,47.679,130.39,2
45.469,28.286,2.9029,0.2326,0.0946,-23.786,-12.095,-23.455,7.3989,83.316,2
70.173,16.802,2.857,0.2502,0.1369,54.749,34.955,-11.208,9.611,214.17,2
38.587,17.899,2.8322,0.2929,0.1479,33.505,38.046,9.9766,83.299,220.69,2
114.43,14.556,2.8754,0.3678,0.2005,-78.167,-103.33,-7.9818,51.889,173.27,2
64.48,13.057,3.0066,0.3169,0.1598,69.903,32.278,-8.0937,36.767,118.33,2
221.37,58.476,3.2936,0.2172,0.1178,-244.83,140.21,-42.632,68.534,179.85,2
102.89,14.027,3.1519,0.2648,0.1807,-70.83,59.227,13.458,30.57,275.08,2
80.483,58.053,3.3735,0.2848,0.193,-10.048,-75.604,-39.461,63.615,388.1,2
93.214,27.049,2.9937,0.2389,0.1431,-140.95,73.918,-19.695,84.278,54.851,2
119.17,94.3,3.9317,0.1039,0.056,75.553,85.363,103.81,68.005,376.62,2
36.991,15.538,2.8162,0.3328,0.1672,10.18,28.097,11.492,86.155,264.92,2
53.247,6.4925,2.6449,0.4077,0.2163,2.9885,19.902,3.9065,78.769,238.21,2
84.802,65.781,3.4732,0.2501,0.1236,-48.397,68.964,-25.699,21.893,351.62,2
17.962,10.579,2.1903,0.6065,0.3258,-2.2621,8.2386,-6.2757,68.645,62.728,2
43.285,14.571,2.5014,0.4801,0.2659,54.101,32.149,-6.6345,54.27,250.48,2
24.274,10.254,2.4338,0.5709,0.3591,3.5958,20.67,8.8547,84.759,227.16,2
23.261,10.308,2.596,0.5171,0.2725,6.2719,18.248,1.1725,50.756,180.13,2
70.953,40.173,3.6219,0.1777,0.0942,63.13,70.191,35.597,76.95,316.14,2
97.411,59.815,3.8301,0.1524,0.0664,-44.49,-46.526,-56.518,24.266,303.21,2
76.652,16.157,3.2018,0.1158,0.0669,44.507,70.482,22.676,84.001,217.92,2
137.43,65.619,3.5814,0.2179,0.138,83.895,-75.723,-54.173,56.069,396.93,2
26.661,13.655,2.5763,0.5225,0.2958,8.1766,9.9708,-12.426,85.872,192.03,2
252.66,119.3,3.5799,0.105,0.0567,-119.35,130.44,112,58.974,178.39,2
23.24,11.051,2.3617,0.5911,0.3044,-15.237,-2.192,-4.5196,10.404,185.88,2
120.11,21.11,2.8226,0.3023,0.185,-220.17,114.86,10.094,0.7525,230.72,2
16.727,10.76,2.6149,0.5505,0.2947,18.176,20.09,8.2925,70.161,205.97,2
91.662,35.318,2.6779,0.296,0.1195,48.246,80.414,9.2752,27.029,243.37,2
26.912,9.5105,2.5264,0.4853,0.2579,-2.6274,18.237,5.1675,48.671,214.03,2
72.024,29.501,2.9787,0.3522,0.2033,41.874,87.736,18.253,89.552,265.98,2
93.423,52.127,3.5515,0.1219,0.0611,65.326,80.61,16.541,22.189,307.73,2
114.97,65.32,3.8225,0.1418,0.0762,-56.376,70.28,-74.123,37.284,342.71,2
26.028,7.401,2.4223,0.6194,0.3791,-27.867,14.038,-12.998,64.758,186.24,2
32.155,12.541,2.7593,0.4317,0.2167,31.622,24.578,-9.6861,35.184,192.59,2
169.04,35.361,3.2894,0.3349,0.1986,-162.23,70.464,-9.7764,48.554,326.24,2
195.23,67.021,3.7669,0.1195,0.0677,-119.19,-155.88,-40.613,1.9242,213.19,2
67.714,28.583,3.2384,0.205,0.1106,-133.65,63.139,-16.638,47.979,251.99,2
207.25,75.833,4.1476,0.0739,0.0371,-242.5,-180.03,-57.86,74.574,259.32,2
57.191,35.51,2.7177,0.2337,0.1197,-48.511,-54.283,32.361,44.732,103,2
110.71,26.831,3.2212,0.1856,0.1247,-158.06,73.226,21.286,9.3725,281.88,2
21.519,15.421,2.7328,0.5587,0.3117,-7.3668,9.2409,17.161,80.431,223.97,2
23.429,11.367,2.7001,0.3842,0.189,-26.378,-14.536,15.613,88.303,269.07,2
23.828,11.899,2.4393,0.4655,0.2891,11.101,11.578,6.8613,35.317,152.07,2
32.145,13.83,2.4844,0.5182,0.2761,-36.063,-15.965,-12.27,47.37,246.06,2
133.5,40.163,3.305,0.1169,0.0602,84.171,-81.332,-31.05,28.146,319.37,2
182.5,76.557,3.6872,0.1123,0.0666,192.27,93.03,-62.619,82.169,283.47,2
21.385,10.917,2.6161,0.5857,0.3934,15.262,11.525,2.8766,2.4229,106.83,2
28.945,6.702,2.2672,0.5351,0.2784,37.082,13.185,-2.9632,86.797,247.46,2
120.51,76.902,3.9939,0.0944,0.0683,5.8043,-93.522,-63.839,84.687,408.32,2
31.604,11.724,2.5185,0.5303,0.3773,26.272,23.824,-9.9574,6.3609,205.26,1
23.817,9.5728,2.3385,0.6147,0.3922,27.211,-6.4633,-7.1513,10.449,116.74,1
96.233,46.517,4.154,0.0779,0.039,110.36,85.049,43.184,4.854,248.23,1
62.777,29.91,3.3331,0.2475,0.1261,-33.907,57.585,23.771,9.9144,323.09,1
18.856,16.46,2.4385,0.5282,0.2933,25.127,-6.5401,-16.933,11.461,162.85,1
45.632,22.71,3.0441,0.2213,0.1215,-18.399,-20.643,-14.316,0.3822,178.26,1
60.458,33.106,3.1944,0.4679,0.2464,14.3,-33.877,28.831,8.292,372.57,1
46.291,16.033,2.7756,0.3403,0.192,49.971,33.365,-12.798,38.707,75.523,1
20.384,9.0462,2.3365,0.6359,0.3894,22.27,12.949,-2.0403,43.003,66.167,1
27.23,19.282,2.6375,0.371,0.2039,23.041,23.343,9.7216,77.538,104.28,1
34.92,15.962,2.8457,0.3267,0.1762,15.803,11.825,11.977,9.59,154.71,1
38.182,15.924,2.6906,0.3262,0.1662,10.133,26.11,-3.1071,2.572,177.01,1
27.675,18.915,2.5422,0.3759,0.2224,30.937,20.242,15.143,19.372,223.24,1
24.999,14.687,2.5434,0.432,0.2332,5.8044,19.239,-10.362,9.862,174,1
43.772,20.353,2.8982,0.2743,0.141,32.936,38.421,11.104,16.25,273.84,1
95.521,34.513,4.1295,0.1005,0.0543,21.199,88.912,-15.359,0.084,260.88,1
22.794,14.868,2.567,0.5203,0.294,-8.7481,-20.378,12.765,6.7835,110.26,1
20.949,7.0366,2.1414,0.7292,0.3935,-22.98,-12.166,6.0883,40.656,146.51,1
66.133,25.926,3.1984,0.1495,0.075,42.296,50.553,-12.71,11.516,160.52,1
20.475,15.764,2.4425,0.4116,0.2148,2.48,-10.499,-3.923,13.809,55.499,1
19.579,14.698,2.2934,0.514,0.2824,-6.8054,17.392,-4.9889,13.17,130.92,1
87.584,33.374,3.9208,0.125,0.0667,99.213,75.017,-14.385,2.428,255.32,1
53.734,15.44,2.4298,0.4572,0.2955,-45.811,-40.36,-9.3853,1.886,32.683,1
77.922,31.821,3.7043,0.2059,0.1232,-2.4392,58.167,-14.371,0.2442,327.99,1
23.449,16.284,2.5605,0.4539,0.2655,-8.8017,-15.987,10.389,83.808,235.2,1
18.448,11.756,2.4074,0.5714,0.4051,-0.0948,-6.5384,11.397,69.229,219.39,1
92.585,11.283,3.0071,0.3119,0.1923,-68.649,-48.92,6.7814,2.5099,293.08,1
47.828,18.509,2.747,0.2775,0.1603,28.784,-29.082,-7.859,4.798,159.7,1
26.086,12.547,2.4099,0.4397,0.2354,16.345,14.902,5.6343,4.1527,183.85,1
94.237,17.634,2.7727,0.297,0.1612,-97.071,50.552,-14.982,1.854,302.22,1
26.893,17.768,2.8439,0.3782,0.2357,-1.6706,-8.159,-15.811,23.821,109.02,1
19.642,0,2.2,0.795,0.571,-0.5678,5.2697,0,34.817,182.02,1
27.489,18.567,2.8639,0.3078,0.1854,2.8405,6.1522,-10.067,23.587,188.64,1
117.75,33.245,3.1921,0.1606,0.0806,98.907,129.93,-17.914,2.582,188.98,1
70.658,19.832,3.1041,0.2541,0.1334,-96.981,52.505,-12.609,0.45,288.26,1
101.7,39.549,3.9457,0.1462,0.077,-157.87,70.412,22.15,4.0677,327.25,1
20.744,17.325,2.5916,0.4686,0.2446,11.755,17.073,-12.053,25.778,91.637,1
25.569,19.073,2.2911,0.7161,0.422,16.707,25.194,-14.876,74.308,316.47,1
34.162,21.297,2.9974,0.2907,0.1554,-4.6579,-11.611,11.867,11.608,163.72,1
41.385,32.462,2.7938,0.3521,0.1889,-20.499,28.293,28.199,9.628,308.37,1
35.706,13.289,2.3664,0.5204,0.329,-32.103,-25.748,7.0429,1.2543,201.75,1
19.737,7.3095,2.1383,0.7636,0.4109,-3.5091,10.372,-4.8598,24.784,173.07,1
48.469,18.128,2.9917,0.2345,0.1177,19.622,46.898,-10.591,6.955,203.07,1
18.249,10.438,2.2529,0.6034,0.3156,22.806,10.147,5.3027,15.826,159.54,1
13.116,10.108,2.1973,0.8,0.5238,12.305,7.4928,10.078,58.845,166.29,1
52.848,21.551,2.9462,0.3667,0.2054,-53.269,27.95,-20.768,6.087,309.62,1
22.554,9.7776,2.2068,0.559,0.2888,-4.0544,16.595,10.484,9.215,236.65,1
59.817,14.838,2.8808,0.3132,0.1678,-110.45,53.983,12.171,5.235,289.54,1
31.617,24.212,2.7197,0.2402,0.1268,-23.731,2.8864,-11.514,22.951,157.61,1
23.807,10.071,2.4289,0.5624,0.3184,7.3563,16.856,-7.645,10.378,216.9,1
24.38,17.465,2.616,0.4915,0.3087,17.147,19.777,-14.294,0.8652,256.87,1
23.618,20.057,2.5224,0.5495,0.3739,-1.574,-15.096,-11.354,47.786,86.247,1
60.788,27.527,2.8868,0.2336,0.1201,88.632,-19.39,13.168,5.097,237.77,1
78.2,23.137,3.2357,0.2005,0.1212,57.955,86.136,16.129,12.616,217.97,1
45.889,15.707,2.4065,0.4,0.2059,-48.021,22.414,-9.317,1.7371,227.01,1
52.221,12.297,2.6435,0.4523,0.3125,-25.017,-41.234,6.56,5.096,185.44,1
23.159,0.0046,2.1319,0.7675,0.3875,25.351,15.032,0,61.562,147.73,1
19.759,12.181,2.3664,0.5419,0.2989,3.6595,-11.289,-10.778,18.354,182.91,1
100.75,16.632,2.944,0.3322,0.211,-110.41,74.419,-14.713,0.305,230.71,1
46.559,28.693,3.3971,0.1864,0.0996,17.682,46.099,10.205,12.727,107.75,1
86.535,40.62,4.1111,0.0915,0.0458,35.89,74.546,25.141,4.8152,219.07,1
20.683,7.2158,2.0233,0.7014,0.3649,-1.1217,7.933,-5.933,56.923,137.98,1
20.966,12.73,2.3274,0.4282,0.2141,16.944,5.9588,-8.9597,47.849,218.66,1
36.979,24.117,2.9834,0.2213,0.12,11.282,8.5158,10.9,46.43,93.937,1
16.337,11.649,2.3464,0.6036,0.3131,-0.8501,4.6868,3.9635,69.743,224.03,1
100.23,28.222,3.3769,0.2179,0.1321,-42.061,-33.5,-13.641,4.4376,299.45,1
22.827,12.901,2.2355,0.5581,0.311,-13.628,-12.072,-7.9568,33.557,164.84,1
37.652,15.229,2.8561,0.4805,0.3015,24.953,37.977,6.2648,7.803,184.22,1
70.48,18.796,2.7906,0.3142,0.2016,-88.956,43.637,-17.976,4.5199,251.39,1
26.466,18.778,2.6107,0.4044,0.2463,13.457,9.0185,6.0375,6.6995,169.81,1
19.473,12.294,2.4556,0.5219,0.3205,-1,9.8855,-10.417,53.738,202.14,1
33.512,15.006,2.4742,0.4866,0.3104,33.731,27.52,2.2896,6.8985,199.94,1
36.162,25.926,3.1178,0.2127,0.1216,14.056,20.142,14.725,33.371,142.27,1
13.123,10.962,2.1569,0.7666,0.4146,14.642,-4.0114,11.645,88.152,98.863,1
40.749,26.149,3.2122,0.1933,0.1009,29.977,-24.599,8.9177,8.364,169.12,1
13.147,10.548,2.2467,0.7819,0.4788,-13.391,-4.7953,10.617,27.36,225.09,1
20.506,12.823,2.3531,0.51,0.2683,9.9865,14.066,8.7369,1.701,205.63,1
12.691,11.7,2.0233,0.7109,0.3839,15.669,-8.7521,10.103,79.541,164.16,1
35.552,15.361,2.7945,0.3579,0.1806,-10.547,22.023,6.9349,13.69,166.06,1
18.107,10.398,2.2788,0.6158,0.3447,21.48,11.367,-4.8388,45.778,145.23,1
23.335,20.299,2.6721,0.3298,0.1755,-19.463,-17.488,7.5957,29.132,184.93,1
31.021,10.321,2.5218,0.5444,0.2992,-37.102,-15.785,-7.8747,8.2969,189.76,1
22.795,17.622,2.2889,0.473,0.2442,-25.018,-12.19,-12.005,37.213,173.35,1
72.912,10.421,2.6693,0.394,0.2131,20.571,77.567,4.8373,9.402,235.07,1
62.155,22.853,3.4072,0.1805,0.0949,-15.092,43.185,11.899,3.4278,222.29,1
18.77,10.015,2.4031,0.6166,0.3577,21.682,11.956,-4.6444,50.86,194.86,1
64.713,25.907,3.5062,0.1649,0.0881,22.16,56.671,-9.7075,1.569,209.06,1
41.504,21.519,2.6794,0.249,0.1496,-40.125,-31.086,17.986,12.868,225.89,1
53.709,16.663,2.8695,0.2984,0.1668,20.252,53.761,-12.903,11.677,252.37,1
27.185,14.072,2.4893,0.4052,0.2188,-17.843,14.908,7.5929,47.377,183.71,1
66.829,20.598,2.8979,0.3896,0.1967,-96.708,-28.555,-22.971,5.1606,325.45,1
23.375,12.531,2.3243,0.5924,0.3104,28.305,4.9827,-7.8915,33.843,94.532,1
12.759,11.619,2.2162,0.7234,0.3678,15.141,-4.8943,-11.579,1.2142,105.06,1
20.742,15.214,2.4669,0.4573,0.2406,2.6314,-10.302,-8.5521,16.395,151.37,1
18.893,15.331,2.4822,0.5239,0.3245,3.915,-16.101,-9.6919,14.71,170.62,1
43.924,10.922,2.7202,0.381,0.2486,-10.32,-22.485,10.066,21.329,66.851,1
70.022,26.42,3.3192,0.1654,0.087,-74.316,60.873,14.111,3.902,256.66,1
31.302,12.958,2.4616,0.418,0.2228,39.429,16.447,-6.6409,7.923,220.32,1
22.241,8.9672,2.2529,0.6536,0.338,0.7829,10.364,9.4599,32.61,185.54,1
21.131,12.514,2.4057,0.4676,0.2534,-26.94,-12.112,-10.122,81.227,168.83,1
67.919,18.558,2.9001,0.2605,0.1479,-0.1913,29.72,15.84,9.654,232.66,1
29.475,14.78,2.8264,0.3743,0.1887,-19.23,-15.146,11.179,10.721,162.78,1
79.539,22.718,3.4649,0.1793,0.0931,21.791,75.608,-11.019,1.6851,267.36,1
12.49,11.979,2.1688,0.6915,0.3559,15.999,-8.5835,10.591,45.661,217.13,1
38.345,14.103,2.8238,0.3781,0.2093,40.691,26.072,-5.8822,0.1899,177.97,1
37.725,16.604,2.7716,0.2758,0.1497,19.687,33.951,7.8238,15.834,256.05,1
62.326,18.06,2.7574,0.3217,0.1705,60.502,49.805,7.7899,73.925,122.61,1
63.701,19.48,3.2033,0.2549,0.1362,65.446,46.065,-11.954,8.519,245.15,1
38.756,15.746,2.8041,0.3108,0.1562,40.292,14.813,-9.8638,3.952,148.49,1
57.77,19.841,3.146,0.2272,0.1504,33.752,43.278,-4.8554,6.527,154.15,1
88.556,23.466,3.6856,0.1452,0.0851,74.444,72.969,10.424,0.8794,230.34,1
17.269,11.14,2.2504,0.5562,0.3118,1.2627,-6.3159,5.3486,40.08,206.44,1
30.734,13.379,2.5484,0.4583,0.3098,-17.529,-25.404,-12.343,4.661,192.53,1
47.089,20.596,2.9763,0.1911,0.0956,13.966,39.125,-7.5246,2.621,180.71,1
32.92,27.236,3.2348,0.2679,0.1401,13.477,28.055,-17.264,13.181,130.22,1
77.809,24.882,3.233,0.1901,0.1108,67.647,77.165,-10.748,19.558,201.85,1
20.94,15.297,2.5933,0.4235,0.2258,22.247,11.119,-7.8032,14.19,107.51,1
17.866,10.063,2.4031,0.6482,0.413,18.795,13.389,3.5509,23.334,76.736,1
24.951,12.276,2.4928,0.4566,0.2331,31.475,18.547,6.3908,23.425,184.21,1
37.883,12.443,2.5752,0.3298,0.1662,-25.573,-25.492,-3.8536,6.518,242.11,1
26.889,9.8236,2.4433,0.4468,0.2324,34.431,19.404,-6.9568,18.419,192.16,1
27.137,13.735,2.4281,0.4851,0.2743,6.3929,20.592,9.8976,17.273,157.23,1
31.257,10.796,2.4456,0.4086,0.2097,-19.061,-23.455,5.4537,1.9639,187.89,1
12.685,11.721,2.1055,0.7137,0.3725,-15.483,7.3755,11.139,4.176,200.48,1
28.725,16.542,2.6107,0.3358,0.1875,38.798,15.164,10.432,3.5355,226.56,1
20.462,12.562,2.3918,0.5355,0.3225,17.617,13.219,-8.0259,65.011,65.89,1
36.457,9.6195,2.4698,0.522,0.2729,30.59,22.794,-3.6981,19.724,228.15,1
23.869,16.211,2.3883,0.5153,0.3211,25.218,15.224,-11.02,68.464,158.83,1
95.695,21.751,3.5485,0.1259,0.0632,41.264,83.1,-8.6471,0.2763,237.78,1
19.632,7.4005,2.0986,0.741,0.4263,1.6898,-7.898,-4.8491,8.5814,133.46,1
45.53,24.456,3.2177,0.1926,0.1142,-3.7433,-28.922,-12.295,5.7152,212.96,1
87.884,35.095,3.7411,0.1899,0.0968,-35.405,29.182,19.762,4.122,364.98,1
32.022,8.6668,2.3454,0.4966,0.2551,-36.883,-23.042,-10.257,35.625,43.754,1
41.965,13.399,2.7619,0.2976,0.167,47.582,-9.4224,8.4213,7.1441,137.35,1
27.868,6.8238,2.3579,0.5965,0.3004,33.624,17.972,2.6727,8.5878,141.87,1
25.599,12.53,2.6959,0.4995,0.3293,7.2105,-19.263,-9.913,8.7515,215.71,1
28.234,16.328,2.5308,0.4065,0.2047,-10.663,21.845,13.61,8.526,217.38,1
27.094,21.348,3.1594,0.3332,0.1701,11.606,22.1,10.448,1.0148,69.627,1
17.107,11.241,2.2989,0.5628,0.299,1.6386,-6.8364,4.3863,54.221,223.33,1
97.155,38.007,3.972,0.1395,0.0706,-10.94,70.332,-22.414,1.2669,349.88,1
17.725,7.4803,2.1833,0.7738,0.5344,-0.4145,2.2463,3.8834,33.97,252.02,1
80.597,31.812,3.5604,0.0999,0.0541,90.83,57.051,11.191,5.9931,219.88,1
58.649,11.474,2.7275,0.3839,0.2406,-87.153,40.911,-5.2842,5.308,254.14,1
18.943,10.243,2.3483,0.5336,0.2892,-24.816,-7.7716,-1.8324,12.938,134.47,1
18.799,12.426,2.3829,0.5507,0.3292,1.1589,-10.347,9.4186,35.27,165.14,1
19.23,11.444,2.3655,0.5991,0.3039,-10.422,-18.422,8.9212,24.262,222.84,1
43.701,14.228,2.86,0.2747,0.1401,-48.309,24.963,-2.6712,0.4341,197.12,1
25.301,16.22,2.5682,0.5568,0.3149,-17.251,-27.258,-14.723,48.557,228.13,1
71.768,27.373,3.6294,0.2033,0.1025,27.681,59.258,-6.9685,5.254,283.42,1
13.155,9.0786,2.4191,0.8495,0.581,-10.899,-10.166,10.585,46.957,97.321,1
96.541,37.414,3.4348,0.1018,0.0564,106.23,57.73,-22.044,9.0346,210.2,1
18.29,16.998,2.4362,0.5165,0.2912,14.974,13.863,10.36,23.367,197.53,1
23.172,9.5924,2.2742,0.6223,0.4016,21.707,20.133,11.389,30.652,125.42,1
71.609,20.894,2.7551,0.3638,0.1819,-31.573,-16.059,-16.013,6.166,309.41,1
27.126,12.963,2.5653,0.3918,0.1973,-13.193,-16.21,4.5179,21.073,99.233,1
19.706,17.913,2.3589,0.477,0.2516,12.287,18.375,-10.408,29.765,177.85,1
27.336,8.0875,2.2577,0.6022,0.3177,14.405,17.554,-4.1332,19.459,76.649,1
33.225,13.57,2.5735,0.4619,0.2577,-27.961,-15.771,-9.7642,15.71,76.584,1
24.837,14.462,2.4571,0.3909,0.2321,4.7521,17.215,5.7761,6.437,161.13,1
35.334,12.599,2.6702,0.3974,0.2041,28.122,-17.013,-10.108,5.8315,194.63,1
20.894,7.1692,2.07,0.6809,0.3532,0.2502,-4.9255,6.0936,53.587,43.96,1
87.061,30.202,3.2249,0.2901,0.1808,48.676,-33.357,-21.67,1.5388,408.45,1
23.683,0,2.0512,0.7289,0.3689,2.6669,-12.818,0.0001,77.229,79.919,1
18.636,10.145,2.2923,0.6173,0.3291,22.697,10.672,-5.4483,11.588,209.78,1
25.983,13.99,2.6556,0.4243,0.2906,15.94,8.8205,7.689,4.752,94.08,1
29.444,17.295,2.7271,0.3824,0.2427,9.5314,20.629,9.2319,20.244,87.633,1
70.437,23.898,2.9292,0.4909,0.2996,-63.384,-72.331,17.597,0.875,317.56,1
15.507,11.611,2.3385,0.6422,0.4243,1.4462,2.6585,8.4352,77.764,149.37,1
18.613,10.01,2.3054,0.6089,0.3787,20.708,12.738,2.9013,9.438,179.16,1
20.2,14.913,2.5434,0.5694,0.3476,16.721,17.691,-14.619,5.736,148.23,1
39.938,17.906,2.5152,0.3481,0.1756,27.506,23.84,13.919,14.458,113.94,1
26.621,19.232,2.5257,0.4292,0.2459,-18.403,-12.248,15.874,44.407,198.77,1
22.084,10.527,2.1732,0.5638,0.3121,-22.606,-18.892,10.738,14.44,172.57,1
82.171,40.326,3.6494,0.1424,0.0725,62.556,63.332,50.38,1.7505,279.02,1
25.082,10.905,2.5775,0.5212,0.2712,21.727,-17.895,-7.3121,6.219,180.7,1
35.193,27.683,3.2262,0.221,0.1322,23.696,27.381,20.973,10.685,84.585,1
36.947,18.243,2.8293,0.317,0.183,-10.664,-19.703,-15.597,10.913,199.44,1
78.832,27.483,3.654,0.1735,0.0942,-52.458,71.395,-21.281,2.762,288.57,1
35.542,19.079,2.94,0.279,0.1682,16.681,13.377,-8.7971,27.418,155.09,1
34.89,14.335,2.7243,0.3472,0.1802,31.056,31.906,9.6898,10.551,103.71,1
36.047,17.686,2.7903,0.2917,0.1645,-14.942,18.639,-13.86,1.9542,104.14,1
26.845,13.854,2.5296,0.4284,0.2762,18.538,-10.657,8.3678,17.533,173.46,1
34.208,12.199,2.5521,0.3843,0.2006,-50.845,18.647,-6.9135,6.6964,132.38,1
33.472,23.539,2.5617,0.2743,0.1413,5.0768,21.897,12.154,0.6027,229.51,1
37.19,16.249,2.9759,0.3224,0.1739,-13.345,-6.6957,-7.5508,7.0604,170.41,1
60.675,21.4,3.1984,0.2001,0.1149,-1.6209,64.993,-14.324,18.082,108.39,1
50.289,18.241,2.8407,0.3766,0.2128,39.05,44.84,8.2418,39.064,267.02,1
22.616,12.698,2.2788,0.5789,0.3132,17.014,10.195,9.062,34.598,178.04,1
40.987,16.396,2.7147,0.3259,0.1649,-24.67,-26.687,-11.6,0.0821,231.65,1
20.432,18.896,2.4401,0.5191,0.2668,-6.1788,17.229,-20.471,64.535,143.72,1
25.153,0,2.1599,0.7405,0.4671,24.187,18.169,0,61.216,237.15,1
23.131,14.996,2.5971,0.4121,0.2111,-9.3686,2.8332,-7.1182,41.092,212.26,1
20.597,17.891,2.3473,0.4989,0.2944,14.496,20.302,-13.202,45.299,244.4,1
12.647,11.778,2.1569,0.7108,0.3589,-15.164,4.742,11.475,31.776,172.72,1
16.982,14.946,2.3075,0.6601,0.4261,-1.5617,-13.152,14.243,51.027,226.68,1
48.3,20.615,3.0086,0.2147,0.1191,3.6477,33.103,-16.025,13.028,193.97,1
44.456,15.792,2.6599,0.4573,0.2834,-62.802,30.445,-15.464,7.651,299.78,1
21.063,6.9493,2.0881,0.7347,0.4122,22.365,13.108,6.1568,24.534,141.78,1
31.866,17.913,2.6599,0.3085,0.163,4.6504,-20.58,-8.8878,2.8753,139.92,1
27.921,20.3,2.9809,0.3605,0.1897,3.9404,-20.228,-9.6304,8.915,91.067,1
39.708,18.259,2.854,0.2827,0.1561,7.781,36.696,7.6006,27.696,260.09,1
49.52,20.148,2.8573,0.2069,0.109,-11.454,-11.541,11.08,16.873,272.35,1
21.942,9.5767,2.2041,0.6,0.3344,2.0375,-14.433,9.6854,21.49,108.23,1
13.174,10.594,2.2467,0.7819,0.4674,-13.633,-4.4017,-10.952,16.739,77.502,1
43.911,19.69,3.0465,0.301,0.1568,10.348,39.033,5.8314,14.874,179.06,1
58.022,25.448,3.1546,0.1709,0.0907,-32.549,-44.236,17.353,3.131,183.87,1
77.162,30.282,3.4572,0.1309,0.0689,-96.901,58.31,25.537,11.476,242.01,1
36.37,20.807,2.7408,0.2616,0.148,-7.7626,-28.758,8.8217,5.5742,172.99,1
49.544,26.269,3.528,0.1847,0.0974,6.9051,33.604,17.394,2.433,173.88,1
36.989,23.614,3.1908,0.2256,0.1138,51.427,23.858,14.337,5.2373,182.45,1
76.191,36.93,3.6457,0.1219,0.0625,7.7462,50.664,28.822,4.034,253.12,1
80.238,32.499,3.7361,0.1506,0.077,37.7,63.486,-6.4359,1.932,275.42,1
16.313,11.387,2.3304,0.6168,0.3715,-2.7765,6.1605,-7.3755,9.3001,102.42,1
30.584,8.2482,2.4057,0.5187,0.2652,10.466,20.024,-9.7223,21.175,163.81,1
23.957,0,2.0273,0.6948,0.3615,0,0,-8.8582,66.733,131.54,1
95.693,24.668,3.328,0.1913,0.1017,39.486,103.94,-5.0639,7.0973,226.19,1
81.397,49.122,3.4263,0.1206,0.0643,-109.98,-59.566,49.195,22.773,221.97,1
15.568,11.763,2.3636,0.6407,0.4004,-0.5808,1.7487,7.7898,62.452,170.97,1
51.035,22.767,2.6721,0.3511,0.2053,20.644,49.923,16.661,9.203,78.69,1
18.633,12.954,2.4108,0.5204,0.2932,-14.617,-10.393,5.7839,58.282,192.35,1
24.154,17.677,2.5629,0.4049,0.2503,22.147,-12.944,-8.0966,56.148,73.997,1
27.076,19.335,2.7536,0.2857,0.149,34.855,11.931,-8.3732,10.25,165.61,1
32.087,17.982,2.7497,0.3007,0.1699,5.5964,-19.462,5.2032,8.974,86.003,1
93.061,28.319,3.5398,0.116,0.0622,-127.34,56.014,-10.997,3.737,233.67,1
36.905,16.439,2.7945,0.3323,0.179,17.372,34.034,-9.2374,1.8977,148.2,1
87.912,24.095,3.4298,0.2331,0.1165,-24.305,59.56,14.169,2.628,337.46,1
24.875,16.314,2.6518,0.466,0.2375,7.8902,20.596,14.145,48.493,150.95,1
17.303,11.088,2.179,0.5563,0.3278,0.3834,-4.1781,-6.0185,3.5463,208.63,1
33.324,12.332,2.5145,0.3639,0.1881,-3.1009,-17.786,-3.2959,42.108,85.229,1
19.936,15.659,2.6212,0.4569,0.238,-24.037,-15.77,3.1691,3.1526,221.53,1
48.451,20.619,3.0013,0.2084,0.1072,-77.146,-32.314,17.425,8.691,185.93,1
25.593,9.8531,2.3128,0.5158,0.2701,13.743,-16.602,5.0771,19.357,145.15,1
18.052,17.617,2.1818,0.5395,0.2928,-0.4561,-15.871,-13.479,56.732,226.46,1
38.505,20.573,3.0434,0.2371,0.1235,-10.578,28.694,-8.6808,18.398,146.37,1
37.096,20.644,2.8142,0.3144,0.1802,46.938,22.343,-19.289,7.886,215.6,1
16.854,11.109,2.3243,0.6209,0.3294,4.1559,-8.7134,6.449,4.875,239.23,1
83.963,33.698,3.9898,0.1218,0.0623,66.311,83.086,12.399,3.0278,253.31,1
51.824,31.499,2.8774,0.1724,0.0895,92.315,-40.315,-23.188,7.2099,158.94,1
26.699,12.586,2.4495,0.5684,0.3144,-14.037,-13.597,-12.88,9.393,93.919,1
52.756,23.644,2.9894,0.2439,0.1265,-86.643,34.628,11.84,6.159,256.01,1
51.573,25.264,3.3256,0.1777,0.0914,8.34,40.431,-17.456,3.174,235.11,1
21.069,13.621,2.6042,0.5149,0.2724,22.651,12.691,8.8932,5.3844,180.06,1
26.297,12.111,2.5051,0.4344,0.2484,3.9917,22.493,-9.9256,0.085,170.78,1
102.29,28.542,3.1921,0.2865,0.1494,-26.033,-85.609,-12.824,2.661,373.44,1
85.805,32.228,3.7798,0.1609,0.0868,22.767,77.316,-11.73,1.3536,288.76,1
40.346,19.842,2.9474,0.2178,0.11,48.662,19.604,-16.763,14.512,102.81,1
132.95,24.185,3.1524,0.2337,0.1383,-99.193,-69.383,21.454,0.36,322.17,1
51.264,22.131,3.2543,0.2283,0.115,0.0501,44.554,12.168,10.649,198.33,1
28.468,20.05,2.7435,0.3466,0.2356,17.997,19.04,-14.626,10.618,124.78,1
38.875,18.523,3.1161,0.2495,0.1336,-15.026,9.8154,-5.8631,3.361,166.9,1
27.541,10.346,2.3865,0.5462,0.3018,-21.83,17.119,8.6005,34.682,204.3,1
56.556,19.516,2.8085,0.317,0.209,-67.119,16.322,-14.762,1.695,273.08,1
46.929,17.196,2.6857,0.2804,0.1515,73.32,-33.731,5.4989,8.4913,176.37,1
70.164,27.665,3.5497,0.1512,0.076,31.436,58.601,-17.733,8.3983,238.26,1
20.448,12.604,2.3953,0.4789,0.2435,2.741,-12.568,-9.8304,22.327,85.229,1
92.901,26.816,3.5101,0.2558,0.1608,-3.3896,33.307,10.949,0.0323,327.06,1
33.351,20.809,2.9841,0.3807,0.2391,26.059,21.991,17.988,5.18,251.6,1
37.374,24.87,3.044,0.2259,0.1152,-16.926,19.056,17.483,25.394,117.96,1
18.677,13.76,2.586,0.5551,0.3722,5.0871,-15.504,7.1545,15.075,142.12,1
26.518,15.334,2.6069,0.4129,0.2311,27.73,21.603,-11.784,5.9374,183.55,1
32.515,16.137,2.6464,0.4582,0.3126,10.322,14.132,9.0194,10.442,198.01,1
17.099,10.62,2.3118,0.6683,0.3927,3.4023,-7.5158,7.8709,31.951,98.572,1
40.871,21.714,3.0004,0.2308,0.1174,32.656,32.303,19.154,5.528,164.09,1
47.059,12.581,2.7675,0.2938,0.1529,59.694,-25.095,-9.1615,15.261,81.949,1
68.792,24.632,3.6718,0.155,0.0787,67.464,54.872,-15.933,4.841,226.35,1
35.405,20.33,2.8768,0.3001,0.1866,10.902,28.544,-13.81,34.644,92.012,1
25.27,16.969,2.8179,0.3483,0.1787,-12.903,13.07,10,29.746,85.576,1
38.674,20.202,2.9405,0.2362,0.1244,-8.9323,-22.763,-11.083,3.4588,120,1
12.534,11.919,2.1945,0.6901,0.3674,-16.335,10.003,-8.0787,19.242,142.68,1
23.28,16.415,2.6646,0.4177,0.276,7.4148,17.558,7.5244,9.5021,86.225,1
92.595,24.533,3.167,0.2056,0.1059,-30.677,79.593,-23.042,0.0787,330.46,1
37.69,16.196,2.8347,0.3833,0.2173,21.777,25.335,9.673,1.57,208.83,1
29.872,19.241,2.8404,0.2498,0.1264,7.048,14.376,-5.0995,21.696,173.34,1
33.148,26.149,3.1149,0.2387,0.1262,-25.817,-16.051,20.315,38.817,196.18,1
20.149,7.1297,2.1658,0.7713,0.3993,21.884,12.614,-5.2942,28.63,166.6,1
58.16,30.269,3.4278,0.2095,0.1245,36.368,44.121,11.963,1.6337,270.77,1
22.251,17.442,2.6314,0.3855,0.2348,4.0702,16.205,7.2448,16.883,93.167,1
61.949,31.058,3.2648,0.1516,0.0834,7.1659,47.974,10.965,0.853,241.37,1
75.539,34.826,3.8661,0.127,0.0668,60.262,73.934,20.539,3.201,219.34,1
42.488,22.212,2.8859,0.2861,0.1723,10.364,31.487,-12.88,3.9627,114.53,1
21.378,9.9143,2.3464,0.5946,0.3311,-5.2721,16.725,10.488,22.016,134.09,1
34.481,20.07,2.7324,0.2407,0.1213,24.963,19.49,-11.956,18.759,160.02,1
38.747,24.491,2.8779,0.2689,0.1384,3.438,10.288,17.709,12.098,255.46,1
36.148,19.977,2.8692,0.2919,0.1574,-0.1948,-30.411,-8.9065,4.6718,194.42,1
41.191,22.485,3.1144,0.2436,0.1279,-7.4714,28.379,9.7364,27.354,95.877,1
21.216,10.87,2.1732,0.5705,0.2852,6.1402,-17.942,7.7792,27.583,189.78,1
33.394,16.713,2.5384,0.3792,0.2098,9.1264,-24.914,11.466,2.3935,88.322,1
19.079,9.998,2.2553,0.5889,0.3083,24.121,9.164,5.0535,75.061,202.86,1
24.47,23.43,2.5664,0.2877,0.1506,30.163,18.014,-14.659,35.99,134.78,1
17.154,11.249,2.2405,0.5632,0.296,0.7747,-5.3697,-4.0671,48.589,119.22,1
109.58,38.442,3.1392,0.2823,0.189,-95.667,-47.461,28.551,0.834,244.82,1
19.285,11.3,2.3598,0.6157,0.3122,-9.2834,18.062,8.2219,83.797,63.913,1
38.54,30.041,3.0202,0.2463,0.1246,16.374,32.457,-25.887,0.0345,67.943,1
18.883,9.5559,2.2672,0.6541,0.4622,4.3978,-13.999,9.4048,49.52,78.878,1
26.983,14.685,2.7638,0.4496,0.2351,13.143,-12.717,6.3876,6.259,206.54,1
22.907,12.712,2.3551,0.4768,0.2406,27.103,9.6974,-3.5992,9.7478,50.929,1
67.307,30.975,3.6873,0.1689,0.0934,37.68,77.482,-21.567,5.761,166.71,1
54.908,18.766,2.5384,0.3849,0.1954,-59.005,-37.496,16.131,31.805,142,1
18.511,13.838,2.3793,0.5678,0.3695,-5.7674,15.609,4.1795,5.534,220.73,1
84.8,29.083,3.6816,0.1884,0.1,-23.611,63.095,-19.568,2.2059,303.75,1
32.497,14.82,2.5514,0.3118,0.1671,12.243,-26.693,2.2923,63.972,129.36,1
62.089,28.864,3.3406,0.2643,0.1796,-30.598,36.342,-16.454,6.479,298.59,1
12.717,11.643,2.2443,0.7066,0.396,15.637,-9.3618,7.7526,15.651,174.14,1
27.944,11.814,2.5092,0.4892,0.2833,-25.423,-24.387,8.2137,31.632,118.56,1
80.954,29.885,3.6743,0.1573,0.0875,32.514,70.974,19.906,3.6974,242.7,1
24.885,17.644,2.5359,0.3493,0.1761,38.079,11.934,15.52,15.148,192.92,1
13.256,10.688,2.1477,0.7829,0.4235,-14.483,-3.1234,-11.751,47.223,124.22,1
28.156,11.263,2.4487,0.452,0.2722,6.4354,22.785,11.155,35.72,113.43,1
22.02,17.9,2.5496,0.4147,0.2779,-12.011,-10.533,16.28,30.327,222.34,1
46.306,16.677,2.6803,0.334,0.1764,62.883,-28.133,10.096,6.021,191.95,1
20.842,7.1822,2.0663,0.6867,0.3562,-0.5062,6.1868,6.0559,33.539,154.68,1
80.219,25.872,3.5354,0.1959,0.1173,-46.441,60.083,-8.5273,0.8713,283.77,1
20.161,11.24,2.4624,0.7172,0.4672,-16.026,-21.366,11.763,18.026,173.9,1
25.233,18.422,2.3997,0.3944,0.2052,31.021,19.579,12.21,69.818,186.95,1
53.195,14.707,2.8896,0.2424,0.1322,-21.096,24.283,7.8871,2.701,219.14,1
47.052,18.387,2.827,0.3589,0.1958,-1.0346,-32.511,-12.7,31.668,151.89,1
35.381,17.642,2.6556,0.3735,0.2287,-10.371,-22.15,-18.429,15.87,236.86,1
17.402,16.402,2.5459,0.6458,0.3428,-20.66,-10.811,17.291,72.654,120.61,1
17.968,10.798,2.1644,0.5411,0.2842,-0.9338,6.3821,-4.4997,77.35,230.02,1
12.879,11.435,2.1658,0.7372,0.372,15.03,-3.4,11.718,9.2006,182.87,1
51.583,10.797,2.6222,0.5227,0.2733,-64.058,-30.128,4.3855,15.043,269.48,1
104.87,31.743,3.7156,0.1524,0.0946,-85.576,78.492,-17.335,0.604,335.75,1
23.725,0,2.0663,0.7039,0.3734,0,0,9.3349,28.267,29.499,1
20.53,17.066,2.5971,0.4627,0.3123,23.54,13.339,-11.899,9.1961,143.43,1
55.812,23.478,3.3273,0.1831,0.1038,-50.973,-36.187,-14.424,6.397,166.4,1
25.046,22.908,2.8552,0.2959,0.1486,-21.739,19.356,8.3062,30.439,116.74,1
76.18,24.822,3.1237,0.2106,0.12,-60.935,57.686,-20.47,2.1911,269.57,1
42.6,22.684,3.031,0.2253,0.1206,-4.1977,-13.164,9.4312,14.976,220.28,1
47.921,26.633,3.1834,0.1783,0.096,41.237,38.374,-9.5688,4.251,255.65,1
18.384,16.409,2.3953,0.4829,0.2596,-7.6899,17.391,-9.6232,60.543,163.28,1
32.666,19.65,2.6642,0.2579,0.1398,-31.656,12.756,-12.132,8.041,179.11,1
74.922,24.447,3.3037,0.1744,0.0981,22.874,61.478,-15.587,2.594,204.33,1
41.016,20.448,2.4518,0.2898,0.1502,44.137,28.124,11.797,4.1807,181.84,1
13.059,11.086,2.1156,0.7586,0.41,-14.739,4.913,-11.57,77.476,227.18,1
20.219,10.682,2.3444,0.6109,0.31,-8.6528,18.127,10.725,34.056,74.41,1
96.359,54.136,3.4057,0.1839,0.1035,-42.157,-83.105,-17.064,0.102,337.66,1
21.926,12.665,2.3664,0.5204,0.2774,17.631,12.292,-5.17,4.941,226.15,1
22.279,12.498,2.437,0.5082,0.2724,-1.4818,10.369,-5.2317,30.724,165.62,1
23.432,17.696,2.4479,0.3886,0.2264,-19.077,-14.924,-11.928,79.712,160.75,1
37.47,10.701,2.4829,0.4178,0.222,52.054,-10.57,6.9543,1.9409,160.22,1
26.455,13.874,2.4713,0.4561,0.272,-5.5087,-19.985,-9.3658,25.187,252.58,1
29.763,23.349,3.2034,0.2623,0.1606,8.7653,20.241,14.53,0.951,116.31,1
39.631,16.321,3.1149,0.287,0.15,3.3051,21.604,-5.4977,3.026,161.4,1
49.482,16.221,2.9398,0.2114,0.1097,30.51,21.107,7.908,3.8218,208.74,1
33.033,22.037,2.6812,0.3,0.1781,-30.82,16.451,-6.125,45.328,206.3,1
122.15,20.035,2.846,0.3735,0.2074,-19.909,-83.398,22.32,6.1874,377.91,1
18.621,10.262,2.2529,0.5754,0.3101,-0.4827,5.3309,-5.7644,26.146,173.48,1
65.632,28.282,3.0265,0.3358,0.2413,-16.997,26.578,-20.474,2.4674,313.43,1
20.865,15.374,2.4843,0.5246,0.3623,19.018,17.624,10.803,7.671,148.71,1
49.764,28.454,3.6142,0.1814,0.0996,41.336,38.428,16.1,3.2719,120.55,1
13.292,10.539,2.2028,0.79,0.442,14.139,4.5837,-11.626,58.693,177.33,1
20.792,7.1641,2.0233,0.7109,0.3554,24.378,9.6902,6.0041,6.786,102.66,1
81.528,36.307,3.5589,0.283,0.1608,48.151,-33.09,-13.588,0.151,409.76,1
32.843,14.279,2.9146,0.4017,0.2538,-11.114,-21.682,4.8152,3.4605,198.95,1
12.499,11.966,2.1446,0.6882,0.362,-16.404,9.9499,8.7031,50.611,121.43,1
19.557,11.031,2.4183,0.6565,0.4179,-17.092,-19.835,11.688,22.452,140.19,1
41.28,17.649,2.8993,0.3443,0.1784,28.818,37.294,-11.704,14.077,253.83,1
20.283,7.1797,2.0952,0.755,0.3815,22.709,11.792,5.492,51.983,191.88,1
49.805,14.05,2.6542,0.2971,0.1585,-8.5617,28.95,-13.596,5.4954,172.59,1
73.351,24.137,3.4044,0.2396,0.1338,46.351,80.38,-14.233,1.0087,291.89,1
26.068,14.5,2.721,0.4981,0.3203,21.811,22.317,6.2733,12.964,246.45,1
65.426,21.448,2.6924,0.2782,0.1472,-82.677,50.69,-10.246,8.129,254.75,1
43.824,16.82,3.04,0.2918,0.1546,17.055,28.569,-12.648,14.305,226.39,1
39.661,15.49,2.6726,0.3167,0.169,-59.477,-11.597,13.689,34.042,192.7,1
30.288,9.4639,2.2707,0.4772,0.244,41.132,15.49,11.633,34.138,142.13,1
69.992,20.486,2.8751,0.2347,0.1247,75.435,42.088,17.043,9.2202,286.91,1
29.75,18.698,2.7304,0.2995,0.1628,23.465,16.576,-12.374,0.56,205.11,1
25.519,22.854,2.8241,0.3568,0.1837,16.772,8.5341,-18.169,30.513,64.265,1
43.724,20.884,3.1181,0.2065,0.1055,-20.364,-18.974,-12.371,17.406,192.55,1
18.576,16.512,2.3701,0.516,0.3049,-14.63,-17.281,13.589,51.044,161.45,1
45.115,16.695,2.9652,0.3434,0.2118,29.561,45.576,-6.0603,12.236,223.84,1
20.584,16.061,2.2368,0.4116,0.2058,24.242,18.363,6.0907,45.687,212.06,1
21.858,20.525,2.8707,0.3744,0.2148,-8.8692,12.799,-10.669,12.603,175.06,1
66.435,17.664,2.912,0.3858,0.2162,60.897,67.757,12.28,10.237,219.29,1
28.691,19.301,2.8724,0.3192,0.1683,-7.1076,18.518,7.5662,39.05,119.79,1
37.73,20.127,2.6508,0.2749,0.1441,35.206,23.067,-20.195,31.436,233.71,1
17.593,16.034,2.2175,0.6182,0.3667,1.7766,15.356,-11.004,34.553,159.92,1
76.191,29.703,3.5078,0.1068,0.0573,-117.2,48.078,-19.021,1.64,242.44,1
31.062,11.094,2.3531,0.5233,0.3215,14.135,14.934,7.4413,34.976,123.11,1
77.692,36.886,3.5261,0.1954,0.1205,-43.367,65.597,36.411,3.9967,298,1
75.404,40.178,3.4087,0.1178,0.0599,68.76,60.912,12.157,13.77,230.52,1
29.904,15.193,2.7202,0.4724,0.2848,18.996,28.622,7.155,2.9967,173.98,1
49.072,15.804,2.9238,0.2872,0.1734,9.35,22.821,9.1958,11.24,197.57,1
63.125,18.643,2.8762,0.3311,0.1749,-69.862,49.699,-21.218,6.9492,293.43,1
18.698,15.151,2.3971,0.5251,0.2665,-20.566,-17.847,6.8823,14.281,168.01,1
59.441,26.079,2.9734,0.3424,0.1994,56.14,52.15,-12.114,5.836,252.49,1
39.43,16.567,3.0477,0.2751,0.1375,5.4314,18.069,-10.944,0.04,187.89,1
90.998,24.653,3.1348,0.2309,0.1375,6.6861,64.309,-21.948,0.1023,368.26,1
110.58,37.673,3.4465,0.1431,0.0764,-84.49,86.791,25.103,9.6984,249.13,1
13.036,11.034,2.0986,0.757,0.4343,-14.405,5.7719,-10.871,89.903,139.85,1
32.545,17.664,2.7007,0.2809,0.1424,20.181,16.706,11.665,12.117,175.52,1
44.711,17.893,2.7785,0.3297,0.1774,13.016,25.709,-10.464,2.715,179.33,1
13.215,10.424,2.1917,0.791,0.4791,-13.357,-5.7816,-10.988,58.299,187.18,1
94.04,35.446,4.07,0.1071,0.0554,35.629,80.778,-21.468,2.148,273.86,1
43.354,17.799,2.7271,0.3205,0.1715,10.142,-37.44,10.321,17.749,114.83,1
37.581,14.278,2.6048,0.3801,0.1925,-58.719,27.055,-8.2296,5.933,149.74,1
22.882,10.466,2.243,0.5314,0.2771,-24.553,-18.084,10.096,15.91,170.33,1
84.153,24.555,3.2015,0.3408,0.204,-37.894,-71.249,-9.6222,2.3306,302.1,1
99.083,16.763,2.9996,0.2292,0.1346,90.269,79.838,-12.265,7.7732,131.03,1
89.921,31.213,3.1212,0.2262,0.1207,-149.74,93.163,31.863,8.3626,333.86,1
76.666,19.688,3.0276,0.2572,0.1581,-59.965,54.625,-16.076,0.436,270.17,1
101.82,24.342,3.3921,0.2056,0.1243,104.65,98.1,14.55,3.648,260.54,1
46.559,13.363,2.5391,0.5058,0.3223,46.298,33.699,12.273,11.03,166.51,1
38.398,20.755,3.0434,0.2633,0.1633,40.953,20.903,-9.374,6.941,223.71,1
25.729,15.06,2.5723,0.415,0.2289,1.9492,23.56,6.7967,27.141,207.39,1
21.918,10.4,2.2405,0.5517,0.2902,-3.6236,16.439,7.5575,46.642,157.68,1
20.739,12.63,2.5334,0.5593,0.3441,12.139,17.858,6.5028,29.934,147.63,1
13.146,10.945,2.1055,0.7686,0.4039,-14.781,3.2397,11.794,55.115,240.78,1
29.82,14.3,2.6075,0.358,0.1988,4.9431,-15.637,-10.768,17.727,200.33,1
33.5,20.842,2.6258,0.3101,0.1598,0.5451,-21.997,14.499,24.91,230.42,1
18.188,10.464,2.2672,0.5946,0.327,1.2658,-6.9371,6.2268,6.3162,105.83,1
29.433,12.084,2.4955,0.3898,0.1997,-26.635,-23.088,-7.1125,32.312,38.758,1
41.613,29.305,3.1356,0.3505,0.2375,-46.421,-26.743,-13.306,18.278,284.59,1
32.957,14.818,2.3766,0.437,0.2206,-3.135,-15.603,-16.049,21.125,162.2,1
29.154,12.605,2.6679,0.449,0.2309,-25.458,-13.112,-8.6614,24.709,154.87,1
53.015,19.278,2.9348,0.222,0.1191,28.689,42.291,-8.9204,2.8825,254.15,1
61.298,14.415,2.7563,0.3681,0.2726,66.847,44.085,-13.279,21.895,202.81,1
21.175,19.073,2.5735,0.5501,0.3244,6.4292,16.702,-13.972,76.273,175.26,1
87.143,13.145,2.7024,0.4087,0.2252,-83.907,64.109,11.699,7.3785,278.51,1
34.976,10.754,2.5694,0.4609,0.2574,19.343,17.066,6.0541,8.539,178.83,1
26.39,7.0619,2.2601,0.6099,0.3819,-10.389,-15.423,4.6756,9.8612,257.51,1
26.567,18.815,2.8176,0.3227,0.2017,11.16,15.015,8.5459,12.306,226.57,1
92.706,18.153,2.8822,0.223,0.1292,-170.77,78.013,10.946,0.9333,228.69,1
67.837,28.472,3.346,0.1506,0.0796,37.886,71.003,-10.617,21.394,144.22,1
54.733,14.731,2.695,0.3047,0.1826,38.366,47.912,-4.6043,6.381,174.53,1
52.377,16.199,2.7372,0.2344,0.12,74.685,40.471,-3.6452,8.8454,230.04,1
26.169,20.704,2.7308,0.3178,0.1942,4.1295,-18.483,4.8895,64.571,166.01,1
25.221,12.645,2.4409,0.4348,0.2591,-17.886,-16.395,-6.3854,7.247,150.29,1
16.114,10.762,2.3096,0.6961,0.4534,-3.2083,1.745,8.9517,79.763,196.85,1
18.625,10.244,2.1875,0.5844,0.3344,-22.441,-11.014,3.7287,35.493,131.33,1
84.901,41.615,3.801,0.1978,0.1153,-104.02,-54.143,26.765,1.419,384.33,1
39.365,16.034,2.8055,0.3756,0.1886,15.544,26.621,-15.248,19.417,155.32,1
40.234,25.895,3.0362,0.2042,0.1026,56.413,-20.944,-16.261,6.2066,223.56,1
21.662,10.21,2.3711,0.5745,0.3085,2.91,-15.613,6.0877,37.428,202.87,1
25.965,11.712,2.4814,0.462,0.2591,-18.962,16.043,-7.6253,19.874,136.04,1
28.22,16.047,2.6133,0.4312,0.218,1.1911,27.114,-3.1397,12.214,196.94,1
90.105,22.951,3.1608,0.2272,0.1136,69.08,92.735,23.146,14.047,277.04,1
19.689,0,2.2109,0.7877,0.5692,0.1846,-3.6483,0,59.924,120.09,1
12.855,9.5385,2.2867,0.8165,0.5866,-10.729,-9.3624,-8.5784,73.878,99.625,1
63.805,23.922,3.4746,0.175,0.0997,44.123,51.436,-18.49,0.1897,240.85,1
26.133,18.59,2.5211,0.3524,0.1883,20.931,-17.738,-6.7491,32.28,167.96,1
29.488,16.237,2.7927,0.3336,0.1829,35.045,10.687,8.2457,1.379,142.49,1
18.907,13.679,2.5205,0.5792,0.3394,-7.0648,16.362,3.3348,50.254,132.66,1
39.342,20.868,3.0118,0.2453,0.1299,18.073,20.35,-18.302,1.8662,197.64,1
87.312,31.035,3.672,0.1986,0.1063,-41.571,47.773,-13.787,1.902,358.1,1
117.78,21.013,2.6781,0.3274,0.1668,-195.99,108.43,-12.473,4.6097,292.31,1
87.492,30.701,3.3165,0.1375,0.075,50.026,91.366,20.741,6.481,215.94,1
20.947,6.4102,2.1319,0.7823,0.5203,-18.371,-17.194,-6.1023,65.694,124.28,1
53.294,13.414,2.7763,0.4017,0.2418,57.381,45.017,3.0146,4.709,176.27,1
77.866,32.304,3.5645,0.2129,0.1168,48.08,79.902,11.538,1.775,314.07,1
37.146,21.621,3.3506,0.2502,0.1296,2.7761,28.156,-12.958,1.705,78.189,1
34.946,24.461,2.7528,0.2809,0.1405,-25.863,-21.333,-20.72,82.854,158.25,1
19.441,7.2845,2.1351,0.7839,0.4212,-4.4407,10.806,-4.2641,27.318,137.05,1
45.095,16.49,2.9963,0.2602,0.1467,-3.6668,13.903,10.836,4.361,179.2,1
53.643,20.863,3.2208,0.2358,0.1224,-11.597,40.184,-4.5304,2.6359,226.54,1
70.832,22.398,3.3197,0.2227,0.1252,81.817,69.023,19.264,10.385,248.98,1
34.853,6.6139,2.5353,0.5306,0.2668,-49.827,21.759,3.1,1.207,280.67,1
14.61,12.205,2.2989,0.6834,0.4146,0.7501,3.4973,-7.9362,21.345,222.21,1
36.146,19.387,2.9775,0.2791,0.1511,10.642,24.105,13.979,6.6443,149.08,1
101.59,31.097,3.4678,0.1502,0.0839,32.096,77.227,15.387,1.192,306.84,1
20.758,10.744,2.1703,0.5878,0.3142,-6.1072,17.433,-8.0842,66.17,150.94,1
34.664,12.567,2.6454,0.3914,0.2251,11.663,28.168,8.6285,0.3188,170.34,1
44.731,18.816,3.1472,0.29,0.1607,-65.189,41.009,-10.713,5.1233,264.81,1
20.108,7.112,2.1746,0.7759,0.4047,21.642,12.832,5.2305,15.288,127.57,1
25.142,16.224,2.404,0.5404,0.3373,-6.0245,-26.128,7.5803,62.969,176.7,1
26.879,9.6096,2.3664,0.4817,0.2688,32.618,19.911,-6.6477,14.714,150.19,1
21.909,16.417,2.4257,0.5441,0.2871,15.034,18.763,-13.233,50.252,129.79,1
28.974,10.862,2.5441,0.44,0.2557,-18.555,18.199,8.1459,5.1486,168.45,1
47.828,19.752,3.2392,0.2543,0.1289,28.577,34.306,-14.579,3.53,244.3,1
77.599,38.494,3.9316,0.1006,0.0505,83.138,61.353,29.849,4.774,247.29,1
36.753,10.767,2.433,0.4465,0.2269,-51.615,11.884,8.2875,6.816,145.57,1
21.911,9.7568,2.2304,0.6471,0.4088,-20.18,-20.022,11.516,87.984,186.46,1
17.982,10.731,2.3032,0.5672,0.296,1.6666,-7.6764,-5.202,23.651,144.04,1
86.345,31.682,3.4011,0.2621,0.1448,8.8598,58.819,-29.834,7.0441,372.64,1
31.268,9.4683,2.2589,0.4463,0.2231,7.8617,23.326,-9.2346,22.47,225.96,1
25.843,15.614,2.4624,0.4862,0.2466,-13.557,-12.512,11.275,8.0678,116.81,1
58.608,18.017,2.8166,0.2578,0.1335,59.986,38.103,8.4731,0.256,241.97,1
121.02,25.742,2.7604,0.3403,0.1849,114.84,70.632,-12.303,1.112,354.89,1
25.558,10.259,2.3233,0.4561,0.2352,13.643,-17.508,3.6553,2.178,229.67,1
27.817,16.048,2.4166,0.4483,0.2816,-32.765,-18.999,-11.952,52.521,144.05,1
52.976,29.92,2.9928,0.1729,0.089,-65.433,39.622,-10.18,47.954,191.01,1
79.664,13.278,2.7694,0.3895,0.2764,-28.399,59.396,5.1437,1.709,333.2,1
42.154,23.14,3.1998,0.2254,0.1215,0.0818,-32.841,13.346,8.0243,167.33,1
28.716,13.997,2.5792,0.4242,0.2332,-20.585,13.841,6.6946,30.192,240.26,1
20.757,10.205,2.316,0.6522,0.3841,19.639,19.295,-11.525,20.588,171.37,1
25.867,16.26,2.5605,0.3989,0.2352,8.5181,10.897,3.8152,3.665,86.65,1
23.571,9.0408,2.3054,0.6188,0.3738,23.614,18.779,11.126,14.59,231.16,1
17.482,10.985,2.238,0.5665,0.2861,2.6567,-8.5761,-4.274,35.758,130.54,1
82.474,24.709,3.1131,0.2328,0.1353,71.248,77.372,-8.1449,14.393,209.25,1
86.989,32.887,3.4965,0.1326,0.0748,-17.84,89.82,-13.961,10.885,256.6,1
22.656,12.395,2.3274,0.4847,0.2518,-27.933,-12.919,10.481,69.395,159.16,1
25.815,15.332,2.3674,0.3734,0.2039,36.806,13.641,13.821,0.206,167.51,1
34.688,22.658,3.049,0.2305,0.1184,23.576,28.008,-8.4395,2.0522,160.78,1
21.658,10.707,2.2014,0.5409,0.2799,-5.6179,17.803,-8.9505,39.009,129.76,1
29.352,16.152,2.4749,0.3719,0.196,-5.4218,22.907,9.7048,26.369,161.38,1
12.611,11.815,2.1189,0.6996,0.3764,-16.011,9.5045,9.1143,5.0155,166.31,1
32.835,21.172,2.7948,0.2598,0.1403,20.444,20.222,-4.964,10.162,187.35,1
41.823,25.246,3.3309,0.1876,0.0945,3.1144,28.248,17.058,12.156,119.38,1
18.988,16.477,2.4241,0.5047,0.2881,12.474,18.329,12.655,31.805,99.636,1
33.251,15.757,2.6253,0.436,0.2192,28.14,17.052,-11.592,13.431,167.24,1
33.102,12.865,2.4091,0.538,0.2943,-16.899,-11.828,8.8158,8.0901,199.78,1
18.369,12.481,2.5231,0.5367,0.3343,2.1877,-6.9057,9.7286,28.516,165.28,1
74.449,28.747,3.6405,0.1899,0.0994,51.478,66.504,20.186,0.1431,289.53,1
40.028,16.531,2.9348,0.3126,0.1842,-19.252,22.159,13.392,2.184,190.81,1
26.61,17.697,2.6243,0.3943,0.2126,34.906,14.148,14.818,24.247,82.338,1
92.741,23.924,3.0931,0.1792,0.09,-146.54,56.285,-11.033,9.5101,186.47,1
79.289,32.153,3.5974,0.1241,0.0623,-85.339,40.017,-20.255,0.514,244.51,1
64.986,21.224,3.2083,0.2526,0.1297,23.448,69.561,-15.652,3.404,231.73,1
19.146,16.298,2.3395,0.4851,0.2494,12.275,17.833,11.441,87.148,50.085,1
35.269,10.624,2.5472,0.4397,0.2652,-24.623,-25.315,-11.878,13.316,191.17,1
28.097,20.479,2.9521,0.3283,0.1647,31.109,20.768,14.044,15.876,166.52,1
26.182,10.319,2.3627,0.5033,0.2668,-11.308,-17.465,6.8146,0.1665,118.86,1
58.922,29.392,3.2994,0.3011,0.1614,-27.523,21.508,21.724,2.5884,332.3,1
52.251,19.15,2.752,0.2779,0.1708,78.02,-29.155,8.5605,0.4811,185.71,1
29.806,17.617,2.4914,0.5,0.35,27.374,29.577,-20.325,38.85,107.56,1
36.497,17.577,2.7649,0.3643,0.2242,-6.7551,-29.58,-10.077,5.526,175.28,1
26.619,18.099,2.5933,0.3546,0.1926,-5.3782,14.407,10.365,8.3473,152.83,1
23.433,10.024,2.4935,0.5811,0.3836,6.2773,18.465,-8.6736,5.584,189.46,1
20.916,16.424,2.4281,0.5037,0.2854,18.085,17.583,-7.6148,41.05,122.12,1
53.741,15.531,2.78,0.2805,0.1419,50.096,37.651,-13.056,26.16,236.57,1
18.194,12.031,2.4257,0.5741,0.3884,2.9874,-9.6578,11.234,7.6823,63.557,1
26.306,15.681,2.5231,0.3958,0.2294,19.832,-12.441,-11.277,51.496,149.61,1
42.003,11.11,2.6889,0.3521,0.1873,-71.622,33.943,4.4854,0.933,269.54,1
51.129,20.804,3.0615,0.2292,0.115,-4.0918,15.04,-14.929,1.0956,177.67,1
33.601,16.308,2.6981,0.2826,0.1493,32.981,10.358,-5.0109,14.504,187.09,1
59.341,24.132,3.5204,0.2336,0.1178,31.053,59.411,10.094,1.3878,264.49,1
39.997,22.183,3.0941,0.2762,0.1437,41.381,36.393,13.328,14.756,228.62,1
18.28,10.609,2.1367,0.5474,0.281,-1.0013,6.7534,4.6502,0.0621,180.92,1
44.703,17.275,2.882,0.3005,0.1568,39.101,31.977,15.381,14.506,177.16,1
43.452,18.372,2.6799,0.2403,0.1223,26.751,-19.327,-12.301,7.1147,223.85,1
19.102,15.293,2.4914,0.4774,0.2952,-3.7103,10.762,-8.7623,55.833,105.55,1
30.297,23.028,2.8325,0.2338,0.1184,28.816,20.713,14.735,37.42,194.75,1
66.698,24.516,2.7843,0.2728,0.1504,44.633,44.86,14.349,8.269,268,1
104.3,17.753,3.2418,0.3542,0.2221,-42.041,70.766,-17.228,0.0253,319.61,1
21.173,10.751,2.1553,0.5734,0.2972,5.7528,-17.578,7.9413,27.561,245.96,1
23.055,15.724,2.4409,0.3877,0.2047,-11.103,-10.378,11.575,10.379,174.13,1
38.609,25.297,2.7749,0.2603,0.157,-46.34,-29.923,16.786,10.935,166.41,1
57.682,20.99,3.2915,0.206,0.1096,28.078,53.383,-15.254,5.272,208.32,1
63.798,31.291,3.7966,0.1372,0.0721,45.824,53.557,-13.325,0.6806,201.37,1
46.487,15.705,3.0158,0.2816,0.1442,-29.206,-23.996,-5.673,1.2932,210.84,1
56.847,17.135,3.0181,0.2302,0.1281,80.388,23.959,-10.249,22.238,186.71,1
21.392,11.758,2.3233,0.5273,0.2684,2.0771,-10.046,11.397,13.93,170.74,1
141.88,18.195,2.5459,0.4154,0.2319,-146.97,98.604,-11.733,5.704,310.08,1
12.558,11.894,2.1414,0.7004,0.3574,15.517,-6.881,-11.2,31.107,165.4,1
53.173,15.78,3.0007,0.3405,0.1962,34.234,56.461,5.3486,13.029,195.21,1
54.555,20.935,3.0344,0.2236,0.1436,29.205,41.386,-12.959,4.504,87.451,1
95.598,31.812,3.3732,0.252,0.1827,-53.099,-54.791,-32.61,4.36,286.97,1
122.51,25.294,3.2625,0.1284,0.0653,-130.96,96.818,-19.996,2.8915,290.66,1
39.657,11.1,2.5855,0.3195,0.1649,38.548,19.596,5.2492,16.72,142.33,1
36.059,20.126,2.9941,0.2889,0.1556,44.657,24.978,11.282,17.968,62.951,1
26.89,9.4561,2.4108,0.4971,0.266,-10.286,12.064,4.3473,20.753,172.18,1
19.111,16.06,2.6609,0.5087,0.2587,18.408,15.347,9.5807,19.125,185.17,1
73.751,28.516,3.4787,0.1677,0.1001,-82.325,60.488,24.068,6.3353,259.3,1
35.989,11.693,2.4713,0.4392,0.2348,-35.672,9.7044,11.526,16.962,258.97,1
88.387,21.003,3.0934,0.2371,0.1407,-57.08,73.187,4.4624,1.8504,282.06,1
97.426,56.977,4.2944,0.06,0.0308,-127.49,81.796,-33.306,4.934,201.77,1
95.56,27.288,3.0519,0.2422,0.1389,95.301,75.887,25.329,0.669,172.86,1
51.853,27.157,3.1116,0.2776,0.1396,-63.506,37.731,-11.65,0.728,298.17,1
32.296,17.276,2.6585,0.36,0.1811,0.5956,-21.315,6.6299,35.188,192.48,1
42.687,19.287,3.071,0.2607,0.138,17.467,41.705,10.741,4.8021,234.34,1
29.525,20.09,2.7029,0.3092,0.1556,17.536,-14.58,15.71,19.704,158.87,1
22.985,17.281,2.6594,0.4009,0.2311,11.631,9.7216,15.498,9.987,204.91,1
77.911,28.337,3.4989,0.2238,0.1203,-26.874,66.809,-20.864,1.762,301.22,1
27.858,12.782,2.5905,0.4262,0.2144,27.282,15.883,9.1153,9.754,240.87,1
32.524,17.877,2.8395,0.3039,0.1556,-23.188,-16.354,14.942,3.952,213.75,1
19.513,16.701,2.4074,0.5988,0.3973,5.8685,-12.329,-13.972,16.367,145.11,1
23.136,13.537,2.3627,0.4946,0.2538,-22.423,-16.104,-4.1679,3.438,108.32,1
43.072,12.211,2.6101,0.4049,0.2638,15.046,29.089,5.78,0.7536,231.38,1
27.608,26.408,2.9472,0.2507,0.1429,8.1399,20.456,-14.852,31.557,72.331,1
42.782,16.81,2.9535,0.2649,0.1564,-23.651,-32.464,5.703,12.88,113.58,1
16.574,11.409,2.2833,0.5833,0.3255,2.8231,-7.2764,5.7233,45.906,150.27,1
20.243,6.8375,2.1569,0.7944,0.4634,19.657,15.059,-5.3686,22.913,169.26,1
90.457,31.458,3.3691,0.2351,0.1417,-19.571,55.201,18.807,0.3742,341.71,1
56.42,16.72,3.066,0.2345,0.1302,9.1619,47.868,11.541,3.093,205.27,1
87.53,36.506,3.7044,0.1612,0.0809,-6.5876,75.006,-19.568,0.0204,354.79,1
70.642,20.386,2.9533,0.2661,0.1576,29.509,70.026,18.033,8.94,209.14,1
35.289,13.834,2.5031,0.3987,0.2119,-48.275,-11.134,-9.2587,7.108,160.95,1
60.856,13.412,2.5434,0.3548,0.1903,-105.33,56.392,-10.698,7.8933,226.34,1
28.216,21.593,2.601,0.406,0.2168,-1.6912,25.446,7.3605,33.437,180.64,1
24.553,14.593,2.7376,0.452,0.2461,0.1998,20.031,-10.374,37.199,139.46,1
74.921,32.245,3.4986,0.3106,0.161,-17.94,-48.99,9.5949,1.408,361.98,1
20.532,18.66,2.5587,0.4669,0.2555,29.222,-12.26,-7.5688,37.601,191.24,1
90.334,41.357,3.5961,0.2033,0.1114,29.729,-43.301,-34.239,2.816,370.97,1
66.601,23.796,3.0992,0.1528,0.0768,-18.551,16.408,-13.546,2.4355,267.41,1
20.146,7.3238,2.1222,0.7245,0.3962,1.5817,-8.3371,5.4492,12.621,162.04,1
106.67,17.531,3.0402,0.2717,0.1454,59.452,114.13,11.323,11.748,167.62,1
38.641,16.319,3.0147,0.29,0.1493,17.158,14.236,8.4875,5.6601,170.27,1
25.348,23.78,2.993,0.2967,0.1509,-9.2368,-21.347,6.1731,73.19,112.89,1
68.619,13.765,2.6871,0.3083,0.1593,18.678,57.77,5.6543,1.9636,256.72,1
28.184,21.694,2.7105,0.3856,0.2113,16.131,22.32,17.411,45.411,207.58,1
27.172,11.203,2.6493,0.4395,0.2209,8.3899,12.985,-6.8132,1.61,224.79,1
89.596,21.532,2.772,0.2401,0.1226,-48.124,-104.22,-13.147,7.4382,209.44,1
21.843,10.866,2.3139,0.6068,0.3665,16.44,18.729,-7.7056,5.646,181.71,1
29.391,15.944,2.5276,0.3175,0.1588,2.1929,-21.295,13.569,7.845,149.27,1
28.551,12.96,2.5676,0.3897,0.2368,-3.5697,17.446,6.6037,2.4627,266.67,1
43.516,27.127,2.8873,0.2229,0.1316,-20.059,7.6962,23.334,7.658,252.71,1
23.315,0,2.0986,0.7171,0.3944,0,0,-9.5652,22.088,196.27,1
19.673,18.73,2.5894,0.5148,0.2973,-7.2619,-12.505,-12.226,6.501,179.99,1
18.444,7.4467,2.1508,0.7845,0.4912,-2.4165,6.7794,1.8321,88.029,112.39,1
27.384,16.504,2.6405,0.4073,0.2254,36.682,17.157,-8.2152,16.37,193.04,1
26.57,14.765,2.3874,0.4549,0.2643,3.6868,22.18,9.6575,45.969,232.16,1
42.678,12.227,2.6053,0.3151,0.1625,41.931,23.944,6.8694,3.129,238.94,1
17.656,10.806,2.248,0.5819,0.3079,-22.46,-9.8571,3.9711,72.368,95.115,1
19.133,12.759,2.4074,0.5245,0.2642,4.386,-12.695,-9.212,33.729,165.33,1
22.169,12.447,2.437,0.5155,0.2687,-1.451,10.788,9.1109,45.801,188.54,1
24.574,10.45,2.4224,0.5028,0.293,-7.3166,-18.417,7.4281,11.283,172.58,1
80.378,36.292,3.3727,0.2183,0.1109,6.4918,46.606,-28.473,0.123,346.6,1
97.046,12.29,2.7214,0.2811,0.1491,-122.37,84.514,3.9472,30.297,231.44,1
36.128,11.047,2.4878,0.3512,0.1772,18.063,30.081,-8.6113,10.573,139.44,1
21.763,12.479,2.3627,0.5249,0.2712,28.702,-8.0145,4.391,26.131,152.44,1
29.114,18.163,2.8759,0.4484,0.3267,8.9725,21.09,-12.059,19.068,144.45,1
45.594,21.259,3.0538,0.2102,0.1144,-19.463,-32.938,6.9607,9.0222,216.75,1
19.95,7.3538,2.0846,0.7325,0.4074,-1.7329,8.3658,5.2361,4.317,207.43,1
59.415,21.601,3.5409,0.2066,0.115,-3.8691,55.359,-11.968,2.236,204.09,1
38.652,19.345,2.6594,0.2738,0.1479,27.638,33.344,-16.399,41.605,133.15,1
53.209,22.546,3.3736,0.2183,0.1212,-7.5763,24.083,-14.146,10.507,245.07,1
38.554,12.523,2.5391,0.4884,0.2905,20.096,35.224,-5.088,3.055,179.06,1
33.072,18.581,2.5453,0.359,0.1866,-40.882,-15.001,-11.942,11.083,236.27,1
17.929,15.745,2.5085,0.5209,0.2806,19.262,17.794,6.3273,79.598,156.12,1
81.626,33.262,3.5645,0.2295,0.1323,-31.756,71.266,-24.337,3.1589,330.34,1
84.251,30.61,3.2504,0.1629,0.0829,69.166,58.212,22.456,11.124,230.64,1
15.132,12.051,2.3483,0.6592,0.3879,-1.3385,-2.3146,7.2689,21.428,81.919,1
82.024,33.566,3.4102,0.1443,0.0776,-110.14,38.739,-21.387,10.998,215.5,1
31.146,19.002,2.6799,0.3615,0.2079,14.519,26.145,16.449,62.781,119.5,1
23.121,14.05,2.6479,0.4522,0.2396,3.982,14.735,-6.5502,22.208,143.88,1
29.043,12.178,2.4082,0.4023,0.2051,-34.464,-24.012,9.5604,11.474,160.37,1
19.014,8.8881,2.4048,0.7126,0.4744,-17.857,-15.612,4.954,29.163,223.88,1
24.543,17.357,2.4942,0.4776,0.2612,18.736,17.718,12.845,12.869,80.764,1
12.619,11.8,2.1945,0.6965,0.3802,-16.048,9.8061,7.5212,81.11,165.1,1
60.623,24.289,2.8299,0.358,0.2522,-48.882,-36.104,18.419,12.113,294.05,1
23.912,22.041,2.8642,0.3664,0.1921,22.046,17.131,8.2438,10.495,120.42,1
41.607,10.549,2.4639,0.4364,0.2251,-7.2166,-31.275,-5.2903,8.17,124.73,1
37.613,24.711,3.0783,0.2313,0.1365,37.706,31.813,-7.1475,6.2998,95.14,1
75.458,23.318,3.669,0.1841,0.0946,34.736,71.854,-15.51,3.952,243.84,1
63.949,21.99,3.4432,0.2152,0.113,-58.742,61.622,14.879,2.881,281.35,1
58.321,25.992,3.1836,0.2333,0.1484,-57.067,32.38,14.393,3.4996,304.33,1
46.961,24.637,3.246,0.1969,0.103,43.718,28.865,-9.4719,5.775,149.14,1
19.854,7.3932,2.2589,0.7107,0.416,-0.1663,3.7607,-5.1641,2.602,129.91,1
66.996,25.78,3.387,0.2047,0.1069,13.963,75.111,11.197,3.197,172.9,1
104.6,43.632,2.8335,0.2465,0.1343,4.5666,28.439,31.704,4.314,325.19,1
20.96,7.1434,2.1255,0.6891,0.3483,-0.8805,7.5419,-6.136,27.138,204.6,1
21.111,6.3501,2.1351,0.7766,0.5238,-18.406,-17.361,6.2086,39.389,136.72,1
25.842,18.572,2.6304,0.377,0.1932,25.412,17.93,5.4656,1.8424,145.42,1
86.317,27.734,3.3879,0.1887,0.1091,-72.271,-53.369,21.552,0.897,268.7,1
20.975,15.706,2.4232,0.4113,0.2094,1.5115,-12.901,5.6286,11.757,92.344,1
40.333,14.952,2.7279,0.3873,0.2086,46.056,12.604,4.996,5.2049,226.71,1
33.73,16.172,2.7593,0.3359,0.1802,23.104,30.431,-13.129,10.213,184.07,1
81.805,21.919,2.7482,0.4196,0.2188,-100.88,-38.864,9.2331,3.38,284.36,1
27.699,18.346,2.6937,0.3887,0.2196,18.784,26.108,9.2445,36.525,103.25,1
63.456,23.621,3.2119,0.1762,0.0985,69.713,27.883,-5.1909,2.8194,248.24,1
53.698,15.966,2.6365,0.3349,0.1721,-38.354,-54.982,-12.176,68.073,129.84,1
21.543,16.151,2.6175,0.4487,0.2425,9.0911,8.7649,-13.45,45.808,101.4,1
22.543,12.727,2.2148,0.5793,0.3628,14.057,15.477,-9.0181,12.164,119.13,1
26.224,13.108,2.639,0.4478,0.2698,10.466,14.484,-9.4439,4.845,193.15,1
104.51,26.902,3.4007,0.2023,0.1226,72.112,86.627,-21.756,2.425,280.19,1
22.415,22.268,2.9312,0.4066,0.2419,-17.543,-13.601,13.671,6.572,191.6,1
25.884,18.878,2.5085,0.3752,0.2031,14.247,-17.45,-12.726,23.417,152.48,1
22.33,9.9609,2.1584,0.5486,0.2951,-3.6983,16.318,-10.056,2,104.2,1
58.431,23.372,3.2887,0.1744,0.0944,11.794,27.212,-12.866,5.406,192.53,1
25.122,14.874,2.5321,0.4229,0.2805,15.505,10.466,-9.0549,5.0428,173.12,1
12.746,11.587,2.2613,0.7068,0.4027,15.498,-9.2905,-6.5841,69.434,141.39,1
21.655,9.4121,2.2577,0.6133,0.3398,-4.7014,16.204,-10.7,53.769,84.128,1
29.549,14.118,2.3692,0.359,0.1902,37.178,19.81,-8.8034,0.9098,145.25,1
85.889,28.67,3.7388,0.152,0.0851,25.075,-37.794,23.328,8.2632,206.32,1
31.37,13.932,2.6123,0.4957,0.3162,19.634,21.905,-12.03,1.156,127.83,1
41.257,26.659,3.1148,0.1965,0.1002,24.867,32.32,9.4478,15.443,93.72,1
16.338,11.553,2.3979,0.604,0.354,0.7217,-4.1123,-6.5363,44.277,147.07,1
22.727,10.086,2.2148,0.5671,0.2957,31.189,-15.109,8.3771,8.681,90.8,1
67.115,35.181,2.7969,0.3384,0.2227,-33.559,58.743,7.8771,40.61,184.47,1
36.641,22.838,2.9612,0.246,0.134,-34.017,19.087,13.885,15.999,151.35,1
103.5,20.084,2.7135,0.3017,0.1809,93.077,57.498,13.89,3.679,183.44,1
103.58,30.209,3.4386,0.1672,0.0898,-36.043,50.728,5.567,2.3493,325.7,1
56.054,21.688,3.0191,0.2105,0.1134,59.961,49.803,15.489,6.696,237.1,1
50.892,27.031,2.9135,0.227,0.1263,18.172,-8.3297,-25.53,11.901,173.05,1
57.314,31.65,3.2931,0.1955,0.1245,-3.4753,41.351,-29.392,29.367,178.96,1
26.692,22.114,2.6186,0.3249,0.1889,10.667,11.505,-19.183,2.96,89.907,1
28.438,12.878,2.4646,0.3636,0.1973,12.658,14.733,-8.1179,54.766,147.29,1
23.221,12.84,2.5735,0.4993,0.2577,-28.832,11.924,9.0575,4.861,102.3,1
85.028,26.441,3.5842,0.2292,0.1384,-36.417,56.302,-17.844,1.323,304.83,1
24.313,10.298,2.4464,0.5188,0.2665,8.363,16.683,-6.5193,1.8092,246.55,1
19.039,9.9673,2.2355,0.5814,0.3517,-22.205,-11.722,-2.8585,5.6753,160.39,1
25.063,14.402,2.5179,0.4765,0.2716,-8.942,-12.538,13.044,16.183,148.28,1
38.439,15.089,2.6031,0.3167,0.1608,38.511,33.463,11.102,16.429,162.33,1
53.552,15.03,2.6454,0.2919,0.1505,-59.416,-27.631,10.795,3.1493,107.77,1
32.407,12.187,2.6133,0.4068,0.2253,6.3835,-18.11,-6.7483,9.6339,212.9,1
41.455,19.227,2.873,0.2371,0.1226,27.74,30.649,-10.93,15.358,163.88,1
41.963,17.166,2.7763,0.2812,0.1414,-37.829,-21.24,15.754,12.001,187.97,1
31.35,17.967,2.8112,0.3583,0.1969,42.673,18.792,-13.624,10.997,229.72,1
81.412,37.656,3.9915,0.1098,0.0571,81.842,72.87,-28.596,0.256,219.21,1
31.065,17.579,2.6138,0.3577,0.1837,8.5864,-26.058,-11.81,58.358,200.18,1
40.439,16.356,2.6716,0.2748,0.1395,57.061,24.582,-11.25,13.8,190.25,1
18.54,14.352,2.4487,0.548,0.3826,-0.96,-3.8804,10.879,35.495,87.9,1
29.609,14.908,2.6794,0.3661,0.2123,36.212,-6.3267,9.178,6.737,261.38,1
93.612,25.96,3.7458,0.1578,0.0929,-92.386,82.016,-14.894,1.4092,269.34,1
25.76,17.324,2.6812,0.3937,0.199,25.638,19.225,-12.868,10.273,128.93,1
55.476,27.694,3.1252,0.1837,0.0933,55.407,45.083,24.633,3.086,214.33,1
33.648,18.137,2.6767,0.2842,0.1695,33.523,27.209,-14.453,17.38,109.04,1
29.387,18.677,2.6345,0.3875,0.21,19.118,22.48,-7.8413,16.874,205.28,1
17.087,10.42,2.3522,0.6711,0.4244,-1.8748,5.5903,-8.0828,51.667,172.87,1
84.672,18.28,2.9605,0.3001,0.1561,35.044,99.605,10.754,5.3339,273.31,1
65.541,6.9872,2.5502,0.4986,0.2746,-85.882,35.499,-8.9161,0.8093,275.77,1
89.473,32.943,3.3831,0.1589,0.0888,-91.869,51.634,21.982,0.524,237.61,1
36.155,10.428,2.4487,0.4555,0.2295,-18.051,-23.219,8.2334,5.836,168.88,1
26.609,12.129,2.4728,0.3704,0.1936,38.27,7.7958,-5.8931,1.407,175.8,1
13.18,10.893,2.1123,0.7722,0.3977,-14.864,2.3052,11.86,25.297,147.2,1
31.555,15.492,2.4691,0.3939,0.2088,36.764,24.274,-9.5021,37.382,106.28,1
18.334,12.869,2.4057,0.5619,0.2849,-3.1215,11.77,-7.1361,40.824,127.44,1
31.387,19.885,2.5587,0.3425,0.1975,-14.885,-27.623,2.6469,33.693,204.59,1
14.319,11.677,2.42,0.692,0.4886,3.2899,7.4801,-9.9465,17.439,107.64,1
41.751,6.7535,2.3701,0.4563,0.2409,9.1177,28.671,6.3146,31.305,272.69,1
91.298,51.351,3.9785,0.135,0.076,-89.803,39.192,26.026,2.007,391.26,1
93.143,23.748,3.1433,0.2013,0.1024,14.82,86.524,12.317,13.194,285.63,1
12.333,12.159,2.1414,0.6715,0.343,-17.07,10.747,1.0079,17.444,199.99,1
23.484,20.077,2.5944,0.3588,0.1896,0.2998,-20.272,-14.562,6.0191,168.18,1
26.625,22.98,2.7143,0.3282,0.2037,-8.1057,-18.4,11.506,8.869,17.883,1
37.715,7.2191,2.3253,0.4539,0.2624,47.886,18.04,-5.7364,24.583,254.9,1
54.492,16.85,2.9576,0.2249,0.1218,37.048,26.341,-12.212,1.705,216.32,1
13.287,10.384,2.2867,0.7959,0.4677,13.601,5.8373,11.351,72.49,227.19,1
65.171,36.513,3.2525,0.1638,0.083,-45.655,44.195,-27.029,6.976,286.78,1
102.42,29.598,3.3576,0.1598,0.088,-80.022,61.085,13.762,7.5904,283.61,1
80.151,27.691,3.0946,0.2115,0.1194,52.389,85.808,14.86,0.302,265.98,1
56.192,29.755,3.1316,0.2201,0.1208,55.107,49.969,21.943,1.591,222.13,1
147.38,35.487,2.9256,0.3169,0.2178,-168.74,-57.831,-28.55,32.783,227.05,1
34.75,22.617,3.2101,0.2318,0.1261,19.608,26.546,9.1426,7.8384,80.269,1
12.685,11.726,2.0149,0.715,0.3623,15.18,-5.0177,-11.504,44.082,152.93,1
28.366,16.716,2.5434,0.4292,0.216,25.662,21.178,-9.8803,4.663,55.844,1
24.732,11.598,2.5575,0.446,0.2535,10.95,-5.9315,-6.2544,12.247,194.99,1
50.774,18.776,3.0743,0.2689,0.158,25.06,51.105,12.397,5.1845,281.52,1
31.693,12.255,2.5296,0.3811,0.1965,-44.948,11.214,-9.3705,10.509,106.19,1
79.109,36.913,3.6716,0.2539,0.13,-33.292,-64.442,-22.17,0.552,424.21,1
12.499,11.968,2.0394,0.6941,0.3516,15.476,-6.5078,11.19,21.57,62.52,1
94.058,31.822,3.7708,0.15,0.0921,-66.509,68.38,19.055,1.498,274.52,1
20.904,6.8481,2.1414,0.7581,0.444,-20.986,-14.543,-6.0219,20.859,205.64,1
34.338,16.159,2.9941,0.2788,0.1414,14.737,-13.806,10.613,0.811,196.85,1
53.521,27.853,3.5542,0.2303,0.1416,29.719,49.57,19.395,0.984,185.46,1
19.47,15.868,2.3075,0.5665,0.2833,25.978,-4.3982,17.315,17.713,217.29,1
22.289,15.344,2.4533,0.4437,0.2729,25.714,13.289,-7.4476,25.192,161.89,1
71.715,23.74,3.2586,0.21,0.1309,21.293,85.588,14.597,6.282,266.57,1
22.951,17.929,2.6479,0.3532,0.1789,-35.677,8.8009,-15.416,22.419,196.34,1
54.371,23.075,3.088,0.2091,0.1262,-77.487,30.403,-16.556,1.8163,263.46,1
24.69,10.773,2.4224,0.552,0.3233,-7.8361,-22.063,3.0269,21.797,214.13,1
54.848,23.627,3.3415,0.23,0.115,18.439,47.341,-11.76,12.392,251.28,1
31.049,16.603,2.8267,0.3055,0.1587,-4.54,-17.047,9.7213,19.89,213.69,1
21.043,11.762,2.3128,0.5353,0.2847,-1.7828,8.5343,-11.297,15.654,212.42,1
53.003,16.622,2.8707,0.2559,0.1313,2.0391,-7.0839,8.6813,0.107,198.76,1
55.693,26.259,3.1974,0.2685,0.1793,31.873,48.172,22.415,10.431,217.98,1
26.816,11.383,2.4983,0.4825,0.2714,5.2307,17.154,7.9106,5.414,84.312,1
81.543,15.353,2.936,0.19,0.0991,68.762,38.859,6.7577,2.008,205.87,1
94.085,28.411,3.3726,0.2188,0.1338,-74.647,53.629,-23.744,2.9371,285.17,1
49.191,17.368,2.9506,0.2431,0.1238,-19.949,33.353,-13.977,4.2502,246.47,1
58.798,17.685,2.5988,0.4685,0.3136,-20.852,-26.243,-7.7874,5.493,309.59,1
79.989,20.363,2.4928,0.4309,0.2203,-79.154,48.605,9.5656,2.8761,259.81,1
90.613,39.762,4.0987,0.1017,0.0511,-46.483,84.07,23.582,0.8412,314.62,1
36.05,15.083,2.8597,0.4075,0.2134,52.246,-17.248,3.6444,5.396,182.94,1
26.543,13.021,2.5276,0.4837,0.3368,23.665,24.753,9.3147,15.15,132.39,1
33.723,18.295,3.0639,0.2676,0.1394,32.558,18.346,-4.4196,11.078,94.179,1
158.86,29.398,2.8373,0.2953,0.1855,-104.7,-110.15,-6.6452,0.0103,353.41,1
42.908,26.018,3.0126,0.2234,0.1248,35.441,-15.447,22.721,13.985,169.83,1
69.834,32.517,3.6431,0.2368,0.1216,-34.235,64.062,-22.099,2.662,296.14,1
34.436,17.991,2.721,0.3156,0.1625,8.8082,-19.695,-13.498,2.701,205.73,1
81.09,22.577,3.4955,0.1579,0.089,18.967,94.754,-4.4858,1.7041,215.79,1
68.066,24.957,3.2241,0.1689,0.0874,-80.377,-33.996,-15.662,8.0874,257.71,1
32.62,10.847,2.6835,0.371,0.2166,28.696,-12.275,1.5895,0.083,166.07,1
42.066,23.293,3.0492,0.2009,0.1067,56.962,-14.575,6.8101,3.6947,207.02,1
24.894,13.597,2.3512,0.5167,0.3051,7.0421,12.28,-12.774,24.205,84.469,1
24.765,17.899,2.5502,0.307,0.1592,-9.3047,-15.756,7.0011,5.887,173.38,1
31.49,15.944,2.5993,0.405,0.2176,-15.13,-31.66,-14.012,73.791,76.759,1
51.825,23.029,3.1713,0.2346,0.1358,8.3132,-31.549,15.766,0.593,253.68,1
21.669,12.461,2.4289,0.5549,0.3259,24.417,15.059,9.1451,8.891,133.35,1
35.835,17.389,2.9355,0.3132,0.1572,26.989,-12.967,9.0782,3.335,158,1
84.738,22.008,3.0993,0.2132,0.1269,20.29,88.017,18.908,6.3777,247.2,1
70.739,25.171,3.3359,0.1906,0.1068,-103.75,44.244,-19.035,1.415,236.72,1
51.167,16.435,2.6217,0.3226,0.1852,-31.098,32.936,-8.7239,5.521,177.36,1
13.054,10.693,2.2188,0.7674,0.4804,13.419,-2.8936,9.5412,16.734,132.24,1
19.096,16.17,2.3434,0.5896,0.415,-18.487,-14.109,13.087,80.513,81.318,1
88.301,45.056,3.8422,0.1703,0.0858,-77.434,-39.751,-21.39,4.067,381.61,1
90.233,38.703,3.8238,0.1767,0.0889,-27.779,51.035,30.373,2.163,370.41,1
98.838,18.982,2.9825,0.3675,0.2369,-67.376,-61.329,11.8,1.0133,366.55,1
150.98,148.59,5.01,0.0171,0.009,94.413,-28.141,92.067,55.18,157.46,1
28.724,12.356,2.6839,0.4244,0.2288,20.546,16.557,8.8287,13.962,125.41,1
25.219,21.94,2.6304,0.4754,0.3173,18.743,23.568,-20.793,32.333,172.2,1
95.236,33.789,3.1361,0.2573,0.1436,37.122,-67.587,-30.083,5.01,367.44,1
89.629,26.609,3.2316,0.1707,0.0924,-65.754,63.948,8.7326,4.319,273.93,1
37.932,20.035,2.9307,0.2745,0.1507,1.7077,-12.102,-8.311,10.223,186.28,1
58.142,21.623,3.3006,0.1782,0.0923,65.757,46.429,5.9938,1.5315,224.51,1
75.316,17.505,2.8834,0.2995,0.1511,73.109,58.288,-10.859,0.539,255.6,1
20.73,15.031,2.5237,0.4671,0.247,-24.418,-12.693,-6.3479,20,109.01,1
21.124,9.6714,2.2227,0.5928,0.3623,-3.96,15.516,-10.143,11.169,176.88,1
79.942,28.976,3.48,0.193,0.1091,36.594,78.23,-23.978,3.347,252.75,1
33.233,14.444,2.5058,0.3526,0.1981,18.415,-3.9771,-9.8572,10.291,222.61,1
19.741,9.6806,2.248,0.5819,0.3249,-24.221,-9.5585,-3.2794,57.063,195.44,1
28.702,12.804,2.5045,0.3599,0.1862,-13.854,-10.543,5.9434,0.8,212.52,1
18.294,10.064,2.3464,0.6577,0.3446,3.5069,-9.7005,6.6978,87.086,252.04,1
42.18,14.782,2.6058,0.347,0.1772,47.961,31.36,9.3111,13.566,260.04,1
40.716,20.427,3.1565,0.2441,0.1308,24.297,19.206,-9.7279,3.235,191.63,1
77.484,15.87,2.6439,0.2838,0.1442,21.633,81.274,12.936,72.931,92.051,1
21.851,12.627,2.2799,0.4777,0.2913,-0.9541,8.9802,2.6535,43.706,215.7,1
30.524,21.269,2.6508,0.3084,0.1687,-9.391,-22.856,-13.701,29.358,88.283,1
21.624,11.091,2.4749,0.5762,0.3333,12.768,18.444,8.2897,2.215,200.22,1
39.716,17.101,2.9998,0.3442,0.1946,44.316,35.615,10.253,7.058,175.13,1
64.018,26.893,3.2139,0.19,0.1072,4.0659,47.542,16.649,2.9665,171.32,1
21.599,19.784,2.7608,0.3677,0.1865,-14.157,13.175,12.685,85.981,182.22,1
23.481,20.219,2.5617,0.4856,0.3306,12.202,10.827,16.794,71.603,134.74,1
18.566,9.8987,2.3032,0.6617,0.3408,22.191,11.021,-6.2897,28.505,198.28,1
66.796,22.993,3.5853,0.1884,0.0968,79.667,54.87,19.908,0.806,238.4,1
25.163,16.302,2.6304,0.3888,0.226,-15.847,-9.2911,-8.8203,15.053,142.65,1
59.025,13.547,2.6345,0.3991,0.2587,-85.88,44.723,-6.6479,0.057,255.29,1
22.136,16.114,2.4548,0.4316,0.2368,-26.329,-13.632,2.1483,17.066,243.74,1
104.67,39.668,3.8711,0.1386,0.0708,-84.416,72.55,-24.365,1.3782,314.94,1
61.981,22.602,3.3811,0.1738,0.0871,1.7975,51.641,-12.323,3.429,240.26,1
23.078,14.954,2.4306,0.59,0.3432,-16.1,11.655,15.003,17.559,248.76,1
46.464,16.192,2.6518,0.4058,0.2553,36.179,28.062,-13.318,27.134,216.43,1
33.696,16.656,2.7604,0.349,0.2057,28.189,-16.05,12.672,24.449,137.35,1
27.638,14.093,2.9289,0.391,0.215,-3.2781,9.1341,-7.5452,11.239,207.94,1
65.071,12.482,2.8463,0.2949,0.1645,10.567,51.385,-6.7629,5.1913,237.09,1
25.288,13.448,2.4742,0.4664,0.2735,13.491,12.629,4.2912,8.2049,180.28,1
18.274,16.928,2.3847,0.4907,0.2619,-11.674,-17.852,-11.681,82.525,138.81,1
64.581,22.536,3.1695,0.1658,0.0849,-9.941,55.551,-13.71,2.8079,225.2,1
53.868,15.831,2.8722,0.2859,0.1443,0.0619,36.869,15.719,32.443,185.4,1
48.087,42.823,3.907,0.141,0.076,7.169,39.209,29.085,18.803,112.44,1
45.613,15.873,2.9447,0.2328,0.1289,-1.5359,-22.725,-9.3402,5.0398,165.77,1
18.872,17.262,2.3775,0.5325,0.3333,-23.054,5.7972,14.505,49.329,148.83,1
54.976,12.18,2.7372,0.3004,0.1566,-98.573,43.828,5.774,0.276,231.88,1
39.146,22.068,3.0618,0.2671,0.1418,31.259,27.31,19.881,6.193,110.98,1
27.224,11.922,2.525,0.4567,0.2373,33.815,20.885,6.1777,1.6146,189.7,1
40.196,32.542,3.4637,0.1987,0.1167,5.7147,19.858,13.755,10.073,125.41,1
26.526,10.196,2.4401,0.5517,0.3103,4.2748,18.498,-5.7757,28.938,201.76,1
25.99,14.287,2.5804,0.3863,0.2194,-5.5335,-18.58,3.284,19.691,253.02,1
26.384,18.588,2.6258,0.4426,0.2284,-35.028,-16.945,3.9865,18.966,210.87,1
61.208,29.43,3.529,0.1618,0.0877,30.442,54.522,-22.126,11.011,196.65,1
28.267,18.57,2.7131,0.3156,0.1752,-18.417,12.817,10.75,26.829,216.42,1
20.443,12.51,2.5308,0.4978,0.2636,17.088,12.872,7.7569,5.9332,155.35,1
23.515,15.669,2.8331,0.4699,0.2357,8.0791,11.075,5.2289,6.411,167.02,1
76.519,31.797,3.5272,0.1658,0.0916,74.382,73.59,21.894,7.611,234.68,1
49.557,19.535,2.8609,0.2466,0.1357,-0.1697,46.564,15.308,8.1095,263.73,1
30.327,29.376,2.7368,0.2493,0.1274,25.158,17.901,-18.112,81.367,157.68,1
12.704,11.675,2.2589,0.7107,0.3884,15.657,-8.9679,-9.6327,7.2808,198.36,1
40.493,8.5856,2.4091,0.4912,0.2632,27.781,28.375,4.3428,35.674,132.52,1
52.488,20.245,2.7336,0.4598,0.2447,32.533,35.047,18.721,9.4384,265.02,1
12.829,11.48,2.3107,0.7286,0.3985,-15.208,7.6855,10.728,40.354,152.9,1
22.802,12.856,2.1732,0.5638,0.3121,-14.999,-11.527,8.281,4.3154,121.39,1
96.768,38.338,4.0542,0.1104,0.0594,-111.11,69.625,25.042,0.823,274.29,1
33.146,25.705,3.2446,0.2448,0.1358,-7.963,27.432,11.068,9.618,101.27,1
17.226,7.4328,2.2753,0.7958,0.5597,1.0168,3.3196,4.7063,49.952,84.987,1
34.566,9.8406,2.5328,0.5132,0.2742,-32.165,24.179,-4.5603,8.529,206.09,1
19.726,17.021,2.5353,0.5102,0.2843,3.9922,-12.317,11.192,7.3544,187.63,1
32.246,10.694,2.7093,0.4746,0.3018,22.857,21.761,7.5219,0.933,74.811,1
27.674,12.972,2.6299,0.408,0.2169,23.103,17.786,-5.7678,11.875,177.77,1
53.132,20.133,3.2525,0.307,0.1926,19.191,49.377,-16.97,7.5444,257.26,1
94.798,10.018,2.5938,0.4484,0.2968,-109.39,-39.196,5.6318,3.343,252.54,1
19.417,7.4028,2.1123,0.7568,0.4363,2.3493,-8.5268,-4.4851,20.417,166.09,1
20.341,7.2112,2.1775,0.7442,0.3754,-3.36,11.089,-5.5793,34.366,158.95,1
49.174,26.345,3.0684,0.1794,0.0901,7.4008,39.057,22.964,8.5555,158.67,1
48.498,23.928,2.4893,0.3371,0.1767,34.096,43.773,5.8049,23.893,217.15,1
65.841,30.349,2.9908,0.2196,0.1139,57.294,52.469,23.828,7.81,237.26,1
38.418,17.141,2.5971,0.402,0.2162,16.08,39.595,-13.831,0.393,261.01,1
31.658,15.35,2.4962,0.3509,0.1898,3.4884,19.134,9.5615,39.136,222.25,1
12.7,11.695,2.2393,0.7147,0.3775,-15.524,7.8166,-10.933,51.82,196.58,1
12.879,11.427,2.0917,0.7368,0.3846,15.095,-5.6954,-11.567,67.654,256.53,1
35.083,11.681,2.7016,0.4115,0.2495,20.294,27.666,5.0863,4.466,260.51,1
105.97,21.159,3.1461,0.2007,0.1004,-62.619,99.862,15.422,0.221,278.52,1
20.088,7.223,2.2162,0.7599,0.386,3.9973,-11.433,5.278,75.306,179.56,1
33.262,17.743,2.8932,0.3389,0.1963,47.811,-16.046,-11.896,2.825,168.01,1
21.95,16.308,2.5391,0.4884,0.2876,2.8914,17.625,15.478,18.12,150.52,1
22.121,10.584,2.2504,0.5618,0.3174,22.395,19.1,10.768,13.935,53.711,1
73.761,24.741,3.3852,0.2917,0.2016,-40.208,57.94,-14.316,3.0585,301.08,1
18.945,7.4772,2.2082,0.7492,0.4675,0.9529,-5.6779,-3.7248,54.059,137.72,1
58.85,18.965,3.0586,0.291,0.2014,-28.959,-45.821,-13.207,4.4572,195.13,1
46.302,31.508,3.517,0.2189,0.1148,-9.6837,-32.847,-24.825,80.707,77.044,1
31.276,12.505,2.5581,0.4315,0.231,34.311,9.6042,-3.9887,18.751,186.87,1
19.137,9.7556,2.2279,0.6154,0.3757,-21.378,-12.682,4.0594,4.278,161.12,1
32.825,19.348,2.7892,0.3038,0.1649,13.513,-12.129,10.289,37.525,177.18,1
19.897,7.0326,2.2,0.795,0.4259,20.668,13.568,4.8786,3.5723,230.84,1
50.035,20.978,2.9383,0.2963,0.1746,37.601,42.554,-10.207,6.035,275.67,1
37.326,17.575,2.8494,0.2984,0.1549,-4.079,-22.912,10.914,4.655,205.73,1
25.254,0,2.1746,0.709,0.3645,0,0,8.482,81.084,167.63,1
19.165,15.872,2.4706,0.5922,0.3841,8.824,-11.813,10.56,74.952,128.43,1
27.725,14.794,2.6439,0.3768,0.21,30.678,22.588,-5.672,12.665,168.64,1
49.866,15.817,3.1372,0.2435,0.1294,0.5032,27.535,10.918,0.8914,197.23,1
34.356,14.24,2.5315,0.3824,0.2074,31.733,5.2882,-9.3196,1.1303,190.35,1
68.579,14.434,2.5302,0.3186,0.1873,-80.559,22.84,9.8078,5.205,153.63,1
38.245,20.819,2.8245,0.2846,0.161,24.057,28.744,-13.208,21.897,163.29,1
34.721,22.219,2.9892,0.286,0.1512,40.931,-11.536,-14.993,21.486,194.82,1
18.561,7.424,2.3314,0.7879,0.4825,2.8892,-7.5293,-0.7839,56.146,46.834,1
29.626,13.224,2.5977,0.3864,0.2109,-4.7217,14.378,8.0506,29.477,173.59,1
68.422,19.706,2.7566,0.3748,0.1988,58.166,61.585,-10.861,13.534,286.52,1
93.328,15.886,2.9365,0.2303,0.1163,-56.843,71.198,-14.796,4.3552,304.89,1
35.205,16.303,3.073,0.3136,0.1585,8.6449,22.683,-6.6872,18.325,189.95,1
18.928,7.4513,2.1414,0.7653,0.4657,-1.9997,7.282,-3.5493,18.159,192.23,1
32.689,16.767,2.4166,0.4406,0.228,31.223,30.485,7.1258,0.562,218.41,1
62.662,24.93,3.1235,0.1828,0.0929,-76.422,51.076,22.263,2.245,284.27,1
19.24,11.909,2.4541,0.5659,0.3533,1.9924,-7.1701,-11.098,47.056,221.79,1
81.509,22.679,2.9859,0.3192,0.1823,-3.947,-22.477,-10.975,4.376,335.89,1
103.02,23.798,3.0045,0.2138,0.1331,-144.26,83.153,-16.633,8.6009,199.15,1
103.08,11.911,2.4757,0.4816,0.2759,117.19,-76.29,-6.4792,68.039,195.35,1
18.616,12.761,2.4646,0.5935,0.2967,15,0.4535,9.2485,20.523,192.2,1
29.76,20.914,2.882,0.2992,0.1594,0.5537,9.3549,-7.9018,6.2206,80.178,1
33.459,15.542,2.7177,0.3755,0.2059,-15.786,23.765,-10.62,6.2132,270.46,1
93.063,35.63,3.587,0.1998,0.1207,-49.868,-60.418,-13.315,7.6778,310.11,1
20.985,6.3914,2.1717,0.7811,0.5219,18.353,17.257,-6.1295,22.568,107.78,1
33.121,22.433,2.8657,0.327,0.2159,-2.0536,14.554,16.497,14.229,169.61,1
22.912,11.049,2.4141,0.5549,0.368,11.323,20.594,8.1363,3.104,90.556,1
45.397,23.286,3.2407,0.1994,0.1037,-15.242,-19.685,10.743,4.1267,172.42,1
23.426,16.273,2.6138,0.4477,0.2324,9.9814,-8.8271,-11.19,5.5254,169.31,1
76.716,25.004,2.9741,0.1911,0.0982,77.317,72.404,-19.588,2.292,233.37,1
39.805,12.728,2.6154,0.4945,0.3164,28.238,37.56,-9.4038,11.243,196.74,1
58.352,19.245,3.1978,0.2727,0.1531,-61.591,37.085,15.196,0.78,278.87,1
49.871,24.565,3.1618,0.2081,0.1209,36.314,41.023,17.54,18.177,163.35,1
28.179,19.919,2.736,0.3306,0.1754,-2.881,-26.184,-7.9702,10.836,96.437,1
28.854,16.19,2.4728,0.5017,0.3418,26.628,18.238,11.409,11.656,79.081,1
52.622,14.92,2.7917,0.2956,0.1543,-99.08,43.803,11.049,10.97,263.51,1
19.45,7.4429,2.0774,0.728,0.4393,0.5095,-5.1121,4.6437,89.334,158.41,1
37.836,18.007,2.9415,0.3227,0.1825,23.748,23.444,-11.439,3.108,154,1
19.509,7.2712,2.3021,0.783,0.4165,4.527,-11.009,-4.3818,45.74,213.26,1
28.056,10.043,2.3793,0.5386,0.3069,-3.9058,-22.088,-6.9987,6.912,179.05,1
28.272,10.917,2.3263,0.684,0.4693,-27.397,-20.936,-13.14,6.076,334.76,1
49.478,23.121,3.0613,0.1902,0.1038,36.381,18.327,17.604,11.904,206.96,1
22.261,13.245,2.404,0.6114,0.4635,7.9961,19.955,13.628,27.312,217.05,1
24.282,9.1754,2.3181,0.6202,0.3197,26.555,16.551,-10.819,3.829,133.89,1
61.535,33.297,3.53,0.1484,0.081,24.455,44.631,-20.633,0.5733,234.05,1
93.741,45.63,4.2034,0.0752,0.0379,51.744,74.86,-22.816,0.3748,257.81,1
95.411,31.771,4.0974,0.0892,0.0446,116.78,84.659,14.129,2.526,254.43,1
31.922,17.028,2.6566,0.3616,0.237,19.797,24.535,6.5963,0.0524,178.43,1
44.357,9.7357,2.4955,0.4505,0.2252,48.002,-28.215,-5.3309,26.077,153.03,1
36.525,17.327,2.6449,0.3103,0.1733,18.626,22.593,-13.268,7.543,177.87,1
81.463,30.026,3.2404,0.4179,0.2394,32.941,-37.219,-17.188,3.1267,373.49,1
17.415,15.139,2.4764,0.5442,0.3222,8.7944,-16.065,9.0156,8.0924,98.631,1
30.487,20.748,2.6479,0.3127,0.1699,-5.5083,17.366,-15.293,15.813,163.15,1
34.498,17.304,2.5927,0.3321,0.1775,29.817,11.411,-10.408,19.356,214.45,1
45.927,21.114,3.0939,0.2352,0.1301,39.954,39.26,-16.04,18.578,223.14,1
77.593,24.916,3.2767,0.1782,0.0949,21.41,62.685,21.929,2.2272,266.53,1
67.91,30.733,3.7383,0.1445,0.0735,52.97,65.834,-8.4667,3.44,161.37,1
113.3,27.553,2.9069,0.2007,0.1109,71.596,84.835,-20.014,3.4161,237.63,1
84.088,25.521,2.9963,0.1785,0.0943,-127.79,76.741,21.647,5.4781,234.93,1
52.426,22.326,2.5159,0.4207,0.2149,-47.48,-34.774,-17.746,13.671,300.3,1
81.549,44.779,3.2641,0.1475,0.0819,-96.012,63.326,-44.166,7.057,246.98,1
28.314,11.382,2.444,0.4101,0.2212,-10.305,-9.294,-7.2713,10.678,199.53,1
19.653,9.5513,2.3365,0.6313,0.4309,-4.2345,14.531,-9.8162,0.4882,103.82,1
36.148,21.57,2.8445,0.2876,0.1509,26.174,34.259,-8.8342,13.284,193.94,1
19.105,10.919,2.3139,0.7039,0.4102,14.504,18.143,-9.2446,27.662,234.09,1
18.638,13.939,2.6435,0.5455,0.3443,2.9241,-10.551,-7.3328,36.155,216.06,1
91.844,35.115,3.7157,0.1008,0.0534,80.231,79.714,-23.629,4.5107,267.26,1
70.265,18.848,3.0535,0.2175,0.1101,27.153,50.855,20.183,4.043,243.32,1
32.977,16.833,2.3784,0.4142,0.2573,38.949,22.566,-9.9164,36.878,167.75,1
59.993,34.837,3.3439,0.1884,0.1017,-58.938,44.314,15.152,5.726,282.14,1
89.668,19.907,3.0821,0.2202,0.1279,-103.76,68.303,20.486,1.189,257.71,1
22.302,12.342,2.3811,0.5073,0.2765,0.243,-7.59,-5.7494,9.809,156.32,1
93.416,32.545,3.641,0.1664,0.0934,-23.608,61.479,-17.252,0.3386,317.55,1
81.707,44.63,3.7185,0.1939,0.1001,-55.967,-55.243,37.729,8.9721,380.45,1
40.683,17.274,2.8785,0.2487,0.1356,36.829,22.591,-9.6469,13.588,171.21,1
49.333,22.3,2.9047,0.2702,0.1426,-18.938,50.894,-3.4144,33.805,194.34,1
31.491,10.988,2.5575,0.41,0.2091,-26.472,-15.254,-9.1242,6.1882,183.26,1
19.295,14.181,2.3454,0.5643,0.2957,-20.79,-17.963,-1.7639,69.122,111.18,1
20.388,9.4149,2.2625,0.6175,0.4071,-3.5893,14.588,-10.024,23.077,135.67,1
35.573,11.678,2.5988,0.4736,0.2607,-4.1647,-25.846,9.6786,3.776,175.84,1
51.52,19.258,2.6959,0.2457,0.1239,-65.526,40.671,11.202,13.747,154.01,1
35.269,18.472,2.8331,0.2922,0.1652,2.2985,25.228,-11.884,12.994,159.83,1
19.264,7.4589,2.1287,0.7361,0.4498,-0.6821,5.437,4.3523,77.957,129.27,1
22.624,15.82,2.5821,0.4476,0.25,-20.354,-15.125,-12.038,5.6815,167.81,1
42.905,13.939,3.0682,0.3,0.1628,12.899,32.787,-5.4281,0.839,192.13,1
20.775,10.754,2.2856,0.5648,0.3083,-6.7961,17.786,9.4211,28.623,150.19,1
32.865,17.348,2.8179,0.3376,0.1772,6.3889,17.788,-13.386,12.413,211.5,1
88.2,22.122,3.1931,0.1679,0.0862,10.2,77.802,3.5625,12.306,226.81,1
22.378,19.166,2.6498,0.3942,0.2676,9.1071,10.644,-6.6945,27.084,139.55,1
45.192,16.505,2.9125,0.241,0.1242,16.867,33.782,11.998,3.06,175.68,1
33.842,13.46,2.7631,0.3624,0.1959,3.4144,22.994,-10.852,14.922,199.63,1
39.594,19.369,2.9921,0.2831,0.1533,0.9897,23.315,-13.96,2.8951,188.33,1
27.596,27.338,2.7843,0.3007,0.1816,1.0541,19.839,-18.369,24.371,64.894,1
81.286,14.745,2.8976,0.3367,0.212,94.982,61.523,12.966,4.129,274.56,1
46.284,25.446,3.1094,0.1757,0.089,62.61,19.393,16.903,5.452,181.33,1
102.08,17.462,2.9943,0.2979,0.1727,-150.67,48.143,-16.779,4.3488,271.35,1
39.982,19.553,2.8041,0.2669,0.1342,27.787,27.869,8.9399,36.458,209.31,1
41.12,32.911,3.397,0.1571,0.0792,-18.098,24.456,-13.922,84.751,131.18,1
43.063,24.468,3.1593,0.2432,0.1452,5.9946,-36.316,9.428,2.85,188.65,1
56.852,19.61,2.9398,0.2723,0.1706,-80.678,15.776,14.336,7.6682,251.85,1
19.021,7.4598,2.1383,0.7564,0.4618,1.5639,-6.8371,-3.833,14.441,190.72,1
29.149,16.366,2.7756,0.3755,0.2054,-9.5722,-19.583,11,15.255,116.63,1
119.37,116.34,4.8025,0.0297,0.0157,-136.68,85.666,-83.308,19.961,242.76,1
61.885,30.774,3.3599,0.2327,0.1164,43.158,52.606,23.86,0.0235,277.32,1
38.88,11.908,2.6994,0.4176,0.2747,-13.39,-28.9,6.0192,3.533,203.32,1
17.127,11.008,2.4518,0.6148,0.3304,3.5181,-8.5602,-6.4379,10.545,108.33,1
34.352,17.798,2.8385,0.3742,0.2183,39.656,27.373,-5.3732,0.4904,159.66,1
85.294,30.91,3.6512,0.1237,0.0619,62.514,74.912,-17.053,2.4232,229.73,1
18.093,15.38,2.2978,0.5441,0.335,-5.8481,15.957,-10.422,82.759,137.23,1
45.739,14.88,3.1654,0.2924,0.1554,42.179,32.447,9.2524,5.0177,173.52,1
91.96,25.89,3.6091,0.1473,0.0781,49.034,97.902,17.142,7.4474,233.58,1
33.798,20.027,2.9133,0.3162,0.1667,23.708,-24.105,9.9646,14.04,54.01,1
77.222,17.604,2.8319,0.3019,0.1568,68.406,52.946,-16.358,3.947,303.36,1
35.453,10.27,2.2822,0.8042,0.4726,11.676,19.507,-5.9067,17.278,338.27,1
43.164,16.275,2.7439,0.3174,0.1776,-24.171,-29.234,-9.4621,43.916,55.238,1
30.104,16.979,2.9151,0.3453,0.183,14.08,26.465,-7.5275,14.697,180.24,1
90.403,38.481,3.876,0.1527,0.0794,-82.984,48.257,-15.719,1.5824,359.33,1
55.897,21.117,3.3867,0.2188,0.1172,13.326,38.611,12.366,10.241,227.38,1
21.567,17.642,2.5465,0.446,0.2741,3.5979,17.704,16.063,45.454,102,1
79.808,23.166,3.3959,0.2126,0.1115,-15.812,72.606,11.898,1.1324,323.82,1
81.871,40.512,3.5649,0.2241,0.124,-26.162,-26.246,-13.476,1.825,358.2,1
36.593,12.636,2.7011,0.3423,0.194,36.899,30.526,7.991,6.7752,218.01,1
30.411,7.495,2.2833,0.5729,0.2891,-12.481,9.9073,-6.3291,51.112,202.57,1
22.203,10.94,2.3892,0.6041,0.3531,16.337,18.773,-6.6591,51.144,157.32,1
83.528,21.724,3.1987,0.2418,0.132,59.278,79.247,-10.813,6.34,218.9,1
41.586,17.625,3.022,0.25,0.1431,25.711,22.968,-13.695,4.53,184.47,1
31.954,15.354,2.6604,0.3213,0.1781,14.736,19.277,-6.4606,2.124,150.52,1
13.045,11.135,2.3253,0.7565,0.3995,-14.862,4.6115,11.694,25.658,140.29,1
31.5,10.863,2.6191,0.4447,0.2584,-20.098,-17.515,-7.1259,31.413,194.37,1
71.312,23.114,3.0598,0.237,0.1277,-41.035,48.313,-18.39,6.3073,295.65,1
21.004,9.4136,2.4843,0.6557,0.3721,-0.1722,12.184,6.5381,16.004,232.44,1
92.411,42.428,4.1425,0.072,0.0376,49.695,74.153,22.575,2.217,216.88,1
18.16,10.32,2.2553,0.6278,0.3417,-2.3181,8.3368,-6.6033,79.697,154.54,1
39.617,17.308,2.7423,0.2932,0.1529,18.186,32.7,-10.382,9.772,135.88,1
25.812,10.149,2.2956,0.4709,0.2456,-10.507,-19.738,4.5985,37.854,136.77,1
55.502,28.707,3.411,0.2573,0.131,-26.296,31.479,-15.994,0.936,313.48,1
77.973,28.946,3.8051,0.1419,0.0729,50.714,58.899,16.888,2.4615,237.51,1
106.97,37.198,4.1184,0.0984,0.0493,-184.11,75.186,-20.549,0.252,303.58,1
76.155,8.1925,2.499,0.4025,0.252,88.907,49.573,-11.017,1.209,208.95,1
21.974,11.53,2.3201,0.6077,0.3086,-10.719,-20.502,-9.209,23.452,192.44,1
26.335,18.239,2.5798,0.3842,0.2145,5.7992,5.1252,-13.671,79.591,84.555,1
40.891,14.462,2.6096,0.3882,0.215,-8.1308,-23.988,-3.9532,5.2595,174.84,1
12.475,11.996,2.1222,0.6868,0.3585,16.427,-9.8675,9.0917,16.29,147.31,1
57.378,11.91,2.5058,0.3619,0.1888,26.193,44.528,5.0292,21.804,252.73,1
57.442,38.099,3.718,0.1656,0.0924,30.184,35.911,-22.069,3.1991,88.138,1
41.805,19.812,2.924,0.3109,0.1709,27.294,30.27,-19.412,3.29,266.95,1
22.956,12.164,2.5065,0.5327,0.3037,10.463,3.4829,9.9496,27.041,195.42,1
39.659,20.908,3.0147,0.3122,0.1677,22.544,40.873,-12.915,3.7613,160.28,1
35.801,19.478,2.7821,0.2857,0.1594,-3.7371,20.213,-14.005,6.5,241.09,1
45.845,25.552,3.1402,0.1926,0.1162,69.452,23.743,12.7,0.8053,189.47,1
20.932,15.238,2.4857,0.4575,0.2402,25.237,14.19,5.9376,36.675,137.01,1
22.115,11.21,2.2068,0.5652,0.2888,12.322,19.586,9.1503,72.274,201.77,1
25.422,0.0038,2.1383,0.72,0.3818,-28.691,-11.085,0,26.188,235.48,1
37.023,11.823,2.4472,0.4607,0.2554,35.082,18.423,11.459,7.418,141.29,1
25.113,16.936,2.5569,0.3828,0.2011,6.6768,-14.251,-14.676,70.243,228.94,1
32.748,8.7535,2.4314,0.4519,0.2574,22.398,17.228,3.3865,8.4594,205.52,1
74.239,23.525,3.2633,0.1603,0.0837,12.142,68.158,14.984,3.5078,165.9,1
30.129,20.792,2.7037,0.3185,0.1592,18.561,-21.692,-12.392,1.7477,200.99,1
33.598,14.042,2.7756,0.3521,0.1802,44.805,22.073,-5.736,16.463,180.04,1
134.66,29.56,3.5792,0.1389,0.0781,-90.59,87.8,21.865,1.916,271.03,1
91.123,32.051,3.6607,0.232,0.1277,-77.035,-63.095,-20.397,1.133,365.29,1
71.851,18.648,2.9393,0.2714,0.1386,52.481,68.707,15.751,21.05,276.77,1
70.596,30.332,3.3775,0.1631,0.0857,70.373,77.143,-22.517,7.4539,173.84,1
13.08,10.94,2.2,0.7634,0.4385,14.285,-4.9732,11.029,47.048,34.556,1
64.166,20.482,3.0195,0.2696,0.1649,29.073,53.811,9.4898,3.865,245.56,1
26.764,19.626,2.5563,0.3194,0.1625,-17.592,14.644,-13.002,32.534,121.94,1
31.783,16.333,2.6785,0.348,0.1897,33.276,27.599,10.673,3.234,192.01,1
105.14,53.3,4.3727,0.0548,0.0292,15.924,85.248,-32.563,1.5862,248.83,1
31.98,10.884,2.3927,0.4494,0.2854,19.741,26.641,-6.4333,13.418,130.07,1
78.572,32.464,3.0228,0.2429,0.158,-95.63,51.029,-28.596,9.643,329.54,1
54.609,22.269,2.8794,0.2693,0.1432,-82.03,35.71,19.353,2.1067,278.05,1
61.407,23.676,3.2221,0.2255,0.1244,5.489,58.051,13.358,8.6684,173.19,1
50.321,22.41,2.7585,0.4045,0.2537,-15.297,35.978,21.916,7.3695,344.49,1
31.14,24.757,2.7642,0.2737,0.1403,-53.246,17.078,21.37,4.6106,213.97,1
57.065,24.02,3.745,0.1781,0.0929,40.777,46.268,-15.182,1.963,199.62,1
21.272,10.492,2.3802,0.625,0.3979,19.36,20.185,11.552,38.56,68.162,1
34.87,18.786,2.639,0.3238,0.1757,-25.429,12.709,-11.66,25.139,171.16,1
21.155,7.0846,2.0473,0.6816,0.3453,-25.326,-7.4102,-6.2623,47.473,195.11,1
41.453,17.198,2.8606,0.3156,0.1799,24.765,41.727,-10.512,9.14,233.92,1
26.17,17.392,2.6299,0.3775,0.2145,3.3366,23.09,-16.696,73.17,43.727,1
37.782,19.226,2.9172,0.2492,0.147,39.009,-17.634,8.2197,2.705,194.67,1
105.04,52.211,4.276,0.0817,0.0427,53.627,73.295,-31.846,1.96,287.77,1
18.936,7.0275,2.2978,0.8312,0.4156,20.213,12.43,-2.0513,57.907,171.83,1
96.845,23.4,3.4076,0.2097,0.1277,73.849,104.5,-11.975,0.7867,261.05,1
28.059,17.418,2.7214,0.3096,0.1662,-17.146,-10.573,-6.6204,28.482,121.78,1
24.338,11.07,2.5977,0.5051,0.2866,-13.535,-10.379,5.492,2.8878,145.38,1
12.995,10.992,2.1658,0.7509,0.4539,-14.087,6.3577,-9.4473,60.204,98.983,1
71.553,20.319,2.7997,0.3283,0.1975,-24.688,56.038,18.735,5.421,317.83,1
27.437,11.754,2.4393,0.4436,0.2345,5.8582,16.219,7.512,14.76,164.82,1
23.686,16.706,2.5051,0.4594,0.2422,12.961,19.839,-16.526,23.211,108.46,1
20.781,15.634,2.2541,0.4735,0.2368,-3.2591,17.089,-0.4564,37.454,128.16,1
24.443,7.1007,2.3424,0.7045,0.4568,-11.41,-11.292,-4.5861,9.668,171.05,1
30.58,17.685,2.7063,0.3383,0.1976,31.866,-15.491,-13.783,3.1547,188.02,1
62.634,22.053,3.3761,0.1527,0.0776,53.049,57.45,9.7108,1.8256,211.71,1
40.028,31.803,3.4876,0.1581,0.0822,20.658,17.216,-13.32,19.335,153.97,1
32.574,10.039,2.4541,0.5062,0.2794,-27.955,-26.044,-5.0775,8.9499,200.3,1
19.464,12.342,2.437,0.5155,0.2907,0.0227,-9.5704,-8.3252,22.398,159.56,1
73.882,26.818,3.4736,0.1506,0.0778,-69.068,51.892,6.9457,1.6503,260.79,1
20.097,11.055,2.3522,0.5778,0.3044,8.341,-18.193,9.4454,19.413,143.28,1
21.446,17.292,2.6835,0.4663,0.287,17.279,15.117,14.817,34.203,232.04,1
19.135,10.101,2.2355,0.5465,0.3052,-24.319,-8.913,-1.9442,5.5012,158.27,1
28.831,19.092,2.7067,0.3831,0.2308,36.489,13.575,-8.8946,9.2923,144.68,1
77.248,24.133,2.5647,0.4714,0.2493,-73.038,30.144,-8.2635,5.7357,269.48,1
39.65,26.235,2.9312,0.2214,0.1142,-45.818,-28.365,13.459,19.549,158.09,1
80.454,28.99,3.3266,0.2154,0.1148,58.182,94.151,-12.028,14.203,269.32,1
34.311,13.44,2.5871,0.4347,0.2212,5.0547,-21.793,6.1834,23.351,183.39,1
36.776,18.671,2.7864,0.314,0.1905,6.761,29.876,-13.311,18.229,130.37,1
20.921,6.9211,2.1861,0.7492,0.4267,-21.651,-13.82,-6.0421,29.71,179.22,1
26.076,16.183,2.6758,0.4494,0.2943,2.6627,12.565,15.088,15.067,106.2,1
26.515,12.691,2.49,0.5146,0.2994,-5.7087,18.45,-8.7745,0.4206,160.91,1
24.284,22.221,2.6207,0.3186,0.1737,-14.936,18.244,-10.695,18.962,192.04,1
94.358,27.384,3.5842,0.1612,0.0879,44.136,87.01,-17.103,4.8624,230.56,1
28.434,9.2505,2.5752,0.516,0.2806,-24.779,-12.549,-4.2098,73.681,118.05,1
26.449,13.999,2.5599,0.4132,0.2163,24.204,-18.175,9.3761,12.466,153.21,1
34.345,18.18,2.7271,0.3955,0.2165,35.381,28.198,11.474,13.523,137.78,1
107.6,24.334,3.146,0.2015,0.1025,-98.818,83.189,-20.333,4.8351,241.21,1
32.956,16.326,2.7105,0.4167,0.223,-32.948,-21.652,10.168,7.371,235.9,1
95.233,31.054,3.6055,0.1642,0.0924,57.741,69.835,-12.333,1.513,224.81,1
17.505,11.009,2.2122,0.546,0.316,-0.1748,3.3504,5.654,5.9071,156.57,1
26.536,17.376,2.6946,0.402,0.2293,27.642,19.537,5.7024,11.496,208.41,1
19.527,12.794,2.3375,0.5333,0.3379,-14.259,-14.802,-5.7512,19.215,138.77,1
76.34,24.655,3.2783,0.2244,0.122,25.804,58.997,-13.194,1.5496,292.21,1
87.674,21.897,2.8943,0.2768,0.1397,-91.613,68.907,-16.718,0.933,248.85,1
20.414,6.9948,2.2055,0.7726,0.4268,-21.125,-13.795,5.571,6.208,137.34,1
51.316,11.598,2.4166,0.4713,0.251,-70.174,20.719,-11.211,8.8813,271.06,1
36.275,12.237,2.64,0.4009,0.2302,37.379,30.64,-6.7504,2.975,168.35,1
100.41,49.828,4.2939,0.076,0.0385,-40.766,72.674,-37.695,0.217,287.09,1
79.201,22.815,3.4651,0.1648,0.0913,30.749,74.532,10.342,4.884,218.03,1
25.639,14.859,2.48,0.4768,0.2599,11.317,16.827,-14.724,24.192,140.3,1
51.64,21.298,3.3067,0.1816,0.1049,37.018,19.931,-8.7859,1.5888,203.58,1
21.561,6.9164,2.0737,0.692,0.3755,-24.521,-9.9931,-6.4804,80.884,157.05,1
76.511,14.997,2.8454,0.2827,0.1792,-88.224,59.55,-11.227,7.478,274.58,1
23.432,11.943,2.5276,0.4837,0.2745,11.361,11.544,4.7633,35.178,185.02,1
65.394,19.657,3.223,0.2226,0.1224,-83.504,53.432,9.7742,2.954,257.87,1
19.658,9.5752,2.3802,0.6375,0.4271,-4.614,14.737,9.9906,63.838,168.51,1
21.945,12.658,2.3608,0.5011,0.281,1.9222,-11.421,6.83,59.558,105.97,1
28.763,15.749,2.5453,0.5157,0.2835,20.084,22.447,7.7567,14.371,232.9,1
53.897,17.66,2.8834,0.416,0.257,-66.643,-25.977,18.802,2.001,274.23,1
33.341,19.818,2.6623,0.3264,0.1643,-21.632,28.412,12.933,3.355,194.47,1
28.339,21.002,2.6585,0.2964,0.157,28.045,15.348,-14.723,9.2091,76.666,1
100.66,36.737,4.1396,0.0939,0.0472,56.318,85.636,19.162,1.45,272.61,1
59.976,22.56,3.2537,0.2197,0.1246,36.879,50.42,-14.324,4.9301,218.02,1
45.595,16.901,2.7931,0.343,0.1876,22.805,46.958,7.5163,3.5716,189.56,1
28.823,18.03,2.8985,0.3373,0.1939,12.635,19.678,10.024,22.053,140.79,1
28.704,10.927,2.317,0.453,0.2289,23.302,-20.908,5.4141,33.589,161.78,1
56.368,19.483,2.9602,0.2027,0.1036,-20.857,-20.043,-12.961,6.1998,160.08,1
12.646,11.772,2.0473,0.7085,0.3722,15.66,-8.1029,10.815,9.0054,194.61,1
31.572,17.753,2.6875,0.306,0.1653,-3.1732,18.841,14.03,25.946,108.69,1
47.136,17.619,2.4728,0.4074,0.2172,47.325,35.376,12.923,12.504,267.34,1
25.61,17.696,2.5508,0.4135,0.2574,7.399,-9.6945,-9.8038,82.056,122.71,1
72.952,30.572,3.5797,0.1361,0.0701,14.358,67.455,14.37,0.702,195.75,1
30.468,16.367,2.6875,0.3717,0.2043,44.895,-17.143,-11.314,21.015,225.67,1
35.226,19.866,3.099,0.2978,0.1596,38.192,21.48,-11.473,15.103,228.71,1
20.946,7.0962,2.0149,0.715,0.372,-23.865,-10.789,-6.1052,48.809,232.29,1
24.087,18.052,2.5911,0.3128,0.1577,-30.904,-16.223,-8.3606,24.732,193.13,1
55.838,15.954,2.9472,0.2191,0.1237,-16.061,22.549,-4.5357,6.1374,228.72,1
43.999,19.281,2.5289,0.4172,0.2352,-47.636,-27.681,17.944,1.4941,281.59,1
48.158,14.875,2.4346,0.4265,0.2298,32.311,34.606,-13.909,20.997,227.97,1
114.44,20.5,3.0939,0.2038,0.1116,55.263,124.86,-11.824,2.2623,211.29,1
16.79,11.252,2.2648,0.5978,0.3288,-3.1487,7.8228,6.1274,16.935,51.01,1
20.585,10.903,2.3747,0.6582,0.4283,14.857,19.412,-9.6527,42.803,185.88,1
88.624,30.574,3.3852,0.1994,0.1238,-32.569,28.884,-17.667,0.77,308,1
21.092,10.864,2.4249,0.6353,0.4041,-18.678,-20.598,11.541,35.604,170.86,1
19.399,7.4377,2.1717,0.7407,0.4411,-1.2309,6.8109,4.5419,36.011,93.607,1
93.377,37.142,3.3327,0.1394,0.0732,78.405,96.857,-27.805,1.734,304.78,1
37.066,18.952,2.8215,0.3062,0.1591,47.809,21.135,12.137,2.957,184.36,1
93.558,21.177,3.1928,0.1783,0.0914,-99.05,63.739,7.725,5.4461,238.58,1
43.719,11.915,2.6284,0.3388,0.1847,27.411,33.874,-7.4705,11.625,178.69,1
93.975,27.711,3.6192,0.2221,0.1263,-39.166,-42.59,-20.326,0.7124,381.87,1
82.512,32.652,3.541,0.1332,0.0678,96.687,71.997,30.026,2.123,252.68,1
98.066,23.419,3.3231,0.1734,0.0896,-67.965,85.608,-14.894,0.712,293.45,1
39.345,23.972,3.2628,0.231,0.1242,6.5697,-12.242,-19.377,3.0825,173.83,1
21.327,10.508,2.1931,0.5769,0.2917,-6.9462,18.127,-10.472,37.201,231.6,1
15.059,13.477,2.3997,0.7211,0.5438,-0.7286,-11.211,-13.701,25.986,108.06,1
21.145,6.7911,2.2565,0.7479,0.446,21.167,14.62,6.1983,0.2884,73.045,1
100.29,21.422,2.9926,0.297,0.1979,-61.136,-24.177,15.447,2.19,269.13,1
56.657,17.587,2.7763,0.3197,0.1833,47.797,43.777,-11.15,4.233,281.16,1
20.675,7.2118,2.1055,0.7059,0.3647,-1.3925,8.5221,-5.9231,46.066,150.84,1
38.398,21.459,3.1544,0.2313,0.1174,28.866,-14.356,19.11,18.294,174.42,1
21.4,7.0036,2.0434,0.6787,0.3484,-25.537,-6.6339,-6.4042,22.623,141.57,1
17.256,12.833,2.5496,0.5811,0.3315,1.581,-9.2165,-6.8464,32.432,138.06,1
21.353,6.7475,2.1189,0.7376,0.4449,21.434,14.544,-6.3305,43.607,62.28,1
20.426,7.1947,2.1833,0.741,0.3705,3.3099,-11.145,5.6636,68.448,247.99,1
39.212,14.674,2.9015,0.2811,0.1462,58.102,22.778,-9.4058,0.0872,195.33,1
18.266,12.418,2.5126,0.5622,0.3579,-2.3735,9.3134,10.554,14.708,137.19,1
88.335,34.431,3.5638,0.1521,0.0766,72.593,92.085,25.11,23.477,166.9,1
18.553,7.4793,2.1717,0.7677,0.4882,-1.4627,5.8926,-2.3056,76.656,194.41,1
29.484,8.141,2.3054,0.6238,0.3886,29.474,23.688,-7.1994,9.272,224.52,1
79.189,22.941,3.273,0.1856,0.0968,30.945,84.96,15.251,2.6,148.69,1
42.122,16.78,2.766,0.2399,0.1208,13.248,-17.969,-12.321,10.45,196.81,1
23.218,15.418,2.6835,0.4373,0.2373,-8.9206,-12.347,9.0895,25.395,186.15,1
32.144,20.242,2.6042,0.2488,0.1356,-7.4867,19.89,16.842,62.537,98.247,1
28.719,8.0563,2.143,0.554,0.2986,-16.529,-16.705,3.5189,21.069,143.3,1
19.759,7.3625,2.0663,0.7468,0.4163,-2.3324,9.0043,4.9781,77.315,195.25,1
67.16,23.374,3.0092,0.2291,0.1258,-79.02,54.028,-17.694,3.1282,282.95,1
32.808,10.103,2.5145,0.5076,0.3104,41.658,-12.069,-10.026,32.395,91.649,1
28.582,16.804,2.7304,0.3516,0.1777,-4.7874,22.18,2.3464,52.828,119.82,1
19.628,17.751,2.42,0.4297,0.2262,14.715,15.374,-16.152,14.191,238.28,1
27.022,16.747,2.6821,0.3555,0.1882,-12.793,-22.429,-13.123,0.812,262.18,1
87.813,32.459,3.6522,0.2154,0.1155,32.817,-47.103,10.326,0.3878,363.26,1
49.932,16.424,2.9699,0.3762,0.217,-56.372,31.161,10.678,4.3301,273.47,1
20.488,9.6293,2.2529,0.6313,0.3827,-5.2322,15.777,10.486,4.1929,210.8,1
29.292,14.568,2.6609,0.4301,0.2435,-17.341,-24.005,-2.4292,3.226,221.01,1
46.196,32.275,3.7257,0.1475,0.0812,44.66,28.859,10.576,0.305,148.43,1
58.805,33.605,3.5673,0.1798,0.0955,45.238,56.452,26.597,4.687,134.65,1
88.764,33.506,4.058,0.106,0.0534,92.099,74.201,14.408,0.8187,247.63,1
21.676,12.545,2.3829,0.4928,0.3002,1.6125,-10.597,2.1647,42.381,109.29,1
21.625,6.7992,2.1287,0.7063,0.4126,23.02,12.758,-6.4939,13.326,131.4,1
22.838,13.763,2.5231,0.4888,0.3313,5.9665,15.559,9.521,4.078,188.12,1
24.719,18.716,2.6274,0.3349,0.1686,0.4381,17.868,10.574,46.523,145.78,1
25.792,18.345,2.7376,0.3806,0.2406,13.333,10.962,4.5159,26.07,167.4,1
104.51,43.632,4.1671,0.0889,0.0503,-58.738,69.378,-26.911,0.608,271.59,1
23.718,0,2.1055,0.7686,0.4353,-23.882,-17.154,-0.0001,7.361,202.79,1
42.321,15.582,2.8439,0.3367,0.1841,9.7475,28.739,-10.547,9.1652,198.74,1
79.103,22.084,3.0665,0.26,0.1308,-73.737,56.107,19.665,8.208,254.66,1
30.531,12.69,2.4014,0.4246,0.2361,-26.567,-19.546,9.5883,1.3823,243.46,1
13.118,10.038,2.2188,0.8036,0.5287,12.182,7.779,10.12,26.688,118.05,1
21.048,18.028,2.6425,0.4533,0.238,5.7451,16.625,12.333,16.806,189.64,1
17.179,11.225,2.1847,0.5621,0.3039,0.7189,-5.2114,4.7331,73.221,93.208,1
35.16,15.346,2.7734,0.3589,0.1963,14.674,-22.125,8.8685,5.54,119.15,1
27.642,13.943,2.4843,0.3574,0.1787,45.837,-20.549,5.0304,11.503,205.41,1
44.602,14.067,2.7878,0.2999,0.1606,-44.112,15.858,-6.1134,2.399,166.03,1
92.307,34.242,3.9473,0.1339,0.0688,-55.641,74.786,-31.592,0.0972,304.38,1
101.46,21.469,2.9761,0.2367,0.1189,40.322,121.01,-13.833,8.2623,236.75,1
21.478,16.493,2.3936,0.5333,0.3091,-17.091,-18.223,-5.1426,43.623,137.28,1
28.924,13.424,2.5472,0.4113,0.234,20.098,22.108,-5.4731,16.859,243.21,1
23.769,10.829,2.3811,0.4948,0.2723,12.061,18.908,4.4044,12.969,211.29,1
35.732,26.46,3.1552,0.2015,0.1011,-17.541,15.056,13.576,17.331,153.03,1
43.599,17.883,2.9814,0.2787,0.1394,-15.264,-27.735,-16.534,7.8899,195.59,1
72.864,22.981,3.1635,0.1599,0.0827,18.874,44.698,11.562,0.343,234.5,1
41.636,17.123,2.6212,0.4163,0.2213,42.648,39.779,-13.432,35.001,170.01,1
105.96,66.713,4.3649,0.0686,0.0345,96.004,69.944,23.627,3.726,303.84,1
97.781,31.758,3.799,0.1217,0.0635,71.097,87.572,22.511,0.3308,267.29,1
41.797,17.489,2.8782,0.266,0.1383,-4.6361,15.08,9.3551,17.537,206.47,1
16.926,11.004,2.2625,0.6339,0.3579,-3.5048,7.9115,7.2225,88.648,167.32,1
40.796,24.685,3.0592,0.2504,0.1383,9.492,-25.519,-19.875,8.075,173.97,1
24.754,9.5211,2.4354,0.5284,0.2954,18.048,-15.297,5.5949,48.384,33.164,1
37.561,17.686,2.7308,0.2677,0.1348,21.379,27.577,-7.7317,19.783,202.75,1
61.829,16.264,2.7969,0.34,0.2083,16.503,55.58,-12.198,19.104,252.63,1
58.18,13.72,2.8727,0.3123,0.1709,30.888,45.692,-6.9839,0.625,257.23,1
64.612,21.911,3.1087,0.2655,0.1382,-34.454,19.723,-10.638,5.402,292,1
39.893,15.422,2.5587,0.3094,0.1561,7.9786,25.57,12.883,14.818,193.45,1
60.242,17.571,2.7889,0.2715,0.1585,-48.931,-48.094,15.326,30.291,187.11,1
47.687,24.817,3.3241,0.1863,0.106,22.944,42.508,16.885,15.898,163.74,1
32.853,17.477,2.4683,0.4286,0.2432,-46.931,20.417,6.6919,15.467,228.32,1
28.56,10.44,2.5092,0.4768,0.2833,-20.524,16.654,10.917,7.3378,190.02,1
40.981,19.936,2.909,0.2281,0.1338,-22.203,-28.599,-14.72,10.745,247.6,1
25.415,10.369,2.3883,0.4458,0.227,12.506,18.793,-4.9977,89.468,43.869,1
30.875,8.2639,2.5308,0.5714,0.3196,26.326,17.31,4.643,15.715,207.35,1
25.356,13.709,2.4108,0.5398,0.3282,-11.728,-17.201,-13.096,20.078,148.96,1
22.803,17.107,2.5804,0.4047,0.23,-13.93,-14.352,-12.422,48.194,235.37,1
19.169,12.476,2.3829,0.5466,0.3002,1.9239,-11.782,-8.5164,6.4218,180.48,1
35.317,22.398,2.894,0.2923,0.15,0.4662,30.563,-9.0215,78.04,99.622,1
21.817,14.967,2.5752,0.4122,0.2088,-28.452,-5.4991,-5.8701,19.496,241.33,1
13.085,11.08,2.1717,0.7609,0.3872,-14.954,2.8947,-11.84,37.987,194.58,1
18.9,9.8939,2.3324,0.6093,0.3279,0.9571,-6.7595,-5.9985,42.667,71.222,1
85.475,28.38,3.0737,0.238,0.1253,52.404,102.19,19.619,7.1658,126.57,1
20.712,18.097,2.8552,0.4341,0.2617,-8.4546,-13.308,-12.39,45.079,230.12,1
17.285,11.009,2.2095,0.5864,0.3426,-1.2829,6.1132,6.5579,42.016,69.198,1
80.171,28.123,3.6012,0.1859,0.1046,-66.866,65.074,17.085,1.0298,273.41,1
42.452,14.084,2.2565,0.6925,0.3629,49.251,19.003,-12.598,48.416,368.44,1
85.54,34.407,3.3192,0.2704,0.157,-88.95,31.705,-24.527,4.01,332.47,1
39.66,22.153,2.9661,0.2486,0.1292,42.886,23.11,-14.62,6.372,239.17,1
32.052,22.156,2.6325,0.4033,0.2622,-27.736,17.817,-16.091,70.321,6.6852,1
111.15,27.697,3.1893,0.1856,0.096,-25.482,101.48,14.998,1.2138,313.8,1
32.298,19.211,2.8887,0.2829,0.1479,11.335,15.699,15.286,16.631,138.91,1
62.112,23.946,2.8777,0.2187,0.1107,-25.578,61.584,-9.3872,18.185,133.8,1
64.342,21.239,3.1316,0.212,0.1193,-15.246,55.02,-18.034,3.0013,270.93,1
46.198,14.245,2.7955,0.3363,0.1705,58.151,-30.3,-4.8856,4.529,243.33,1
22.731,9.7914,2.3502,0.5938,0.3415,23.226,18.671,11.131,23.725,182.81,1
43.509,19.592,2.6385,0.2966,0.1782,42.689,30.078,16.021,14.66,183.36,1
37.593,16.736,2.9605,0.3133,0.1714,30.725,25.803,11.418,1.2879,138.89,1
25.385,16.947,2.525,0.3672,0.2134,18.962,-16.249,6.0916,30.869,145.55,1
39.779,13.475,2.6707,0.3458,0.1761,49.713,26.012,7.573,7.225,169.76,1
22.283,12.286,2.3811,0.5322,0.3139,27.009,9.5843,7.4325,34.432,162.54,1
18.945,9.996,2.2095,0.5864,0.3549,21.972,11.874,2.9612,47.57,224.05,1
38.376,13.492,2.4609,0.4533,0.2439,-38.151,30.786,-8.3981,9.201,237.58,1
19.137,12.213,2.499,0.561,0.2964,5.1772,-12.092,10.327,4.7392,220.48,1
85.734,49.868,3.9618,0.1705,0.0859,-27.844,21.705,-21.958,5.6722,395.4,1
81.041,26.865,3.3754,0.2262,0.114,-23.187,52.034,17.762,2.8681,335.73,1
12.806,11.469,2.3043,0.7146,0.4144,-15.189,8.8859,7.0586,14.296,93.573,1
34.703,14.358,2.8663,0.3537,0.2129,2.2747,23.609,-4.1388,5.354,140.17,1
115.67,57.314,4.3656,0.0568,0.0291,-77.679,83.084,28.522,6.803,263.3,1
33.791,8.9799,2.4609,0.481,0.2785,26.615,-16.571,6.0364,13.776,182.08,1
29.459,13.935,2.6232,0.3619,0.1893,1.5087,-16.443,-8.9275,15.514,218.71,1
24.674,15.138,2.5496,0.3724,0.1876,-4.0523,-16.419,-2.5673,0.373,154.54,1
22.446,12.831,2.5775,0.5794,0.3796,15.233,19.614,8.7399,31.001,122.63,1
51.094,26.24,3.4519,0.1498,0.0828,20.086,20.92,-15.445,0.746,202.58,1
20.289,10.239,2.2856,0.6114,0.3705,4.7428,-15.884,-8.4202,2.323,113,1
30.129,14.401,2.4778,0.4359,0.2646,12.252,19.443,8.1622,34.061,191.03,1
22.107,16.943,2.7435,0.4116,0.2356,-0.0932,18.224,9.1987,7.3063,182.84,1
76.859,28.515,2.8564,0.3034,0.1691,-2.287,-50.03,17.781,3.196,356.49,1
18.841,12.707,2.3936,0.5657,0.305,15.5,13.62,4.7478,4.5583,133.91,1
27.785,13.377,2.6637,0.4208,0.2289,-26.066,-13.048,2.49,16.456,139.8,1
12.844,11.384,2.3212,0.7208,0.4224,14.972,-8.5518,-7.5157,42.146,148.97,1
30.823,9.9406,2.4631,0.5439,0.3391,-26.771,-25.282,-7.1803,31.303,148.19,1
98.101,20.822,2.7126,0.4205,0.2141,82.767,76.161,13.993,2.954,220.42,1
12.924,11.359,2.1629,0.7423,0.3814,-15.034,4.591,-11.706,59.24,227.05,1
27.87,17.677,2.6977,0.347,0.2116,22.52,14.736,11.933,26.888,177.25,1
17.928,10.826,2.1673,0.5306,0.2891,0.1866,-3.6981,-4.7014,27.001,233.39,1
28.03,20.334,2.723,0.4011,0.2431,19.729,17.249,-12.11,2.7746,79.82,1
25.169,23.482,2.9845,0.3016,0.1518,10.487,-19.136,13.448,72.786,121.01,1
58.593,13.444,2.8293,0.3156,0.1785,21.642,43.967,-7.8945,0.6526,180.18,1
22.185,17.978,2.372,0.4798,0.2781,6.7497,10.377,13.131,85.496,157.85,1
35.035,16.14,2.7101,0.3041,0.1569,14.488,21.611,12.684,55.361,45.225,1
57.134,17.041,3.2002,0.2151,0.1088,22.234,44.103,-4.7512,0.7289,229.85,1
52.183,19.322,3.0952,0.2755,0.153,33.272,37.167,15.827,1.5526,243.36,1
36.52,33.739,3.0812,0.175,0.0933,-19.791,-14.807,24.336,28.845,117.72,1
24.738,13.204,2.5717,0.4826,0.2721,4.6068,17.01,10.132,2.748,163.53,1
12.692,11.712,2.1414,0.7148,0.3718,-15.437,7.1163,-11.225,76.277,149.28,1
80.37,33.251,3.2877,0.1258,0.0688,1.8239,69.405,-19.285,21.841,221.08,1
17.803,10.576,2.3444,0.6018,0.3416,21.281,11.182,3.6807,46.974,144.22,1
111.31,55.526,4.4051,0.0661,0.0346,34.279,89.57,33.206,0.465,304.13,1
35.115,15.784,2.8686,0.3478,0.182,21.786,31.162,-13.077,4.5251,189.4,1
20.157,14.305,2.4771,0.5067,0.295,2.295,-10.833,5.9907,60.424,135.62,1
21.981,10.664,2.3997,0.6056,0.3526,-17.432,-18.041,-7.5289,24.17,198.14,1
46.656,13.937,2.7131,0.3466,0.1965,9.6048,34.284,7.4314,2.771,195.07,1
81.969,24.77,3.4994,0.1694,0.0869,70.352,79.871,-15.134,2.967,266.02,1
60.041,20.143,2.8971,0.2839,0.1717,68.512,-44.861,-13.595,0.955,157.75,1
13.385,9.8704,2.2707,0.8204,0.5013,12.849,7.8418,-11.276,44.34,217.04,1
17.527,10.794,2.2068,0.6087,0.3447,2.0403,-7.3702,-6.718,14.948,135.57,1
20.971,7.1236,2.0354,0.7005,0.3548,24.639,9.2732,6.1364,8.9281,182.13,1
27.485,20.164,2.5428,0.4155,0.2536,32.11,21.621,-17.738,13.981,154.49,1
79.122,27.142,3.3206,0.2586,0.1738,-37.434,50.88,-21.005,1.1933,293.08,1
50.545,30.445,3.009,0.1822,0.0945,25.236,24.346,27.528,9.854,177.72,1
29.801,8.0978,2.1987,0.5316,0.2816,-35.657,-18.291,-5.8872,13.946,133.63,1
35.708,15.778,2.5031,0.3799,0.2057,31.738,29.693,-8.4502,35.069,197.88,1
29.223,19.621,2.6053,0.3027,0.1923,-22.591,-21.236,10.007,5.7595,203.89,1
23.544,12.781,2.2122,0.5706,0.2853,29.61,-8.9195,6.6115,2.964,208.68,1
102.31,37.062,3.9317,0.1118,0.0601,85.78,97.419,-19.889,2.334,165.2,1
36.185,19.055,2.7185,0.3021,0.1577,44.951,28.397,-15.365,28.551,269.49,1
23.604,17.902,2.4362,0.4689,0.2656,19.301,18.555,-15.072,1.699,228.88,1
64.785,27.709,2.9926,0.2411,0.1307,25.93,76.24,24.009,22.163,132.48,1
64.818,32.887,3.5547,0.1522,0.0771,49.188,59.653,21.205,10.068,188.67,1
31.707,12.756,2.4757,0.4415,0.2391,-27.873,-16.283,-8.7902,29.067,126.76,1
26.291,14.265,2.4786,0.412,0.2342,-24.821,-23.446,-3.3606,23.678,111.24,1
31.857,19.639,2.871,0.2584,0.1474,-8.696,-15.379,8.0534,11.217,260.5,1
64.37,20.724,3.2195,0.2232,0.1258,-93.257,41.734,14.056,3.675,237.68,1
48.526,18.9,2.937,0.2486,0.1555,18.854,-15.423,12.088,1.2651,206.16,1
87.77,50.302,3.0941,0.1852,0.0954,56.544,60.863,32.738,17.011,291.5,1
71.396,22.576,3.1801,0.2008,0.1106,56.003,70.166,16.52,9.8874,216.04,1
97.451,37.764,4.1207,0.097,0.0518,26.04,79.848,8.5045,2.3313,295.34,1
80.982,21.72,3.4794,0.1612,0.0884,70.705,83.273,-17.342,3.3473,234.87,1
27.535,22.57,2.7952,0.2949,0.1675,2.9804,19.795,-15.601,14.377,179.39,1
85.249,23.283,2.7642,0.3253,0.1747,46.326,87.574,18.762,9.3662,291.34,1
53.952,22.043,2.8245,0.2637,0.1551,-0.1816,24.257,-23.232,0.3291,187.17,1
95.951,19.896,3.0147,0.2175,0.1136,61.718,105.19,-9.5185,3.7874,199.01,1
18.353,10.576,2.2529,0.5363,0.2821,-24.384,-8.1421,2.6762,81.366,182.27,1
58.358,26.201,3.4777,0.1644,0.0841,44.139,45.007,10.932,3.804,240,1
31.011,0.0033,2.243,0.5886,0.3514,-13.028,-16.855,0.0001,15.774,95.57,1
36.339,9.0447,2.444,0.4065,0.2068,53.629,-19.691,4.7429,1.236,191.15,1
20.81,14.76,2.5065,0.4922,0.2695,-0.2453,11.203,-9.0785,2.108,137.3,1
12.994,11.11,2.3701,0.7505,0.4328,-14.487,6.4619,-10.557,17.483,136.88,1
26.757,17.044,2.6599,0.3895,0.2046,20.941,24.674,11.535,1.9337,140.08,1
17.693,10.753,2.2577,0.6022,0.3287,-2.2635,7.9581,-6.3275,15.181,238.99,1
59.807,19.636,3.2693,0.1974,0.1041,20.714,35.162,10.551,0.466,230.68,1
33.699,20.614,2.6069,0.2991,0.152,8.3139,-24.416,17.032,22.229,220.93,1
71.869,24.769,3.5269,0.1605,0.0893,-93.027,59.45,8.6513,7.977,246.4,1
27.696,12.871,2.6091,0.4182,0.2103,14.978,6.8249,6.8491,8.7213,149.95,1
42.157,36.335,3.1214,0.1369,0.0715,6.552,21.232,-11.272,21.446,115.85,1
28.097,15.948,2.4728,0.3805,0.1936,-26.014,-24.053,-10.462,13.954,136.29,1
59.786,21.43,2.8621,0.2843,0.1463,-66.601,-37.617,11.92,2.1534,262.87,1
46.959,36.535,3.696,0.1516,0.076,32.833,33.523,14.256,4.533,110.39,1
70.09,27.944,3.1908,0.1959,0.1034,46.955,78.115,13.837,0.662,286.88,1
65.302,12.636,2.6385,0.331,0.1828,-102.82,47.284,-8.7126,3.509,238.03,1
44.534,12.852,2.5971,0.4147,0.2541,-35.966,-11.92,12.997,13.042,221.56,1
18.821,15.233,2.7308,0.5149,0.2872,-1.8074,12.816,8.1871,51.214,189.95,1
18.88,16.539,2.5763,0.4721,0.2507,-5.0157,14.387,13.055,48.784,85.016,1
28.063,13.434,2.4829,0.4539,0.2319,4.2123,24.269,6.8095,7.147,141.42,1
31.388,24.808,2.934,0.2887,0.1636,26.413,15.499,-6.0742,2.267,193.06,1
29.446,20.832,2.4346,0.4412,0.2261,34.318,14.511,-16.319,29.353,228.66,1
33.404,24.876,2.8379,0.2513,0.1387,31.859,21.044,15.206,29.609,59.978,1
30.075,11.862,2.6762,0.4236,0.2476,-4.9307,-5.4284,-8.1659,28.036,151.71,1
25.97,18.378,2.6946,0.402,0.2333,7.2172,22.292,-13.64,66.531,87.009,1
19.841,16.782,2.3128,0.4818,0.2993,14.304,18.39,-13.836,13.141,200.07,1
26.282,21.623,2.9165,0.32,0.1885,-14.417,15.865,9.7834,8.796,92.456,1
57.34,22.895,3.3229,0.2287,0.1424,26.913,59.498,11.085,10.865,207.53,1
37.071,7.1717,2.3139,0.6456,0.3859,21.723,23.477,-6.0823,3.987,151.91,1
20.168,16.17,2.3617,0.6043,0.363,24.813,-10.788,-16.134,15.281,235.25,1
51.258,21.309,2.7709,0.2729,0.1805,49.743,33.708,-14.048,5.1346,128.68,1
86.984,8.9062,2.4354,0.5064,0.2624,-115.52,54.021,-9.0031,5.4597,284.56,1
26.08,9.9276,2.4479,0.4456,0.2478,-13.548,16.453,5.2148,59.946,96.091,1
53.682,22.067,2.8479,0.3989,0.2732,-35.348,-14.185,-24.561,0.164,295.11,1
24.594,10.142,2.5676,0.5007,0.2693,-8.4503,15.245,-7.0283,17.006,173.29,1
27.877,20.589,2.785,0.4085,0.2322,7.7486,23.084,-14.686,37.707,208.56,1
22.61,10.642,2.1875,0.513,0.2565,34.115,-17.81,-9.0497,64.034,253.03,1
21.833,12.846,2.281,0.6597,0.3848,7.8831,17.237,-8.3739,19.332,40.104,1
19.564,9.3726,2.3962,0.6667,0.4438,1.7222,-12.935,7.2756,15,180.23,1
33.549,13.885,2.5011,0.3249,0.1688,34.396,-23.332,7.0927,16.568,113.52,1
24.593,17.434,2.5004,0.3349,0.1754,19.823,11.158,14.618,40.433,132.55,1
67.939,23.935,3.4596,0.2141,0.1102,-56.18,44.393,-11.594,5.3057,275.32,1
27.417,20.307,2.5786,0.3193,0.1675,-6.79,13.856,-12.444,3.5901,209.95,1
21.708,10.714,2.2148,0.5732,0.3018,-16.677,-17.515,-4.9643,15.776,162.39,1
83.368,33.963,3.5177,0.1901,0.1019,-76.403,42.171,23.245,0.914,283.21,1
106.98,10.479,2.5769,0.3603,0.1921,81.503,95.555,4.0825,7.499,207.43,1
29.054,25.817,3.0193,0.2611,0.143,7.3167,23.93,18.881,31.009,99.172,1
32.572,18.494,2.8707,0.3219,0.1623,-16.786,-10.845,11.607,20.151,193.31,1
24.161,12.971,2.567,0.4959,0.3076,3.8962,18.441,-9.5615,24.558,126.07,1
28.465,9.5459,2.4526,0.4868,0.2452,-41.33,17.835,-3.0449,4.6337,197.1,1
26.711,13.233,2.6395,0.4633,0.2603,-20.609,13.222,-9.5021,10.586,190.41,1
12.97,11.222,2.1351,0.7473,0.4139,14.793,-6.3933,11.115,50.685,193.26,1
21.004,12.879,2.372,0.5817,0.2994,-7.6677,-15.953,-7.556,21.891,117.66,1
29.186,17.762,2.6689,0.3215,0.179,-14.074,-25.888,10.013,38.222,157.29,1
13.009,10.648,2.2589,0.7603,0.4931,-13.149,2.7445,-7.7198,18.85,66.582,1
105.22,73.174,4.1822,0.072,0.0388,89.251,98.442,73.128,2.1215,163.06,1
12.562,11.891,2.0626,0.7013,0.3506,14.999,0.6593,11.394,34.156,217.53,1
45.504,17.515,2.5045,0.4006,0.2269,-57.357,12.819,-12.671,40.137,235.99,1
29.87,12.898,2.4257,0.3302,0.1745,30.657,12.454,-6.6045,62.887,72.433,1
12.635,11.776,2.055,0.696,0.3833,-16,9.8209,6.5793,73.055,176.36,1
55.177,9.0773,2.6937,0.3725,0.2196,-73.543,-19,2.5931,8.473,137.38,1
78.709,41.287,3.587,0.2096,0.1308,-16.813,58.047,23.194,1.3633,343.2,1
18.469,15.316,2.3473,0.5348,0.3258,5.5109,-16.189,-10.232,8.1312,185.33,1
12.985,11.116,2.1508,0.7491,0.4346,-14.47,6.6177,-10.375,79.334,149.95,1
33.756,27.865,3.0519,0.1837,0.0989,14.928,-8.5632,-16.862,8.846,143.62,1
20.589,16.199,2.4786,0.402,0.2043,2.5209,9.6397,8.8222,11.616,164.25,1
29.056,6.6593,2.1931,0.5449,0.2917,-36.214,-15.047,-2.9564,11.765,72.077,1
40.13,18.513,2.8041,0.2527,0.1609,16.227,20.21,13.633,13.077,224.17,1
24.547,0,2.1055,0.698,0.3725,0,0,12.454,81.163,169.13,1
85.475,24.66,3.5077,0.2408,0.1362,-45.231,45.805,14.673,2.5811,295.94,1
68.928,17.497,2.8004,0.2787,0.1465,-60.53,20.071,-11.462,4.387,267.37,1
21.664,10.649,2.2577,0.558,0.2845,4.8909,-17.342,-7.7182,3.033,113.22,1
43.961,9.5423,2.6848,0.4339,0.2965,14.703,34.113,-4.0381,14.238,173.52,1
16.29,11.652,2.3541,0.6062,0.3296,0.7497,-4.3292,-5.2762,8.8466,184.88,1
22.379,19.497,2.4814,0.4455,0.2459,16.507,-16.668,15.665,43.666,53.758,1
15.212,12.159,2.243,0.6571,0.3343,-0.1527,1.4138,3.3465,34.78,158.01,1
39.778,21.959,3.1206,0.2318,0.1208,4.0471,18.207,12.002,17.966,185.1,1
18.52,15.78,2.2956,0.4861,0.2911,6.7766,-16.997,6.8573,76.716,188.58,1
52.95,17.442,3.056,0.2286,0.1147,42.961,44.212,9.089,0.2328,239.59,1
77.228,30.23,3.3032,0.1443,0.0769,-1.4309,55.694,19.875,0.386,254.87,1
86.817,27.137,3.5146,0.1972,0.1252,-29.268,59.819,-19.924,2.506,311.42,1
74.803,20.179,2.8379,0.2338,0.1256,-90.418,61.296,15.233,0.501,239.98,1
65.817,28.795,3.4192,0.1725,0.0863,69.877,65.376,7.528,6.9368,207.39,1
31.441,25.063,2.5198,0.3051,0.1677,9.6219,-15.208,22.422,4.4742,206.85,1
43.372,31.02,3.4532,0.1838,0.1048,48.958,37.617,-20.552,14.518,75.629,1
12.552,11.9,2.1156,0.6973,0.364,-15.973,8.8188,-10.392,16.706,139.36,1
15.682,11.802,2.3075,0.6355,0.3818,-0.4742,2.4314,7.2352,25.156,143.56,1
48.559,16.085,2.4609,0.4118,0.237,-0.7676,-41.363,12.355,11.505,205.96,1
26.97,16.744,2.6985,0.3684,0.1932,7.2134,20.767,8.0814,33.261,176.34,1
82.156,24.004,3.4339,0.2213,0.1173,44.378,85.707,-18.057,0.3795,254.18,1
20.778,7.1662,2.0107,0.7122,0.3561,24.332,9.7708,5.9924,13.992,132.91,1
87.951,26.892,3.2888,0.2067,0.1124,-101.6,41.827,18.136,2.554,355.95,1
20.811,10.64,2.2068,0.5963,0.3199,5.5172,-17.078,7.3448,13.446,243.88,1
22.42,11.145,2.4878,0.5594,0.3821,-8.8309,-20.755,7.677,10.98,108.7,1
40.162,27.475,3.034,0.2432,0.1271,23.648,40.714,-11.074,43.788,60.336,1
73.313,33.386,2.857,0.3266,0.1967,-89.672,-38.46,8.4757,4.155,330.59,1
77.079,29.688,3.4049,0.1909,0.0986,41.95,71.079,23.129,6.8425,342.8,1
19.887,12.636,2.5045,0.5039,0.2551,-1.6288,11.646,8.333,59.416,145.62,1
42.329,12.662,2.5453,0.4815,0.255,30.488,34.431,-8.6033,5.744,195.13,1
55.389,24.312,3.2821,0.2074,0.1183,19.456,45.842,15.77,1.5204,156.56,1
44.595,21.991,2.9511,0.2306,0.1304,39.08,-24.192,-12.51,2.6322,221.7,1
77.968,27.608,2.9523,0.3002,0.168,82.451,64.668,19.901,11.219,240.73,1
31.673,22.572,2.6618,0.2963,0.171,28.02,14.999,-9.7599,28.296,120.35,1
48.772,17.109,2.8698,0.2591,0.1302,33.242,47.794,8.2388,0.464,215.6,1
27.46,7.0214,2.1673,0.5714,0.2891,12.638,-5.8615,2.2142,25.752,152.6,1
19.31,17.956,2.4571,0.3805,0.2251,-1.4298,9.9399,-5.0171,4.3446,118.59,1
86.873,43.138,3.8129,0.1777,0.0936,-28.541,53.792,32.396,2.192,357,1
29.035,26.864,2.9309,0.2521,0.1377,28.859,9.8908,18.667,28.926,110.93,1
34.989,11.47,2.5971,0.3717,0.196,-22.724,16.439,-6.6438,3.1813,136.17,1
57.112,22.381,3.0828,0.2083,0.1103,-55.215,48.999,-16.246,10.734,280.7,1
28.706,12.598,2.5647,0.4387,0.2493,6.9589,23.029,-3.5138,4.0462,245.81,1
18.857,11.912,2.3793,0.5511,0.3779,1.2665,-8.0744,11.368,88.828,111.74,1
36.617,16.135,2.6794,0.3243,0.1831,-10.652,-22.161,16.378,0.727,259.23,1
39.219,16.998,2.9784,0.247,0.1266,35.106,21.92,-12.671,9.699,213.22,1
58.53,29.585,3.2293,0.1929,0.1094,74.722,46.291,9.0064,7.0009,205.82,1
20.476,7.2082,2.0986,0.7331,0.3705,-2.8377,10.62,-5.7243,68.126,69.641,1
98.622,24.388,3.3109,0.1984,0.1097,-81.517,78.031,-15.46,2.1682,317.36,1
17.191,15.833,2.5855,0.6,0.3909,11.978,13.037,-7.7887,0.076,101.9,1
29.398,8.1563,2.3032,0.5771,0.3308,-32.413,-21.05,6.5908,5.965,155.57,1
105.11,26.605,3.2982,0.1797,0.1069,-100.1,68.269,9.0747,0.87,230.36,1
80.694,27.46,3.8403,0.1535,0.0814,34.382,82.165,19.604,0.913,290.33,1
21.728,12.188,2.3988,0.4551,0.2295,-0.7977,8.9895,10.994,6.4748,135.47,1
101.7,43.175,4.1475,0.1049,0.0553,-24.358,66.812,34.657,0.905,305.87,1
28.785,6.4342,2.3729,0.6525,0.3496,31.309,21.89,1.9559,10.153,168.8,1
20.929,12.842,2.3901,0.5173,0.3157,15.376,13.585,6.3098,16.771,96.999,1
28.632,21.324,2.5051,0.4219,0.2141,-19.545,16.37,-19.109,17.903,148.26,1
71.312,39.923,3.6541,0.159,0.1006,-59.301,49.603,20.554,14.149,300.95,1
44.328,24.638,3.2117,0.2383,0.1416,8.7697,33.431,-15.843,17.363,242.11,1
19.716,18.189,2.4257,0.4991,0.257,20.381,18.819,18.629,68.308,233.07,1
19.123,7.4602,2.0846,0.749,0.4568,-1.2612,6.5021,4.0706,45.012,142.17,1
33.574,17.999,2.5321,0.3906,0.2247,-45.014,24.294,-4.0172,4.3297,192.43,1
12.996,10.617,2.1508,0.7562,0.4982,-13.031,1.7092,-6.1961,77.375,75.9,1
17.916,10.789,2.281,0.555,0.2801,-23.942,-8.4051,3.9576,47.669,41.396,1
79.129,26.727,3.253,0.2435,0.1393,-73.954,68.11,23.905,1.7184,266.95,1
18.652,17.877,2.4108,0.5243,0.3049,13.825,15.162,4.5545,65.882,162.85,1
29.361,15.736,2.6767,0.3916,0.2053,-33.479,-24.532,3.4787,4.75,74.906,1
41.874,15.802,2.8423,0.3149,0.1661,43.47,-26.82,-8.5916,14.606,239.97,1
49.165,42.303,3.0465,0.2606,0.1451,-31.276,25.387,23.144,4.8828,300.04,1
70.186,18.798,3.1942,0.2673,0.141,22.418,68.042,-11.565,4.216,257.18,1
33.16,23.365,2.8591,0.2669,0.139,-19.994,-16.344,18.849,9.8738,85.011,1
21.387,16.962,2.7046,0.4186,0.2182,-21.811,-13.294,-10.238,0.8245,194.48,1
23.821,9.2534,2.541,0.564,0.3784,-14.963,5.301,2.9346,6.088,88.584,1
45.207,16.832,2.7868,0.3382,0.2018,47.789,43.47,14.596,17.765,236.39,1
23.751,10.447,2.3918,0.5396,0.2698,13.959,-17.227,-6.6435,14.155,118.52,1
30.154,12.009,2.4928,0.4759,0.2813,33.368,23.953,-4.2966,7.271,183.72,1
71.345,21.924,3.1578,0.2295,0.1165,-93.537,49.946,14.06,17.108,236.35,1
20.964,11.269,2.2253,0.619,0.4077,-14.084,-19.865,-8.5675,40.294,191.97,1
12.925,11.18,2.1156,0.7356,0.4406,-14.475,7.6024,8.4475,24.614,202.55,1
29.53,21.825,3.0233,0.2815,0.1559,13.881,13.773,-10.749,37.585,122.64,1
58.819,32.15,3.2784,0.1449,0.0793,4.1133,48.795,22.224,12.47,235.69,1
42.057,38.539,3.8061,0.1714,0.0874,46.906,29.645,-26.12,3.419,106.58,1
30.968,13.065,2.6425,0.4351,0.2335,22.665,-10.298,-10.314,14.754,158.77,1
19.549,9.8628,2.238,0.5665,0.2919,25.531,5.963,3.2714,57.942,195.2,1
23.472,18.975,2.6821,0.4345,0.2651,8.4304,15.037,15.123,6.279,217.77,1
13.438,10.264,2.2492,0.8056,0.4366,14.297,5.148,11.787,43.042,42.463,1
81.093,20.451,2.78,0.2788,0.1552,21.748,75.719,21.623,3.772,259.48,1
23.122,18.187,2.5557,0.3588,0.1933,9.0508,11.031,14.273,57.101,59.251,1
22.076,10.116,2.3784,0.6192,0.341,-19.696,-16.402,-8.0939,2.356,190.44,1
13.042,10.983,2.1287,0.7584,0.4424,-14.253,5.6612,10.642,70.993,194.22,1
65.533,20.558,3.0775,0.2275,0.1225,38.985,63.506,11.628,4.13,273.82,1
70.543,21.602,2.8943,0.2934,0.1614,-61.961,57.413,14.554,7.888,274.51,1
33.983,21.378,3.0904,0.3207,0.175,15.689,17.146,-16.657,7.211,182.73,1
12.653,11.769,2.1569,0.7108,0.3659,15.422,-6.7617,-11.295,45.573,193.35,1
29.018,17.934,2.9225,0.3503,0.2134,5.6664,-11.784,6.0372,9.1884,160.71,1
24.275,17.605,2.4949,0.3808,0.2064,13.552,-18.534,9.4007,9.6844,210.07,1
25.579,22.609,2.9533,0.3051,0.1765,17.122,-19.097,12.65,40.679,232.67,1
73.762,31.889,3.2284,0.2541,0.135,-68.282,33.146,10.199,17.123,267.95,1
92.406,25.339,3.1279,0.2264,0.1277,-53.768,61.471,-18.808,8.6244,308.92,1
35.007,13.504,2.5635,0.3689,0.2036,27.845,18.172,-8.4982,2.867,242.87,1
22.414,9.4931,2.238,0.5954,0.2977,24.863,17,10.839,37.324,181.06,1
37.111,17.051,2.679,0.3141,0.1602,-22.351,27.164,-10.82,0.4547,157.4,1
30.145,14.209,2.4942,0.4071,0.2131,21.749,-24.473,7.14,1.359,141.73,1
110.16,29.426,3.5472,0.2164,0.1266,-64.796,-47.556,15.804,1.5291,356.13,1
72.377,24.618,3.1477,0.1779,0.0979,69.699,71.04,17.758,7.0799,297.31,1
88.417,20.557,2.5877,0.3695,0.1925,-53.269,13.06,9.4588,5.1674,277.22,1
65.754,18.974,3.0706,0.1853,0.0931,-18.776,40.398,-6.8356,2.4015,221.41,1
19.165,7.4015,2.2028,0.7712,0.4483,2.8753,-8.7318,3.9516,10.83,159.81,1
31.054,24.557,2.9985,0.2519,0.144,-8.191,-3.7856,15.77,20.914,75.969,1
58.578,17.908,3.0596,0.163,0.0824,26.587,24.192,10.876,7.042,150.98,1
28.347,18.595,2.6839,0.3582,0.1812,-30.115,-11.714,18.794,6.959,216.03,1
38.247,23.98,3.253,0.2374,0.1237,20.986,24.085,11.285,4.173,188.3,1
26.668,19.843,2.7517,0.3082,0.1568,42.866,-12.855,8.1071,2.048,230.34,1
21.099,10.679,2.2068,0.5963,0.3012,5.3357,-17.261,5.6009,22.874,217.38,1
64.588,22.614,2.896,0.2884,0.1709,73.505,39.682,11.606,4.603,207.63,1
49.663,15.535,2.6449,0.3647,0.2118,-23.544,-31.759,13.037,0.2947,186.38,1
26.152,8.1203,2.2742,0.6436,0.359,-13.096,-18.564,5.4768,3.348,153.24,1
59.858,20.259,3.0846,0.27,0.1362,-106.06,35.825,20.22,0.9629,315.11,1
33.981,24.08,2.9554,0.2737,0.1391,5.1545,18.512,-10.853,14.19,33.016,1
26.337,11.408,2.3962,0.4538,0.255,-34.358,-14.122,-6.8352,11.578,96.56,1
65.192,11.176,2.6165,0.3047,0.1608,8.5555,-15.112,10.361,8.637,203.94,1
69.963,25.161,3.3358,0.18,0.0999,28.766,63.358,-13.054,5.6543,211.16,1
39.171,12.363,2.6355,0.3819,0.2164,37.625,-22.359,-4.1555,6.8181,224.49,1
38.779,14.941,3.039,0.2888,0.1686,3.0907,16.457,-3.6941,6.554,183.63,1
58.385,22.041,3.2777,0.2422,0.1237,17.729,63.675,-9.4804,8.6072,254.78,1
30.453,22.275,2.8762,0.2527,0.127,7.6945,13.151,12.894,13.672,157.18,1
76.994,34.692,2.9914,0.1887,0.0943,74.613,47.499,31.056,16.997,260.05,1
18.687,13.539,2.4014,0.7262,0.375,22.829,-10.794,9.7581,34.005,125.49,1
22.105,12.811,2.5315,0.55,0.2926,-16.813,-17.751,-7.3296,9.0091,151.76,1
40.147,31.097,2.9432,0.2063,0.1316,15.627,15.392,-13.411,25.601,104.58,1
75.501,17.091,2.9773,0.451,0.2482,1.1458,-49.426,-8.9153,1.1556,341.7,1
88.641,30.399,3.5726,0.2403,0.1323,6.261,53.87,-13.961,3.1897,347.92,1
23.293,11.851,2.4639,0.5223,0.3729,-7.9635,-17.003,-9.2985,88.831,37.354,1
28.866,19.337,2.5883,0.4542,0.2568,5.4789,24.744,-14.865,34.714,129.33,1
21.233,6.9168,2.0986,0.7251,0.4104,-22.637,-12.926,6.2734,3.7149,238.69,1
13.022,10.91,2.1123,0.7568,0.4595,13.932,-5.6924,-9.707,54.248,196.79,1
56.471,21.371,3.0824,0.206,0.1146,-9.0486,54.024,-12.447,12.26,184.89,1
59.423,27.311,3.1318,0.1587,0.0853,66.464,34.684,23.091,10.973,215.28,1
31.745,16.925,2.7973,0.2775,0.1475,5.1775,-17.922,-9.5712,13.374,236.92,1
13.076,10.97,2.1222,0.7623,0.434,-14.37,5.0906,11.116,25.914,247.1,1
25.207,12.764,2.3927,0.4413,0.2733,-16.884,-16.542,6.3943,59.598,146.26,1
24.755,11.457,2.601,0.4637,0.2544,32.275,14.966,-5.1373,20.63,166.01,1
55.633,15.857,2.7016,0.3042,0.166,13.765,51.868,-14.811,10.491,127.73,1
26.756,11.573,2.4548,0.4667,0.2544,-35.706,-8.7621,-3.7146,44.479,107.62,1
64.319,26.866,3.4539,0.1762,0.0891,6.8989,64.549,-21.575,7.653,245.1,1
19.751,10.947,2.5092,0.6749,0.3854,-14.998,-18.256,8.4195,6.595,224.15,1
23.861,14.085,2.5569,0.516,0.2594,-19.495,10.258,-10.702,3.18,195.94,1
64.368,28.65,3.6926,0.1435,0.0726,30.11,29.109,-13.855,3.417,226.76,1
30.956,15.549,2.5539,0.3436,0.1746,30.741,-6.8359,-6.6009,16.541,211.38,1
58.787,20.083,3.3138,0.1947,0.108,32.398,-24.159,-9.3986,6.782,199.85,1
20.165,7.2982,2.0737,0.7342,0.3924,-2.272,9.4557,-5.4454,65.121,111.01,1
47.788,22.102,2.939,0.1968,0.1064,62.134,23.924,-11.121,8.5086,180.75,1
35.807,24.401,3.1178,0.2234,0.1193,15.486,23.874,11.403,8.37,228.45,1
91.401,41.935,3.9138,0.1552,0.0776,-21.596,42.729,21.522,0.809,398.75,1
44.615,27.428,3.3193,0.1553,0.0784,62.23,21.727,-8.9869,13.107,163.97,1
24.741,7.0634,2.3979,0.672,0.438,13.641,14.819,5.9367,4.672,169.89,1
57.003,28.379,3.1854,0.1716,0.0897,-29.771,57.213,-21.859,29.8,158.23,1
34.859,23.248,2.8627,0.2305,0.1255,-8.6666,25.626,-9.291,1.858,141.33,1
20.409,11.351,2.3181,0.601,0.3245,19.529,19.605,-10.502,47.069,275.03,1
45.529,24.125,2.8303,0.2749,0.1412,44.798,21.964,-16.832,6.511,241.38,1
21.392,6.8873,2.1189,0.7148,0.4068,22.97,12.617,6.3725,19.259,187.09,1
16.193,11.666,2.3711,0.6085,0.334,-1.5811,5.386,-5.5457,40.759,205.72,1
30.963,23.444,2.781,0.2467,0.125,26.395,21.625,15.342,15.828,160.08,1
28.174,12.476,2.2867,0.4548,0.2403,18.934,17.11,7.3648,10.892,261.43,1
47.428,10.431,2.6435,0.3591,0.2057,-10.405,-40.585,-7.4343,5.442,187.04,1
19.1,7.3718,2.3375,0.7816,0.4483,3.5164,-9.2762,3.6703,30.377,148.7,1
29.535,9.0383,2.3274,0.4988,0.3082,37.432,-8.5855,5.9459,7.356,204.45,1
20.82,14.975,2.5038,0.4828,0.2618,22.202,14.774,2.7786,36.849,178.54,1
64.313,17.177,2.6196,0.3289,0.2101,60.601,62.023,-13.253,6.749,33.74,1
47.055,10.333,2.3738,0.5243,0.2685,-44.133,-29.733,9.547,18.374,190,1
17.65,10.999,2.1553,0.5385,0.2832,0.1873,-3.609,3.8703,32.878,247.76,1
19.262,17.934,2.5792,0.4506,0.2516,-20.514,-15.465,-6.5563,48.578,109.59,1
29.332,12.687,2.5521,0.4067,0.2314,0.1125,-13.855,-8.6811,28.494,170.36,1
61.904,26.378,3.3678,0.1946,0.1018,-86.078,55.209,16.374,4.76,245.21,1
19.493,11.148,2.4232,0.5849,0.3113,9.306,-18.094,-9.7841,83.323,85.332,1
48.841,25.408,2.699,0.254,0.143,-48.86,18.767,27.143,7.282,256.27,1
88.45,21.148,3.4555,0.2452,0.1294,85.383,79.275,-12.534,0.762,282,1
13.214,12.905,2.4133,0.7413,0.388,0.0026,0.3616,-5.2325,9.197,184.24,1
30.639,18.92,2.7404,0.28,0.1645,4.861,-23.031,-7.4035,6.753,201.6,1
66.176,32.978,3.37,0.2581,0.1389,-59.698,-24.326,-24.166,0.429,360.07,1
66.298,25.235,3.2718,0.1797,0.0939,19.546,62.844,12.729,18.905,239.69,1
20.897,18.664,2.3664,0.4774,0.286,-13.326,-15.595,12.738,6.83,231.83,1
51.453,21.934,2.5072,0.3764,0.2068,-26.521,-48.657,16.262,1.987,182.45,1
22.116,11.717,2.4158,0.499,0.2591,28.208,11.116,11.549,2.0777,208.35,1
63.036,15.742,3.2057,0.1818,0.0931,-0.0722,49.207,-6.9608,1.9109,187.25,1
20.342,12.845,2.5099,0.5039,0.2581,-18.402,-6.987,5.1613,11.572,163.56,1
34.507,12.212,2.4661,0.3863,0.2068,4.8071,-15.907,-4.6147,16.189,218.63,1
41.584,21.333,2.9044,0.2928,0.1576,24.677,8.9112,-2.0409,6.377,203.52,1
63.809,18.346,2.918,0.3092,0.1552,43.752,65.996,-8.3016,8.966,225.82,1
96.883,32.319,3.9381,0.1239,0.0646,37.037,77.513,21.059,3.9652,304.1,1
25.755,0.0037,2.1508,0.742,0.4064,27.88,13.239,-0.0001,0.0002,177.88,1
32.28,16.148,2.4735,0.3832,0.2336,-35.631,-9.7393,-11.174,20.91,76.23,1
72.95,25.08,2.9196,0.1998,0.1017,63.444,50.626,-22.39,82.14,106.64,1
103.58,57.248,3.8319,0.0616,0.031,85.5,74.636,23.314,3.804,191.97,1
25.566,16.351,2.586,0.3839,0.2166,8.939,17.794,-7.3356,9.1817,246.25,1
124.19,92.01,4.6791,0.0327,0.0167,128.38,93.839,-34.994,4.3673,232.1,1
26.919,15.299,2.4023,0.4475,0.2277,-5.5481,-15.728,-13.71,20.697,108.83,1
28.92,12.562,2.4698,0.4373,0.2322,32.478,20.329,8.073,24.938,176.12,1
28.798,16.986,2.7578,0.3546,0.2035,15.732,20.297,13.436,40.71,125.08,1
53.811,29.212,3.137,0.1597,0.0923,42.851,14.689,17.845,0.035,146.77,1
33.865,15.482,2.5922,0.376,0.1905,21.055,9.6728,-3.4017,3.6166,187.48,1
43.054,16.832,2.7251,0.5179,0.2853,-24.567,-29.05,5.2134,5.984,189.05,1
18.116,10.426,2.3655,0.6121,0.3384,21.738,11.129,-4.8886,47.249,144.12,1
23.623,9.1083,2.2788,0.6474,0.4079,25.993,10.164,8.2581,2.525,193.02,1
106.24,32.661,3.8623,0.1054,0.0532,55.993,110.65,-14.016,1.464,213.79,1
12.859,11.382,2.0917,0.7287,0.417,-14.993,8.1482,9.5112,1.0099,143.77,1
43.991,20.839,2.5192,0.3026,0.1588,61.931,-19.901,8.4017,17.384,211.33,1
39.997,17.597,2.8454,0.334,0.2206,26.412,30.256,10.795,1.809,157.24,1
19.68,17.52,2.4871,0.43,0.2362,-6.82,15.326,10.532,35.512,183.71,1
34.964,14.22,2.7709,0.3441,0.1856,7.8959,22.057,10.779,8.146,175.83,1
98.624,38.67,3.8574,0.1449,0.0731,-113.13,61.182,-27.804,1.421,365.38,1
25.137,15.664,2.4014,0.3929,0.2163,38.055,-12.243,-14.274,42.499,189.03,1
42.97,20.09,2.8672,0.2105,0.1093,28.951,30.912,12.257,18.49,221.51,1
43.996,28.965,3.0822,0.1986,0.1163,56.312,25.342,-24.23,19.651,170.22,1
167.07,25.572,2.9135,0.316,0.1959,-155.9,89.62,-13.199,4.486,303,1
20.492,16.093,2.4433,0.6018,0.4162,13.232,21.143,-7.7435,23.468,72.99,1
74.796,19.332,3.1239,0.2865,0.1485,35.261,56.546,15.849,7.468,268.53,1
25.464,12.049,2.5428,0.5186,0.3424,-18.731,9.683,7.4893,16.026,221.05,1
86.089,44.361,4.1786,0.096,0.0501,-6.7478,86.594,-28.715,2.7219,238.5,1
25.685,15.019,2.5321,0.3877,0.2159,6.8213,16.075,-11.675,38.883,144,1
17.106,11.219,2.1553,0.5664,0.3252,-0.2003,3.2895,-5.7905,0.3185,181.69,1
34.517,13.314,2.5999,0.4271,0.2425,2.3471,29.677,-8.1092,0.408,132.7,1
70.341,32.109,3.4073,0.1425,0.0797,49.974,73.675,24.657,0.517,199.85,1
47.202,24.874,3.0394,0.232,0.1256,18.231,-25.692,14.3,0.966,176.84,1
19.587,16.534,2.5152,0.6412,0.3527,5.7371,-13.861,20.317,39.323,27.612,1
33.392,10.884,2.4886,0.4578,0.2549,9.7498,-16.85,10.168,4.116,117.81,1
75.478,27.954,3.2227,0.1743,0.0919,63.539,60.19,-8.8066,10.617,222.78,1
75.014,24.754,3.4029,0.1748,0.09,65.293,55.901,-11.018,2.5791,305.39,1
19.083,16.681,2.2999,0.5163,0.2882,16.251,16.769,14.264,20.137,151.71,1
46.865,16.459,3.0394,0.3014,0.174,27.611,39.868,-7.2507,2.896,206.47,1
23.261,9.4718,2.3201,0.6268,0.3756,27.244,-7.4627,-7.1287,4.383,185.82,1
71.208,23.412,2.7423,0.2661,0.1475,0.7408,-84.315,17.853,47.649,198.51,1
36.023,21.262,2.7427,0.2658,0.142,-6.8613,16.284,15.759,7.4337,203.55,1
30.659,18.671,2.9798,0.329,0.1692,35.412,25.934,-7.4568,13.065,215.96,1
25.238,17.987,2.4609,0.3945,0.237,32.498,19.502,-17.483,27.762,108.21,1
30.718,12.807,2.4479,0.3565,0.1872,40.543,18.625,8.8148,32.599,66.5,1
87.028,20.983,2.9759,0.1903,0.1052,-120.36,69.596,-6.8439,10.792,282.56,1
29.368,12.905,2.5218,0.3729,0.194,-30.783,-10.983,-7.5403,1.9453,225,1
82.688,33.06,3.8316,0.0984,0.058,90.889,42.944,12.488,2.312,210.33,1
21.491,16.773,2.5058,0.4368,0.2449,11.004,10.408,13.541,62.628,246.34,1
18.021,10.673,2.1732,0.5772,0.2919,-23.548,-9.0283,-4.8682,0.8832,184.31,1
23.05,14.648,2.7122,0.4694,0.2667,18.389,-11.219,-8.64,24.726,48.902,1
36.851,19.89,2.7697,0.3195,0.1878,24.366,28.709,-14.79,60.39,80.076,1
18.172,12.873,2.586,0.5344,0.3074,0.7496,-6.3392,8.3141,33.827,162.52,1
25.362,11.264,2.6721,0.5106,0.2628,12.107,14.52,7.2294,0.964,193.93,1
18.254,10.387,2.233,0.5848,0.3421,21.727,11.339,2.2184,57.603,88.813,1
61.071,15.052,2.8854,0.2904,0.1556,14.891,56.758,-3.6329,11.987,248.87,1
62.472,32.789,3.3569,0.1279,0.0653,28.688,29.401,17.101,6.668,255.42,1
53.364,18.332,2.9289,0.2179,0.1125,77.034,32.391,9.9774,11.586,181.76,1
47.775,25.588,3.393,0.1663,0.0896,40.742,18.915,-8.0773,3.237,171.77,1
44.658,21.674,3.0883,0.2562,0.1302,28.469,34.879,16.051,22.766,157.97,1
88,37.846,3.4222,0.1963,0.1152,-7.5609,73.513,26.419,5.397,355.6,1
95.63,20.142,2.4983,0.4317,0.2492,28.561,54.524,-15.13,18.451,278.22,1
62.888,20.786,3.3576,0.173,0.0893,-32.812,-31.68,-13.635,1.3687,207.25,1
51.231,16.216,2.7003,0.4128,0.2124,64.436,16.262,11.868,10.51,172.6,1
38.25,18.039,2.6651,0.3546,0.1827,-44.304,22.393,8.7711,7.4414,194.93,1
56.447,42.39,3.3718,0.1402,0.0724,18.44,54.339,-24.943,64.099,216.99,1
45.358,28.042,2.7997,0.2331,0.1261,31.275,25.34,9.4496,41.422,252.42,1
23.27,10.507,2.4005,0.5686,0.3201,-9.624,-16.808,7.4585,20.935,94.629,1
92.026,32.333,3.8482,0.136,0.0682,-100.14,72.706,25.793,1.0326,299.34,1
28.27,19.356,2.5682,0.3892,0.2122,25.62,4.8137,9.9999,11.488,126.98,1
13.306,10.16,2.3086,0.8059,0.4889,-13.123,-6.9755,-11.202,66.476,208.31,1
21.73,17.122,2.4997,0.443,0.2263,18.294,7.9737,8.2894,46.541,211.03,1
20.372,12.903,2.2844,0.4519,0.2312,-16.514,-5.7444,7.3167,50.606,175.86,1
23.555,0.0049,2.2055,0.729,0.3769,2.4296,-12.325,-0.0001,40.326,160.59,1
38.851,17.288,2.8724,0.2938,0.1764,34.771,27.479,4.9562,2.089,154.78,1
25.744,11.501,2.3936,0.5495,0.2808,13.179,13.594,-11.622,8.982,181.03,1
50.711,24.409,3.4817,0.1963,0.0991,23.375,31.91,-13.106,0.5754,181.87,1
21.887,6.7909,2.1255,0.7116,0.3783,-24.862,-9.3553,6.6275,24.125,86.236,1
34.522,9.5035,2.238,0.5665,0.3382,16.529,-6.3176,-7.2975,25.801,147,1
12.973,10.286,2.1658,0.7713,0.529,12.233,6.4004,-5.9954,6.984,91.452,1
22.485,12.964,2.2776,0.4591,0.2507,0.8333,-8.823,-4.5256,78.739,167.48,1
29.913,15.022,2.7135,0.4603,0.2369,-6.6009,15.291,-16.972,2.5305,202.79,1
45.716,17.646,2.9066,0.2839,0.1668,-40.899,-37.629,-11.69,20.071,214.18,1
40.214,19.846,3.145,0.2728,0.1622,9.4515,31.212,-10.315,1.5993,146.99,1
19.633,13.683,2.4864,0.5253,0.3344,4.8144,-16.146,8.007,51.733,154.36,1
71.873,24.806,3.4833,0.1817,0.0932,15.585,77.482,8.9195,5.923,197.86,1
13.078,10.325,2.1688,0.7864,0.5119,12.621,6.3717,9.6144,37.04,100.78,1
20.752,17.629,2.5688,0.4265,0.2632,-10.462,-11.469,12.248,3.859,68.785,1
18.862,11.05,2.5581,0.6224,0.397,-0.411,-9.8726,8.9329,36.709,125.48,1
167.27,40.918,3.1045,0.1855,0.0955,181.58,40.293,-33.124,14.111,237.34,1
16.516,11.044,2.3263,0.6604,0.375,-4.6093,7.7221,-7.8583,24.018,230.69,1
12.637,11.779,2.0394,0.7032,0.379,15.899,-9.2812,-9.4742,39.212,223.93,1
27.39,13.74,2.5775,0.4577,0.2474,-21.085,16.269,-9.2234,19.736,138.8,1
35.373,18.363,2.8215,0.2624,0.1425,2.3372,25.878,13.037,41.747,139.64,1
47.064,22.529,3.2863,0.2529,0.1508,27.974,50.901,11.133,4.411,186.2,1
18.464,10.246,2.2923,0.6173,0.3087,23.368,9.6363,5.9097,11.617,210.51,1
25.554,17.43,2.3531,0.4435,0.2417,-10.627,-18.429,15.266,79.873,75.527,1
85.031,30.153,3.0624,0.2252,0.1174,-48.222,-15.454,-18.082,1.7685,336.71,1
25.189,16.693,2.5599,0.3554,0.1915,16.095,-12.095,-6.8841,40.633,248.74,1
22.977,14.944,2.5353,0.4869,0.2872,27.925,6.8621,-8.8083,2.625,165.57,1
71.2,13.309,2.8195,0.3045,0.1614,-89.488,50.75,9.0471,8.079,250.94,1
85.197,36.723,3.8162,0.1539,0.0819,0.2599,58.862,-20.635,1.473,330.6,1
88.099,34.439,3.6718,0.1367,0.0753,-87.928,77.349,22.899,1.892,273.85,1
35.856,19.331,2.9945,0.2724,0.1392,-4.7324,-23.705,-13.378,4.6729,145.47,1
17.59,15.301,2.5072,0.5381,0.3188,-8.3275,16.109,-10.085,21.52,159.42,1
25.073,0,2.081,0.7054,0.3942,27.51,13.517,-0.0001,0.0003,177.51,1
52.735,12.682,2.6561,0.5563,0.3609,-64.521,32.011,11.61,8.9282,277.77,1
34.127,15.177,2.8062,0.2953,0.1539,40.683,21.912,9.6661,0.9488,130.31,1
93.871,41.098,4.0372,0.1239,0.0632,-49.321,20.367,26.344,3.2,281.3,1
51.123,19.913,2.8817,0.2758,0.1845,39.225,40.279,18.792,3.888,221.63,1
12.726,11.668,2.0774,0.7197,0.364,-15.123,4.523,11.563,45.432,124.04,1
30.858,28.162,2.9053,0.3358,0.1785,9.5481,18.489,27.679,1.0274,175.25,1
57.581,13.581,2.6684,0.3519,0.177,-20.215,-54.028,-4.5258,6.463,219.96,1
43.608,15.33,2.7818,0.3603,0.1893,-19.271,-39.911,15.73,11.554,228.72,1
13.032,10.826,2.1319,0.7601,0.4686,13.715,-5.0379,-9.5076,9.83,65.771,1
34.18,13.979,2.451,0.3434,0.1929,48.689,21.246,-13.276,27.156,155.73,1
12.982,11.221,2.0846,0.749,0.4074,14.845,-5.9379,-11.373,66.043,168.26,1
22.075,0.0028,2.0917,0.7449,0.4575,0.9714,-8.1793,0.0001,8.897,167.99,1
27.254,19.119,2.7948,0.3962,0.2045,-7.2657,-18.943,-14.129,3.7435,188.88,1
37.568,19.37,2.633,0.298,0.1548,-15.334,-23.466,-11.546,10.117,173.05,1
24.314,8.5484,2.3953,0.6076,0.4326,-12.055,-13.328,-3.0853,25.462,140.59,1
74.241,30.402,3.8022,0.1599,0.0837,57.151,77.223,-23.721,6.4966,240.35,1
83.719,32.775,3.4447,0.2619,0.1783,-0.6769,63.448,14.419,5.007,361.51,1
40.629,18.223,2.679,0.3162,0.1644,41.05,21.238,-15.112,11.733,225.2,1
49.911,18.041,2.8079,0.2786,0.1564,22.178,41.343,10.4,21.104,252.33,1
116.12,48.286,4.2843,0.076,0.0412,-96.541,87.592,32.271,3.325,298.12,1
38.026,14.938,2.6875,0.4004,0.231,-35.838,15.764,-12.431,13.054,146.57,1
62.689,24.474,2.6527,0.2692,0.139,-47.146,50.067,-14.815,11.089,291.29,1
30.605,23.499,2.8407,0.2857,0.1465,39.755,21.555,21.577,7.5782,142.22,1
39.627,26.032,3.2002,0.2983,0.2034,11.031,-12.621,13.943,37.882,42.971,1
17.244,11.124,2.1673,0.5646,0.3231,-1.1709,6.0553,-5.8436,18.272,190.92,1
76.326,28.009,3.288,0.1947,0.1239,-65.774,43.634,21.138,3.6015,260.84,1
42.004,20.991,3.1136,0.271,0.1474,-59.807,18.925,-6.2432,7.672,268.33,1
49.013,18.099,2.9472,0.2202,0.1191,52.99,18.755,11.736,4.9034,161.73,1
31.961,12.162,2.7024,0.4226,0.247,-12.593,23.47,-9.6547,20.144,219.63,1
18.221,17.346,2.4224,0.4612,0.2325,-7.6009,17.784,8.1034,3.7849,189.15,1
26.944,16.665,2.5192,0.348,0.18,38.41,-7.1735,-11.72,1.1222,234.54,1
34.795,16.303,2.7645,0.3147,0.1677,-25.15,-27.742,-9.1347,5.3643,213.63,1
29.461,15.324,2.4378,0.4526,0.2427,13.333,-18.135,-5.9543,5.9093,72.069,1
77.681,18.801,2.9082,0.2224,0.1143,-105.83,70.759,-11.03,5.538,256.65,1
13.673,9.3171,2.3775,0.847,0.4927,13.209,8.0423,-11.471,14.071,92.888,1
56.669,17.977,2.9151,0.2468,0.1283,39.704,56.5,-10.866,16.916,251.41,1
35.339,14.481,2.5894,0.3887,0.2381,11.738,30.608,-5.2554,50.497,131.34,1
32.369,14.026,2.4728,0.4411,0.2643,14.105,16.192,7.7011,19.01,134.04,1
27.839,12.104,2.3414,0.4374,0.221,5.5152,19.675,-8.7548,2.843,172.76,1
24.317,14.045,2.3493,0.5011,0.2975,16.619,14.11,-11.519,2.0464,175.21,1
28.618,22.603,2.7348,0.2983,0.174,10.378,11.483,-4.7895,59.415,118.51,1
66.034,20.826,2.4983,0.4794,0.2429,57.205,-28.664,-19.217,6.638,283.83,1
45.676,25.826,3.2469,0.2215,0.1124,49.842,39.707,17.225,9.1708,102.7,1
77.435,34.124,3.1682,0.224,0.1191,24.223,94.129,-27.13,43.174,70.077,1
39.191,16.965,2.8716,0.2675,0.1526,-29.103,-25.066,12.942,2.992,225.82,1
75.837,32.085,3.4842,0.1627,0.0874,-67.341,46.676,-20.878,0.2581,293.28,1
92.215,26.373,3.4681,0.112,0.0577,100.02,74.477,-3.4159,2.474,248.1,1
78.662,32.981,3.4344,0.167,0.0936,-63.968,61.114,31.636,5.902,298.1,1
20.172,15.286,2.4639,0.4227,0.2491,0.2281,-2.4211,-1.5993,11.081,136.44,1
20.501,7.1659,2.2055,0.7414,0.3769,23.131,11.479,5.7259,88.419,170.5,1
118.75,37.266,3.8326,0.1126,0.0595,122.52,90.148,9.1215,3.2776,211.74,1
22.073,12.848,2.2999,0.4962,0.2632,3.2731,-13.721,5.4581,38.124,228.81,1
18.762,7.4713,2.1383,0.7636,0.4764,-1.573,6.4219,-3.1559,56.517,96.499,1
22.499,10.446,2.2625,0.5683,0.3415,22.206,19.508,-11.045,26.949,225.37,1
45.284,21.134,3.3893,0.2395,0.1202,20.971,27.63,-12.461,3.777,216.95,1
90.376,22.985,2.9863,0.2559,0.1409,-4.4115,-120.52,17.729,7.803,207.12,1
40.783,21.498,3.049,0.2841,0.1487,22.338,24.695,-11.601,2.011,177.4,1
81.283,22.805,3.3507,0.235,0.1215,55.424,82.174,-19.561,4.074,295.11,1
40.036,26.627,3.187,0.2165,0.1284,-2.4894,-19.787,-22.149,0.636,156.18,1
28.821,23.978,2.6439,0.3383,0.1918,14.415,15.875,-19.544,16.6,195.31,1
18.76,12.642,2.4479,0.5419,0.3084,3.227,-11.076,9.8468,18.587,114.09,1
26.584,21.936,2.8848,0.3494,0.1936,4.5446,-8.2247,22.68,45.538,67.575,1
42.837,18.489,3.0304,0.2527,0.131,-36.878,-25.125,7.2787,0.1562,197.16,1
107.86,39.919,3.9914,0.1273,0.0678,-70.542,67.501,13.216,0.0791,350.84,1
35.782,24.551,3.2838,0.2461,0.1288,26.041,10.111,-16.347,1.5398,192.4,1
34.611,14.381,2.7774,0.3506,0.2262,23.71,23.113,1.2021,1.5901,250.03,1
29.496,16.704,2.6604,0.3366,0.2,25.995,13.967,8.589,12.223,135.64,1
85.61,38.37,3.5868,0.1906,0.0998,-17.654,59.266,30.763,0.864,312.35,1
36.471,25.444,2.8588,0.292,0.146,43.85,31.134,-15.239,17.399,175.09,1
23.19,8.4604,2.3304,0.6589,0.3575,-27.674,-4.9454,-9.8265,51.965,191.68,1
57.124,22.846,2.9903,0.2065,0.1099,-66.579,-42.385,-16.809,30.645,179.5,1
33.052,15.714,2.7675,0.3467,0.1904,3.4948,12.724,8.7459,10.977,138.28,1
20.888,18.2,2.4857,0.3987,0.2075,31.505,-12.513,-15.585,58.144,46.48,1
98.539,33.183,3.9546,0.1221,0.0623,51.727,76.454,-19.704,3.0657,310.75,1
13.311,10.623,2.2109,0.7877,0.4031,14.85,2.4881,-11.894,74.796,156.88,1
62.16,28.638,3.4442,0.1327,0.0739,26.171,50.512,12.582,6.3446,184.74,1
31.812,15.749,2.6781,0.3085,0.1543,31.744,-15.13,-5.9061,1.1657,110.68,1
26.459,18.108,2.6937,0.33,0.167,-24.68,-18.572,-11.002,2.407,171.91,1
74.926,21.744,3.1269,0.2247,0.1161,54.794,64.585,-7.3296,3.5,241.86,1
20.831,12.446,2.4338,0.4899,0.2597,-16.077,-13.66,8.7292,86.216,149.01,1
50.342,9.3404,2.5629,0.3639,0.1874,-13.839,37.081,6.3934,8.78,244.23,1
13.292,9.6037,2.3064,0.8296,0.5358,-12.013,-8.8904,-10.919,77.159,125.53,1
37.833,20.183,2.5587,0.6906,0.4489,8.6316,-29.3,-21.631,64.525,379.31,1
29.949,14.849,2.7332,0.4233,0.2597,16.718,-27.663,-8.5428,0.275,136.6,1
90.374,24.794,3.0613,0.2188,0.1116,83.48,76.439,-20.401,3.825,242.76,1
64.701,16.541,2.7931,0.2448,0.1312,-4.4564,38.477,-7.0851,3.712,234.04,1
40.437,15.71,2.5257,0.4083,0.237,-29.364,16.507,7.7552,10.995,157.78,1
28.741,15.026,2.5809,0.4147,0.2375,9.8278,19.194,-5.3055,23.527,189.49,1
28.332,12.251,2.3531,0.4789,0.2461,33.665,20.315,8.582,36.83,88.486,1
20.402,7.2924,2.055,0.696,0.3833,0.2625,-4.7217,5.7095,34.553,95.152,1
28.434,16.463,2.945,0.3326,0.1674,26.067,14.02,8.6098,19.601,159.67,1
30.061,25.072,2.5798,0.2895,0.1513,-28.61,12.363,-15.277,16.395,262.32,1
43.899,38.255,3.4351,0.1333,0.0666,14.684,33.475,-30.142,57.981,144.26,1
24.551,16.944,2.776,0.4288,0.2672,4.6419,15.203,13.208,39.119,216.39,1
38.782,20.344,2.8537,0.2437,0.1296,-13.874,4.86,9.5305,5.733,166.52,1
12.42,12.061,2.081,0.6805,0.3527,-16.689,10.274,8.1383,42.492,176.01,1
80.566,32.562,3.5804,0.1645,0.0932,56.369,72.653,26.397,0.3452,266.34,1
35.552,15.56,2.7222,0.3848,0.2171,-16.107,20.62,11.877,85.382,27.794,1
131.49,23.268,2.8954,0.3079,0.1622,-97.642,-96.087,-21.764,2.915,262.95,1
113.97,19.219,2.8856,0.3084,0.1594,-124.46,-18.449,-11.378,0.804,333.77,1
80.02,23.733,2.8031,0.3682,0.2227,-84.356,54.353,-8.2579,1.824,276.13,1
23.48,0,2.1414,0.7653,0.4079,0,0,15.953,63.095,229.66,1
50.215,12.8,2.7063,0.2852,0.1485,16.733,36.107,-11.296,9.088,175.64,1
20.552,7.2284,2.0986,0.7171,0.3705,-1.8904,9.3197,5.8153,22.516,109.61,1
39.08,20.014,2.9643,0.253,0.1341,7.6154,9.8348,-12.768,15.729,220.28,1
50.717,10.131,2.5746,0.3382,0.1718,-53.856,29.159,8.8366,2.0775,184.23,1
19.083,12.189,2.3936,0.5616,0.3374,1.91,-11.651,9.7901,25.011,109.18,1
21.729,11.345,2.3598,0.5939,0.3079,20.922,20.114,-9.904,35.741,75.258,1
56.244,17.086,2.9668,0.3184,0.1797,-50.259,33.553,-15.431,6.436,292.45,1
33.405,10.581,2.5211,0.5422,0.2997,2.7415,19.948,11.878,9.6728,109.78,1
28.816,22.364,2.6314,0.278,0.1437,25.039,12.549,15.539,50.306,66.851,1
20.768,7.1927,2.0065,0.6995,0.3596,-1.1635,8.1084,5.997,12.86,212.87,1
89.216,23.476,2.5403,0.4553,0.2349,-70.972,-66.353,17.977,3.4312,328.92,1
81.65,42.776,3.5169,0.1411,0.0719,65.227,74.213,-18.098,8.6194,279.48,1
19.338,12.704,2.3847,0.5485,0.2907,-14.499,-13.991,-7.4292,57.946,189.52,1
52.548,20.897,2.5465,0.4432,0.2429,6.8546,37.572,6.9836,21.538,346.32,1
89.346,28.78,3.587,0.1703,0.0894,68.7,91.206,14.821,0.485,278.33,1
23.099,10.572,2.2923,0.5918,0.2985,-32.096,16.901,5.1509,1.618,155.28,1
39.735,17.432,2.7892,0.2632,0.1357,27.418,31.112,4.0029,0.256,182.88,1
41.017,21.908,3.0461,0.2725,0.1443,37.867,32.157,-11.821,2.635,89.738,1
91.224,37.905,3.3754,0.1706,0.1064,-47.273,72.312,37.256,3.586,294.1,1
19.235,11.789,2.3118,0.6488,0.4366,11.163,20.043,-8.6477,40.554,165.96,1
74.071,21.582,3.1941,0.22,0.1404,-60.089,47.825,15.66,8.7773,299.73,1
27.521,16.272,2.5735,0.3445,0.1749,-29.939,-14.553,10.91,6.7,158.33,1
32.432,10.443,2.5211,0.4127,0.2154,1.285,-22.604,-3.8781,13.611,138.21,1
21.152,12.391,2.2878,0.6495,0.4149,-11.406,-15.626,10.612,21.755,100.14,1
77.605,32.294,3.125,0.282,0.1819,-10.953,57.127,-17.146,3.821,330.61,1
83.063,36.2,3.6438,0.1971,0.1,-29.15,-29.263,20.788,4.149,371.27,1
44.547,23.357,3.3005,0.2148,0.1229,15.947,31.048,-10.087,0.154,181.78,1
34.175,17.179,2.485,0.3797,0.1948,17.478,23.622,12.934,0.9739,183.96,1
20.935,7.1192,2.2636,0.7084,0.3624,24.261,10.049,6.1052,0.9086,128.17,1
91.58,45.938,3.9373,0.1465,0.0742,-73.411,39.314,-35.161,8.5405,384.65,1
50.149,28.312,3.4124,0.1668,0.0911,59.015,22.889,-15.293,5.0824,196.68,1
26.919,8.1612,2.2601,0.6264,0.3874,-14.261,-20.156,-6.4586,76.951,186.65,1
60.19,20.868,3.2515,0.2146,0.1112,49.435,55.969,-14.225,0.123,216.45,1
25.081,12.418,2.4713,0.4493,0.2517,13.761,18.351,-3.6845,61.186,49.777,1
26.696,17.685,2.5988,0.3224,0.1725,32.869,23.233,4.8227,50.74,169.05,1
72.344,21.521,3.3645,0.1841,0.1005,30.261,68.384,-9.6461,0.723,246.42,1
54.986,26.736,3.1106,0.2031,0.1074,-40.752,24.142,20.749,15.406,267.9,1
107.6,27.191,3.5818,0.1713,0.0895,-49.772,64.002,-9.2823,0.715,291.42,1
24.034,0.0001,2.1446,0.7455,0.4122,-0.0001,-0.0001,15.935,47.963,155.2,1
78.968,26.733,3.7505,0.1648,0.0846,33.248,85.438,16.512,3.1425,273.56,1
70.329,29.346,3.218,0.2488,0.1577,-20.358,64.493,-19.829,0.3953,341.26,1
40.962,24.138,2.7878,0.2184,0.1117,-17.311,-25.033,14.829,6.9787,171.22,1
44.354,21.829,3.2379,0.2428,0.1419,0.0198,40.823,3.7512,17.919,186.21,1
29.089,13.336,2.5459,0.4154,0.2148,22.807,22.622,9.7382,1.544,177.33,1
94.826,34.36,3.6921,0.1908,0.0999,-44.618,51.842,-15.277,0.5894,353.54,1
91.348,25.188,3.524,0.2113,0.1267,-34.914,75.735,-14.745,1.027,294.9,1
32.867,17.786,2.3683,0.4797,0.242,-29.696,-9.0224,12.137,58.601,68.438,1
34.427,11.192,2.3502,0.6205,0.3192,20.311,29.944,7.3949,17.991,200.93,1
67.654,20.577,3.3532,0.2239,0.1372,51.367,60.775,-11.53,0.4375,238.66,1
60.086,26.514,3.0941,0.2206,0.1139,-30.504,-46.732,-13.945,51.262,63.338,1
25.277,13.695,2.5758,0.4675,0.2935,3.4087,20.688,7.3126,12.295,186.83,1
22.914,12.864,2.2945,0.6345,0.3223,-24.89,-16.431,-5.0976,16.435,205,1
84.083,55.477,4.2314,0.0691,0.0346,-17.194,85.1,38.338,2.468,179.61,1
20.887,17.81,2.5993,0.3698,0.2151,27.98,8.4337,9.464,1.8603,135.96,1
18.821,10.32,2.1492,0.5248,0.266,25.796,4.1479,-3.9283,18.121,191.13,1
18.95,15.073,2.3512,0.5212,0.2695,20.623,18.069,7.0774,17.196,128.89,1
42.849,14.39,2.6474,0.3198,0.1746,-8.3092,39.878,10.132,9.8067,257.91,1
36.547,21.998,2.5575,0.2936,0.1537,32.244,-20.809,11.324,7.4566,258.34,1
83.435,31.426,3.953,0.1264,0.0651,35.134,74.863,-12.202,4.4435,231.16,1
46.308,22.749,2.8817,0.2561,0.1333,47.648,29.745,-19.242,7.0274,287.77,1
24.332,0,2.0846,0.6831,0.3416,0,0,8.6597,17.948,245.79,1
33.019,10.777,2.5688,0.4318,0.2173,41.902,26.337,4.6568,5.84,200.88,1
21.147,6.4262,2.1917,0.7717,0.5113,-18.86,-16.977,6.2189,45.607,171.95,1
28.965,16.807,2.4893,0.3728,0.2026,25.104,-11.877,-9.8044,15.563,150.82,1
23.986,17.337,2.6464,0.3679,0.1862,22.15,-16.153,8.1634,0.792,189.11,1
32.511,17.111,2.6289,0.3173,0.1704,44.787,23.169,-15.257,18.142,177.25,1
93.458,32.315,3.5511,0.1324,0.0682,103.43,72.502,-11.385,3.195,258.6,1
56.621,20.762,3.0722,0.1727,0.0868,-5.8288,-36.598,-13.57,2.3981,191.06,1
46.016,15.049,2.4683,0.449,0.2466,-42.42,-15.403,-2.824,19.522,275.26,1
38.407,19.418,2.8893,0.3239,0.1968,-28.629,-25.369,-17.151,11.457,158.77,1
44.362,20.855,2.9167,0.2919,0.1763,-22.599,-37.97,-16.75,34.321,55.403,1
20.138,19.454,2.2636,0.4578,0.2425,14.903,19.812,-15.555,17.612,123.65,1
47.195,23.747,2.9307,0.2088,0.1167,33.983,41.214,15.975,18.462,133.39,1
23.28,20.845,2.9012,0.4055,0.2191,-13.69,-5.4486,18.396,49.586,100.43,1
12.952,11.25,2.0774,0.7448,0.4142,-14.818,6.6654,-10.987,42.636,183.21,1
18.161,10.59,2.301,0.58,0.2925,-2.237,8.6577,5.237,8.38,103.13,1
103.64,25.548,3.1057,0.1944,0.1031,-170.97,57.274,-14.62,1.0959,314.06,1
20.355,7.1969,2.224,0.7463,0.3731,-23.121,-11.329,5.5866,39.731,133.98,1
26.392,13.733,2.7003,0.5204,0.344,1.7013,-11.195,9.9599,22.259,166.72,1
34.351,12.922,2.5664,0.3664,0.2022,33.085,24.057,7.6147,3.013,198.52,1
54.797,19.58,3.0598,0.2536,0.159,23.172,45.447,12.769,2.801,249.16,1
67.533,23.576,2.8488,0.4108,0.2727,-24.175,-32.339,-26.193,9.4092,316.04,1
28.046,15.11,2.7218,0.334,0.1679,-26.731,-14.806,6.3765,26.601,197.44,1
33.535,13.797,2.4385,0.3352,0.1803,21.46,17.912,10.989,7.815,107.4,1
16.892,11.391,2.2122,0.5767,0.2914,0.643,-4.8717,2.4775,73.561,93.942,1
26.689,8.5852,2.6101,0.6061,0.3055,4.4583,16.075,-4.6694,14.144,109.7,1
18.849,11.508,2.3674,0.6352,0.3326,11.491,18.224,6.6396,65.303,148.87,1
86.593,25.371,3.3143,0.177,0.0934,-108.69,73.648,-18.185,1.489,221.34,1
55.982,18.255,2.7889,0.3512,0.1829,13.204,62.613,9.032,14.579,266.74,1
44.275,27.764,3.266,0.265,0.1407,38.734,43.25,-24.494,14.118,148.6,1
27.54,7.9365,2.29,0.5949,0.3154,17.162,-16.762,-5.4287,9.928,213.26,1
26.108,19.335,2.6513,0.3571,0.2132,17.006,12.602,-10.569,17.658,254.89,1
57.111,15.913,2.5711,0.4295,0.2161,31.444,62.923,-15.872,39.941,145.2,1
72.336,20.444,2.9501,0.4218,0.2563,-25.927,35.824,-24.574,1.832,335.9,1
80.003,21.227,3.2118,0.2039,0.1022,-131.5,64.745,13.433,9.041,303.47,1
32.169,23.651,3.104,0.2314,0.1279,21.263,23.999,13.065,60.719,103.95,1
23.328,12.853,2.2253,0.5536,0.2887,-17.087,-9.4313,-7.0042,0.663,179.46,1
19.569,10.968,2.3222,0.6667,0.35,-14.988,-17.718,6.5899,10.947,165.18,1
76.244,22.56,3.2477,0.1888,0.0986,70.94,71.298,18.265,5.054,237.94,1
27.287,21.362,2.7063,0.3422,0.1878,-2.8401,-17.936,11.276,17.919,73.737,1
90.078,32.317,3.8758,0.133,0.0704,-66.099,77.919,-10.307,3.343,275.42,1
21.747,10.547,2.2201,0.6145,0.4006,19.606,20.564,-11.525,16.005,158.28,1
44.084,9.7187,2.6091,0.3985,0.2226,48.206,23.332,-10.142,8.387,204.25,1
42.821,17.363,2.8686,0.3045,0.1631,4.0496,39.646,-8.7974,22.092,117.34,1
12.59,11.842,2.1538,0.6947,0.3754,-16.146,9.8556,7.9256,84.31,46.251,1
22.163,15.374,2.5514,0.4382,0.2261,29.754,-9.5821,-4.5724,26.582,110.61,1
67.735,21.133,3.2353,0.1896,0.0957,17.364,50.094,15.352,2.6774,251.82,1
23.551,9.0361,2.4191,0.6019,0.4133,12.344,8.3462,5.4841,25.63,176.58,1
111.06,28.625,3.1816,0.21,0.1175,-121.06,43.845,10.55,0.261,337.15,1
115.36,31.656,3.0654,0.1557,0.083,103.77,89.731,26.991,0.864,240.63,1
57.155,23.676,3.1541,0.176,0.0971,3.8214,25.663,19.95,14.129,166.09,1
24.238,11.076,2.437,0.5484,0.3711,-10.709,-22.239,-7.2923,5.6286,177.41,1
18.119,10.662,2.2529,0.5642,0.2821,24.099,8.3638,-4.6812,83.059,212.21,1
32.786,17.981,2.356,0.4053,0.2137,-27.104,-25.411,14.621,29.924,217.15,1
12.954,11.28,2.1319,0.7454,0.4022,14.929,-6.0758,-11.394,31.098,173.8,1
37.037,8.8102,2.3865,0.4805,0.2526,23.108,21.328,-2.5372,3.198,154.09,1
44.591,13.145,2.8915,0.3055,0.1547,10.678,-8.0974,-7.145,0.706,192.94,1
62.397,21.731,2.7063,0.3127,0.1603,-66.149,42.24,7.7642,6.155,292.28,1
39.544,11.202,2.6853,0.4149,0.2198,33.074,26.363,-7.45,3.7748,267.89,1
79.196,15.494,2.8319,0.3623,0.2202,-23.624,50.044,-17.137,7.135,316.1,1
30.308,13.951,2.3811,0.5364,0.2723,-12.595,-11.487,9.8753,31.293,232.07,1
73.124,24.307,3.4442,0.1902,0.0962,33.813,77.182,-13.937,4.018,273.16,1
26.487,12.26,2.5527,0.3922,0.2003,-24.83,20.153,8.9741,40.564,163.72,1
44.782,14.863,2.889,0.2569,0.1414,31.647,24.927,8.4655,4.0468,242.13,1
23.402,15.513,2.7427,0.4448,0.2306,18.301,-11.436,-12.32,21.26,176.81,1
32.511,20.282,2.9727,0.262,0.1368,41.319,11.431,-9.3542,5.489,250.27,1
43.759,23.02,3.2831,0.2001,0.1019,-14.728,17.261,-20.028,5.167,220.11,1
33.604,20.964,2.7864,0.3189,0.1774,30.643,-15.268,-8.8839,9.802,166.84,1
15.966,11.825,2.2672,0.6216,0.3162,0.7171,-3.9839,3.1696,8.014,105.67,1
33.499,22.981,2.8768,0.3015,0.1627,1.0433,30.301,16.292,33.633,192.52,1
75.51,32.861,2.8762,0.2912,0.1735,-70.754,-45.257,28.618,5.7551,323.93,1
41.796,20.911,2.9747,0.2056,0.1065,-12.727,31.587,5.3849,55.67,96.212,1
50.026,23.51,2.9375,0.2945,0.1553,4.7615,-18.951,12.02,9.4937,265.4,1
51.558,15.174,2.5478,0.4363,0.2337,41.827,51.569,-9.5641,5.498,148.64,1
85.035,48.405,3.9532,0.1497,0.0944,-33.584,49.782,-26.097,3.181,351.98,1
85.381,18.392,2.7931,0.3011,0.1957,-70.29,-58.719,-15.024,1.869,260,1
28.804,6.6537,2.2672,0.5892,0.3,-14.646,9.7648,-4.243,37.152,223.55,1
24.788,15.516,2.4409,0.4022,0.2192,-15.196,-16.182,-13.349,57.544,57.806,1
18.079,17.104,2.3865,0.5051,0.2649,-18.06,-14.308,-13.396,15.643,223.22,1
100.64,24.011,3.4905,0.2095,0.1117,99.905,100.52,17.97,4.015,248.43,1
19.021,14.377,2.5527,0.521,0.3011,3.004,-10.686,-3.7082,89.176,159.87,1
28.979,11.085,2.4224,0.4575,0.2552,23.143,-19.765,4.059,6.3588,182.58,1
13.07,11.026,2.1833,0.7607,0.423,14.554,-5.1004,-11.351,15.801,197.55,1
25.172,10.343,2.3395,0.4668,0.2403,-11.686,-18.828,4.0528,24.564,150.2,1
24.267,10.076,2.3493,0.5459,0.3065,7.8302,17.032,7.5599,10.999,217.51,1
20.15,12.486,2.4749,0.4958,0.2697,-2.7652,12.344,-10.222,3.0331,163.52,1
18.212,12.72,2.4158,0.595,0.3013,-5.0695,13.592,-7.9454,83.075,196.81,1
20.096,7.1571,2.1089,0.7704,0.393,22.071,12.331,5.24,37.783,98.705,1
28.826,17.603,2.7296,0.3187,0.1761,14.047,9.5193,9.2501,88.014,100.51,1
24.651,0,2.2776,0.6755,0.3456,-29.525,-7.5987,0.0001,0.0003,180.47,1
28.184,21.064,2.6449,0.3533,0.2254,8.7045,22.603,17.732,54.157,99.797,1
32.575,15.001,2.7563,0.3348,0.1814,16.121,24.991,-5.1209,11.958,137.53,1
31.997,15.273,2.6385,0.4207,0.2195,7.5452,30.134,8.9815,13.294,97.093,1
24.452,12.313,2.4771,0.5667,0.305,1.4908,11.507,-6.4661,20.868,182.71,1
39.13,23.522,3.3266,0.2772,0.1412,-2.3289,23.622,-5.0648,63.571,37.6,1
27.689,10.298,2.317,0.506,0.3012,4.2237,20.323,-6.9264,87.62,165.45,1
26.006,18.615,2.6493,0.3946,0.2029,-25.82,-21.456,7.2132,61.572,64.656,1
25.923,10.556,2.3107,0.4597,0.2518,-14.949,-19.404,2.1827,34.266,138.37,1
19.928,7.1487,2.1287,0.7807,0.3978,21.724,12.495,-4.9894,7.035,203.42,1
50.877,17.453,2.9566,0.3812,0.2326,42.198,52.814,-17.613,9.4633,198.19,1
28.112,17.989,2.3909,0.4187,0.2297,-31.188,-22.528,13.639,56.086,113.44,1
19.441,15.451,2.4362,0.5018,0.2985,-1.6904,-6.7651,-10.053,17.099,179.35,1
61.831,26.203,3.1438,0.2592,0.1504,-52.206,39.852,17.769,5.1947,290.16,1
19.54,6.7686,2.2613,0.8274,0.4795,-18.519,-15.1,4.1927,24.418,161.86,1
18.194,10.469,2.1818,0.6053,0.3059,-2.8224,9.2821,-5.8067,83.633,179.85,1
22.667,11.634,2.4533,0.5387,0.3081,9.6596,11.27,6.1636,26.757,82.604,1
23.986,0,2.2541,0.7187,0.3649,27.493,12.778,0,25.626,180.22,1
84.537,31.178,3.4894,0.1478,0.0744,21.408,68.407,4.6755,6.7811,239.04,1
27.071,25.531,2.6726,0.3464,0.1796,14.006,-18.436,15.312,13.719,33.612,1
54.135,21.921,2.8701,0.3452,0.1868,23.512,41.199,14.882,2.4615,298.61,1
21.439,6.9858,2.0473,0.6816,0.3543,25.32,7.5976,-6.4242,34.809,190.09,1
72.677,27.322,3.5856,0.2098,0.117,37.757,65.6,17.281,3.096,278.1,1
68.927,23.197,3.2302,0.1883,0.0945,16.188,58.993,-10.594,4.554,153.09,1
25.381,15.736,2.6186,0.4188,0.2419,27.833,17.878,5.4552,10.172,80.393,1
13.461,9.8586,2.2492,0.8225,0.4873,-13.199,-7.5122,11.464,40.227,199.41,1
47.985,22.898,3.0348,0.1551,0.0844,10.766,26.421,12.319,5.3027,207.4,1
17.403,11.109,2.4378,0.5511,0.3011,0.4025,-4.4399,4.8201,52.56,171.21,1
43.527,13.941,2.5557,0.4395,0.2295,26.916,41.384,-11.402,3.9958,164.79,1
13.149,10.769,2.1156,0.7739,0.4483,14.048,-2.4687,-11.159,70.319,189.84,1
48.672,13.533,2.6866,0.358,0.1944,49.901,26.266,-3.5504,2.125,180.79,1
34.092,11.016,2.6781,0.4323,0.2403,27.782,17.099,11.865,1.517,207.85,1
28.863,6.5382,2.2577,0.6243,0.3177,-15.34,9.716,4.6861,6.624,223.56,1
68.941,22.418,3.474,0.2088,0.1086,4.9539,-48.055,13.179,0.279,220.47,1
43.325,14.986,3.1785,0.2744,0.1482,9.92,38.108,10.905,11.13,216.53,1
20.904,7.1381,2.1688,0.7051,0.3559,-24.503,-9.524,-6.088,9.432,133.8,1
30.503,18.791,2.5883,0.3535,0.1871,29.255,25.601,-13.374,27.983,117.91,1
30.369,9.7181,2.5416,0.4741,0.2371,-0.7359,21.092,-4.1161,6.5706,128.94,1
41.788,13.976,2.7559,0.3912,0.2079,-8.2326,-15.756,3.4301,7.959,209.33,1
51.697,15.99,2.5224,0.3213,0.1697,-14.458,-25.431,-8.1007,11.34,137.91,1
31.744,9.2534,2.4728,0.4815,0.3047,0.7563,15.492,4.2721,34.123,149.41,1
93.015,20.421,3.2082,0.2062,0.1297,-125.9,35.997,12.923,1.656,204.19,1
32.7,22.101,2.857,0.3572,0.2314,22.079,19.516,-17.726,20.449,153.76,1
32.277,11.9,2.316,0.3671,0.186,43.348,12.988,-11.384,17.434,61.106,1
20.2,11.297,2.3284,0.6291,0.3639,-13.788,-18.91,-6.0515,17.376,192.87,1
16.215,11.594,2.2504,0.6067,0.3511,-1.8484,5.5003,6.4646,26.52,170.92,1
55.539,22.785,3.3463,0.1955,0.0989,17.631,38.968,10.9,5.1038,226.5,1
35.764,17.521,2.4616,0.3592,0.2055,44.361,23.697,-15.992,60.622,78.72,1
24.896,11.821,2.4564,0.465,0.285,6.512,15.05,-8.9168,8.622,184.86,1
21.244,6.8975,2.1021,0.7273,0.415,-22.464,-13.167,-6.2774,49.217,232.94,1
29.29,18.599,2.7455,0.336,0.1824,-13.826,-15.166,12.437,20.232,116.4,1
88.794,28.836,3.6695,0.1734,0.0945,48.69,81.429,21.655,3.9201,286.41,1
69.298,26.881,3.193,0.2065,0.1074,39.63,44.346,-23.06,9.3234,248.75,1
24.545,16.031,2.5092,0.4241,0.2276,-16.345,-17.266,13.493,10.576,208.5,1
41.274,18.185,2.695,0.3532,0.1907,50.286,34.798,-15.519,16.706,94.624,1
91.594,20.979,3.0479,0.2768,0.1572,93.969,83.339,20.404,1.703,302.82,1
54.003,15.464,2.9143,0.2814,0.1456,37.509,46.765,-12.994,0.366,283.04,1
33.161,8.9994,2.2776,0.4538,0.2401,47.723,-21.233,-9.3072,5.6594,197.58,1
34.501,21.91,2.738,0.3199,0.1673,-7.6078,20.296,-12.678,14.885,98.687,1
20.058,7.1019,2.1414,0.7798,0.4079,-21.472,-12.951,5.1558,15.156,110.73,1
75.566,16.534,2.9004,0.2642,0.1365,-81.111,52.689,-16.486,4.9959,258.88,1
12.838,11.421,2.0588,0.7249,0.4148,15.078,-8.3942,-9.1683,43.833,112.72,1
28.06,8.0648,2.2122,0.589,0.3589,16.514,18.995,-6.2326,54.347,124.41,1
43.888,14.961,2.944,0.2685,0.1359,28.553,25.337,9.9526,1.137,194.76,1
34.96,11.952,2.5508,0.3516,0.1927,1.1797,10.905,4.6853,0.921,227.56,1
22.437,0,2.1089,0.7626,0.4319,0,0,-12.009,52.255,212.21,1
28.043,15.43,2.6924,0.4223,0.2244,-23.454,22.708,-13.953,2.826,164.07,1
22.036,12.868,2.3551,0.468,0.245,15.537,10.21,-7.7848,40.594,189.09,1
21.565,6.9116,2.1089,0.6926,0.3774,24.442,10.175,6.4816,3.908,206.49,1
31.925,22.351,2.7114,0.3032,0.1603,34.037,-13.705,11.398,46.586,168.81,1
40.977,22.126,2.9162,0.2523,0.1474,9.6277,8.3364,18.46,7.2427,195.1,1
59.501,31.495,3.7937,0.195,0.1128,-58.742,40.995,10.179,4.6349,272.55,1
18.164,7.0722,2.2978,0.8463,0.471,6.8624,-9.8466,-4.7293,14.345,175.34,1
39.246,26.219,3.3089,0.2175,0.1299,15.181,26.938,-17.618,51.624,66.487,1
16.237,11.254,2.3304,0.6402,0.3995,-2.7498,5.3763,8.0635,48.122,119.91,1
87.794,30.105,3.8598,0.1424,0.0788,-66.732,74.559,14.812,1.778,262.86,1
32.319,23.934,2.9976,0.2946,0.1473,22.487,33.849,6.3433,42.879,56.687,1
32.18,18.335,2.7896,0.3523,0.2183,19.344,23.644,15.022,2.5841,186.55,1
84.571,34.744,3.547,0.258,0.1682,0.4641,56.326,32.587,3.551,330.71,1
61.408,21.923,2.8899,0.2062,0.1128,-63.169,35.571,13.594,0.6397,265.65,1
69.436,13.396,2.5563,0.3583,0.1986,85.398,27.174,5.1791,4.053,194.04,1
52.854,15.841,2.8603,0.3434,0.1786,43.456,47.893,11.464,0.2426,253.25,1
78.904,26.613,3.4931,0.1497,0.075,65.581,66.146,13.739,9.8964,197.4,1
35.428,17.821,2.8639,0.3447,0.2018,10.932,9.2904,-9.7121,8.1635,220.09,1
16.18,11.546,2.3032,0.6119,0.3756,0.4694,-3.1912,-7.2158,11.282,212.61,1
149.37,17.033,3.0722,0.2938,0.1757,-239.55,133.67,16.004,4.2585,301.39,1
22.11,10.269,2.1931,0.6026,0.3686,21.195,19.752,-11.335,14.836,189.37,1
33.943,19.73,2.9734,0.2616,0.1441,-4.6737,26.706,-9.2214,13.197,75.376,1
31.357,9.0167,2.4393,0.4945,0.3,-19.342,-21.372,6.1725,5.816,111.1,1
51.972,23.806,3.1432,0.1755,0.0939,23.577,20.61,-15.371,11.937,183.38,1
31.814,16.518,2.5871,0.3777,0.2005,37.244,28.823,-16.521,11.603,194.51,1
18.201,10.432,2.2304,0.6118,0.3147,22.799,10.079,5.6341,13.241,209.21,1
52.72,9.1759,2.4464,0.3828,0.2057,44.799,33.138,-6.6464,11.765,192.42,1
12.628,11.792,2.0512,0.7022,0.3778,15.93,-9.3186,9.4542,37.228,220.67,1
39.462,4.6474,2.3784,0.6234,0.4038,18.614,29.395,3.4627,14.006,166.73,1
88.994,25.228,3.5759,0.1567,0.0848,59.55,82.812,8.5703,0.3521,304.88,1
56.295,14.823,2.6263,0.2459,0.1241,35.826,20.052,-10.235,9.19,175.35,1
20.641,11.644,2.357,0.5582,0.3055,-1.7374,5.9444,10.997,59.013,65.517,1
49.584,23.431,2.9388,0.2084,0.1203,56.798,18.607,11.751,6.6105,216.88,1
85.054,30.14,3.991,0.1182,0.0615,-83.064,77.716,-16.878,2.82,258.32,1
18.437,15.692,2.5159,0.5244,0.3034,0.6647,-12.841,9.6849,87.312,110.3,1
22.096,6.646,2.1189,0.73,0.4068,-23.883,-11.716,-6.6937,13.389,163.28,1
83.844,31.816,3.588,0.1498,0.0853,77.584,92.368,25.672,3.2408,244.77,1
19.084,10.885,2.3181,0.6779,0.3486,-8.1817,17.038,-5.1244,3.947,150.86,1
62.64,30.039,3.1086,0.2103,0.1086,-40.423,52.1,-19.347,9.418,290.32,1
25.447,17.26,2.5815,0.4561,0.2294,11.748,16.088,-12.478,16.437,217.77,1
37.527,16.688,2.8998,0.2771,0.1442,3.4484,24.091,-11.917,4.995,183.93,1
21.891,6.8045,2.0881,0.7102,0.3633,-25.575,-6.672,6.6325,35.137,96.118,1
45.935,9.6648,2.5832,0.4439,0.2572,34.462,29.62,5.0541,0.077,201.37,1
94.115,33.548,3.7746,0.183,0.0979,-56.397,57.524,-22.162,3.425,343.44,1
59.42,9.2285,2.3738,0.4863,0.2854,-51.281,33.413,8.2191,9.183,86.503,1
26.627,11.173,2.4742,0.5604,0.3574,16.515,11.494,8.4577,84.204,133.62,1
54.318,28.912,3.8108,0.1382,0.0717,24.051,26.193,16.683,4.6472,131.49,1
106.98,41.799,3.5201,0.2062,0.1224,-50.117,-69.127,-35.764,0.4318,330.75,1
22.001,12.186,2.357,0.589,0.3319,22.512,15.669,9.0055,52.24,98.712,1
57.237,19.501,3.2156,0.2581,0.1482,-91.507,21.413,-9.0285,1.776,239.03,1
13.544,10.037,2.2999,0.817,0.4336,-14.441,-5.0898,11.805,18.638,203.8,1
73.974,21.925,2.8199,0.489,0.246,76.263,51.522,-11.353,8.09,284.79,1
27.999,15.007,2.3856,0.428,0.2654,-28.303,-24.762,2.7122,1.1388,158.91,1
24.375,10.493,2.3757,0.5137,0.3053,4.0677,20.003,-8.0053,38.542,125.95,1
27.463,6.955,2.1875,0.5714,0.3344,-12.28,-11.72,4.2132,8.5588,169.09,1
29.281,15.635,2.3962,0.4458,0.247,41.713,-18.992,-7.8863,26.472,83.265,1
89.544,26.678,3.3537,0.1754,0.099,53.27,81.633,-4.1297,4.985,261.14,1
21.543,16.597,2.754,0.4863,0.2899,23.383,11.515,13.394,13.874,207.44,1
13.128,10.673,2.1189,0.7757,0.4677,13.653,2.9765,10.668,41.212,101.67,1
12.699,11.694,2.1055,0.7137,0.3804,15.577,-8.1995,-10.677,7.8517,95.342,1
107.94,53.367,4.3789,0.0734,0.038,67.114,85.667,-28.129,1.6793,292.55,1
36.429,32.621,3.4793,0.2149,0.109,30.236,23.029,22.496,43.611,102.9,1
65.596,21.792,3.0821,0.1929,0.1113,34.604,35.616,6.5158,3.7884,217.32,1
104.08,16.907,2.9479,0.2525,0.1347,71.955,113.5,-8.154,3.2728,258.1,1
107.43,66.435,4.4152,0.0615,0.0312,2.1942,80.435,38.315,0.108,306.57,1
24.185,0,2.1021,0.7115,0.3676,0,0,12.683,1.307,103.95,1
21.152,10.502,2.1584,0.5625,0.316,5.3768,-17.103,9.1288,12.969,137.15,1
30.047,10.923,2.5004,0.6161,0.4502,-31.199,-15.319,7.6776,5.4907,299.26,1
20.942,12.048,2.3589,0.5208,0.2648,-2.3973,9.9103,-10.892,1.011,147.22,1
80.544,32.135,3.9092,0.1294,0.0685,-14.81,68.526,-11.748,1.032,289.7,1
64.194,20.212,2.8615,0.3054,0.1768,-81.247,36.105,10.207,1.1672,258.54,1
40.387,12.9,2.6998,0.2894,0.1667,19.25,19.401,-3.7576,5.954,200.19,1
37.697,20.448,3.1074,0.2538,0.1449,33.562,14.308,-11.986,0.0179,141.71,1
21.339,10.497,2.2529,0.5531,0.3045,-5.8033,17.476,9.7582,17.132,55.609,1
71.8,26.993,3.0418,0.2552,0.1367,-30.536,51.298,-7.8641,8.8913,312.86,1
28.018,15.387,2.7356,0.4191,0.227,31.301,24.32,5.9005,3.306,198.39,1
53.039,20.23,3.0699,0.2384,0.1205,-31.07,30.996,-15.619,8.5516,197.13,1
76.8,28.151,3.4847,0.1805,0.1099,-82.926,56.35,-21.627,0.442,258.17,1
28.637,15.981,2.639,0.4225,0.2331,38,16.838,-15.918,2.3458,127.41,1
19.102,7.4717,2.1477,0.7402,0.4591,0.6551,-5.1883,4.0668,23.333,56.894,1
20.648,15.852,2.42,0.4068,0.2186,0.3193,-9.9218,-6.4436,62.071,75.016,1
29.151,21.855,3.1318,0.3241,0.1702,7.8523,6.3735,14.879,11.62,111.53,1
18.648,10.283,2.42,0.5856,0.2985,24.02,8.9539,5.2148,49.141,198.23,1
67.601,25.977,3.0962,0.2941,0.1494,-3.3199,31.675,11.273,1.37,326.56,1
68.637,35.191,3.2819,0.1609,0.0807,15.926,47.822,-37.138,2.245,250.33,1
20.903,7.0846,2.0273,0.723,0.3803,23.465,11.403,6.0662,25.922,202.87,1
27.21,15.867,2.6075,0.4568,0.263,2.3111,18.934,-5.6497,10.039,86.14,1
16.317,11.013,2.2718,0.6631,0.4198,2.8513,-5.0345,-8.4312,13.689,266.5,1
35.518,13.235,2.6613,0.362,0.2148,2.2895,28.775,-10.416,4.565,158.24,1
18.982,15.126,2.4158,0.5029,0.2591,-8.6229,17.878,-9.7685,23.387,238.32,1
34.844,27.244,3.1901,0.1885,0.1023,21.888,-20.809,18.295,14.171,187.75,1
29.048,13.151,2.48,0.4338,0.2334,-41.92,16.938,5.7436,0.212,192.27,1
29.698,0,2.3284,0.6338,0.4014,0,0,-17.636,9.01,105.22,1
45.635,17.195,2.7792,0.2893,0.1471,-60.219,-24.97,-10.577,6.005,239.81,1
66.535,23.889,3.2463,0.2133,0.1279,14.581,63.829,-18.746,9.559,249.04,1
35.627,10.078,2.5849,0.4551,0.2666,1.9398,-21.44,4.58,18.357,179.78,1
13.062,10.718,2.1319,0.7675,0.476,-13.515,3.2992,9.7846,43.25,258.76,1
26.732,10.33,2.3274,0.4424,0.2282,11.896,20.775,6.335,22.5,136.46,1
39.996,13.357,2.7547,0.3272,0.1996,15.608,-26.087,-11.744,6.032,203.13,1
55.91,23.587,3.0226,0.2174,0.1134,-6.4881,46.876,10.156,10.581,248.01,1
23.486,0,2.2393,0.7378,0.3775,-2.9397,13.092,0.0001,19.341,235.34,1
43.269,19.801,2.6977,0.2568,0.1314,-4.9028,-36.329,-15.218,1.5744,191.88,1
16.878,11.345,2.2068,0.5776,0.3261,-0.532,4.3752,-5.6694,12.778,132.6,1
23.123,19.102,2.9906,0.417,0.2488,-2.0355,12.954,-8.1346,40.312,62.183,1
82.995,23.863,3.1989,0.2258,0.1135,-5.5819,62.114,17.42,2.9285,325.08,1
64.368,21.877,3.1679,0.1685,0.0893,-39.012,-36.441,9.813,8.17,274.61,1
39.588,20.286,3.2625,0.2683,0.138,29.037,22.591,-15.334,9.216,78.18,1
40.865,21.658,3.0775,0.2551,0.1284,21.214,-34.129,11.876,0.785,203.58,1
29.862,19.26,2.769,0.3217,0.2136,7.2087,-17.262,-8.3895,63.944,56.519,1
20.639,16.565,2.4116,0.438,0.2384,-0.9615,6.9154,11.048,41.187,101.55,1
44.769,21.162,2.954,0.2879,0.1584,29.077,44.716,17.715,10.713,166.42,1
19.585,11.55,2.2788,0.6579,0.45,12.036,20.133,9.5088,11.428,169.58,1
72.324,30.953,3.466,0.1549,0.0857,-19.458,46.045,19.458,10.707,221.36,1
12.794,11.488,2.1123,0.7104,0.4131,-15.24,9.0086,-5.7111,60.835,70.44,1
38.326,15.826,2.6632,0.4473,0.3073,38.791,31.177,-9.6101,3.858,221.1,1
71.104,7.1559,2.525,0.6299,0.3328,-23.151,-43.017,8.0829,1.4405,338.58,1
20.435,18.016,2.6575,0.429,0.2409,16.1,-13.964,-14.048,27.749,231.71,1
47.898,17.038,2.7828,0.3067,0.1608,57.744,-19.638,10.256,4.0989,187.61,1
58.581,36.58,3.516,0.1753,0.0928,47.704,58.625,-21.759,6.582,150.3,1
26.134,9.7406,2.5883,0.511,0.2826,-30.764,-20.909,7.3484,2.897,128.08,1
72.343,24.857,2.8069,0.2761,0.1396,41.161,77.376,-9.0058,79.886,87.588,1
33.983,21.461,2.9085,0.279,0.1525,16.354,25.212,8.9375,23.745,206.75,1
20.56,11.914,2.3747,0.6413,0.3945,10.812,20.713,4.4688,82.457,173.16,1
35.121,23.129,2.9001,0.292,0.163,21.376,-20.562,20.776,0.143,179.93,1
88.868,35.238,3.8589,0.1438,0.0745,-53.381,84.188,-12.833,1.445,307.67,1
67.158,25.529,3.3554,0.2506,0.148,-45.516,54.42,3.5576,6.439,285.79,1
21.191,11.233,2.3945,0.5605,0.2883,-11.708,-19.239,-9.239,2.0243,145.64,1
30.999,13.547,2.6004,0.3814,0.2171,39.586,24.703,12.025,53.453,71.162,1
16.978,11.22,2.2989,0.5729,0.3442,0.2979,-3.5736,6.4646,65.595,63.903,1
23.036,12.78,2.4871,0.5244,0.2687,17.959,17.429,-6.2052,36.722,126.78,1
92.144,51.868,4.0217,0.1247,0.0626,6.728,27.075,33.232,3.949,337.99,1
17.3,11.09,2.3444,0.5566,0.3281,-0.1304,2.9214,6.0218,26.666,203.48,1
30.82,20.208,2.8831,0.322,0.163,-30.102,-19.121,-13.588,5.332,167.01,1
20.509,12.947,2.2999,0.4612,0.2531,-12.845,-10.014,-6.9457,76.949,226.75,1
12.984,11.208,2.1746,0.7492,0.4114,-14.801,6.0893,11.271,11.746,194.68,1
56.878,23.093,3.1113,0.202,0.1087,69.811,46.3,-16.846,8.474,221.53,1
24.214,16.572,2.4935,0.3884,0.2135,-11.298,-12.343,-13.708,3.387,234.54,1
40.03,12.934,2.4472,0.4643,0.2839,44.712,27.72,-12.546,4.6452,124.4,1
102.7,28.418,3.2973,0.2249,0.1162,-115.63,74.909,23.903,1.4659,318.44,1
19.508,7.4326,2.1569,0.7317,0.4355,0.8475,-6.1231,-4.7169,75.607,224.73,1
89.178,30.867,3.3215,0.2194,0.1243,-31.593,51.486,-14.141,3.221,299.15,1
102.5,41.161,4.1093,0.0975,0.0503,58.822,89.515,-27.289,2.84,268.61,1
24.184,21.626,2.5729,0.2834,0.143,-22.199,18.595,-15.275,52.148,152.06,1
82.374,22.98,2.8466,0.4157,0.2598,-68.637,-66.433,17.586,3.312,272.98,1
51.291,11.612,2.8338,0.2947,0.1503,35.993,50.514,4.8974,8.644,224.35,1
31.923,25.539,2.873,0.3389,0.1976,-0.7132,25.508,-6.917,44.207,158.97,1
57.999,15.368,2.4676,0.5826,0.3799,-31.576,-55.573,-10.838,0.2621,206.52,1
81.053,26.487,3.6683,0.1644,0.0926,1.8815,69.339,16.618,2.714,297.17,1
26.484,17.655,2.8759,0.3407,0.1737,-9.7976,20.712,14.257,9.2085,244.75,1
38.136,18.336,3.0356,0.2616,0.1469,30.234,20.936,11.856,10.124,192.83,1
31.121,16.69,2.8842,0.4178,0.2356,5.3973,19.224,-16.126,4.9423,184.25,1
61.114,17.89,2.9009,0.2626,0.1363,69.499,59.979,-9.41,7.7249,250.77,1
32.517,14.462,2.8624,0.3528,0.2189,14.238,24.71,6.4905,4.1346,201.94,1
12.983,11.25,2.1508,0.7491,0.3922,-14.958,4.9368,11.677,86.728,111.53,1
16.916,10.897,2.3032,0.6368,0.3905,2.053,-6.1137,-7.7358,4.058,79.684,1
36.405,18.769,3.0548,0.3015,0.1512,22.648,32.65,-14.772,0.8205,181.28,1
39.812,18.486,2.8024,0.3357,0.1757,5.2233,26.736,17.926,21.457,267.51,1
12.845,11.487,2.1917,0.7331,0.3762,-15.105,5.0576,-11.632,51.259,182.41,1
39.72,18.525,2.9222,0.2883,0.174,4.6451,34.645,12.457,10.505,162.21,1
87.031,19.284,2.7156,0.2676,0.1415,-77.393,-38.956,12.383,4.282,211.09,1
27.425,15.983,2.5557,0.4256,0.2184,-7.8399,-20.738,8.0424,25.877,161.07,1
74.18,24.552,3.3523,0.1591,0.0851,31.316,63.895,-10.155,4.9278,217.2,1
41.015,13.667,2.7716,0.3046,0.1565,14.298,28.07,-7.1876,6.297,223.44,1
46.936,14.461,2.8621,0.2734,0.1367,28.448,34.463,-8.3419,7.463,240.05,1
27.52,16.582,2.5809,0.3675,0.1877,-6.1815,18.164,12.441,14.777,103.04,1
59.325,23.957,2.6304,0.2553,0.1347,35.897,63.439,-9.2386,62.09,113.05,1
84.745,26.888,3.6902,0.1567,0.0972,-87.043,71.385,-16.144,5.3995,243.51,1
13.113,10.98,2.1917,0.7653,0.4148,-14.645,4.2116,-11.62,44.009,95.612,1
40.513,13.471,2.7952,0.3766,0.2236,-10.719,22.572,-4.9671,0.5263,156.26,1
70.587,25.278,3.3779,0.2077,0.1154,61.973,79.927,-12.086,1.0197,140.84,1
12.887,11.411,2.0512,0.7378,0.3867,15.085,-5.7947,11.548,70.059,136.7,1
26.44,7.0226,2.2945,0.6244,0.3731,-6.6369,-17.999,-3.8175,18.463,162.92,1
47.627,20.734,3.1353,0.2409,0.1476,47.129,26.186,-15.334,3.903,154.19,1
33.101,16.555,2.382,0.4108,0.2178,-20.568,-22.388,13.834,0.9654,211.73,1
87.353,27.08,3.6356,0.2006,0.1003,66.826,85.916,-15.176,1.466,276.86,1
60.88,23.504,3.2068,0.2627,0.1326,43.188,80.439,-17.919,63.581,56.246,1
19.772,7.0896,2.2,0.795,0.4132,21.009,13.035,-4.6869,10.774,129.52,1
19.302,15.386,2.5533,0.5035,0.2895,-20.087,-18.846,6.6393,5.4377,176.94,1
51.27,18.491,3.0376,0.3072,0.182,21.084,50.947,-12.355,1.0728,255.38,1
75.649,25.065,3.5016,0.1578,0.0802,49.481,62.294,14.092,5.0598,205.72,1
20.512,12.195,2.3375,0.5011,0.2828,0.9951,-6.0133,-10.84,17.229,140.76,1
32.557,25.388,2.9191,0.2361,0.138,21.626,18.328,-17.836,2.952,101.11,1
35.206,17.026,2.9167,0.2907,0.1472,25.057,22.263,7.967,10.463,251.91,1
23.936,15.729,2.4393,0.4836,0.2564,-20.962,-11.38,7.0833,86.605,211.77,1
16.48,10.98,2.2279,0.6272,0.4231,0.1965,-2.1514,8.2507,5.964,104.69,1
52.419,19.345,2.9146,0.3201,0.171,-75.829,-19.239,-12.309,6.271,283.81,1
37.822,18.562,3.0099,0.2463,0.1452,39.975,14.294,9.3195,4.3698,177.77,1
29.222,13.909,2.7482,0.4286,0.233,21.323,17.946,-10.053,23.553,161.47,1
75.533,29.007,3.2583,0.3608,0.2232,34.409,-47.649,21.16,2.405,365.04,1
32.829,21.082,3.1421,0.2819,0.146,7.5484,32.029,-5.0925,10.176,117.17,1
60.551,24.449,3.34,0.1947,0.1241,-15.86,-31.799,-17.425,11.12,144.59,1
19.793,7.0144,2.2266,0.8012,0.4303,20.417,13.668,4.6913,3.82,175.94,1
23.697,18.158,2.6556,0.4486,0.2464,9.0056,19.203,15.581,32.725,126.36,1
83.537,21.406,3.1119,0.1955,0.1171,59.388,83.834,-10.778,3.3923,273.53,1
90.867,72.81,3.8226,0.1432,0.0753,36.369,47.942,-90.567,6.433,304.94,1
76.805,9.1501,2.4914,0.4742,0.2565,-48.717,-75.643,-6.6689,4.8437,161.85,1
48.492,35.207,3.6612,0.1643,0.0852,15.515,28.151,-27.894,5.684,65.943,1
60.996,24.629,3.037,0.2149,0.1189,71.618,-23.902,-17.816,7.308,189.41,1
26.532,15.666,2.5664,0.3419,0.1886,-20.509,15.239,8.9914,15.974,162.96,1
25.667,20.517,2.8692,0.3392,0.2034,0.642,-17.788,-13.69,68.654,40.807,1
38.889,9.1549,2.4495,0.5648,0.3037,32.687,-22.511,5.205,28.699,222.01,1
86.273,38.376,4.097,0.0896,0.0462,50.978,81.619,14.532,5.2854,187.75,1
29.081,14.96,2.3086,0.4619,0.2531,27.555,22.79,-10.432,29.987,156.95,1
77.817,13.399,2.6439,0.3837,0.1986,-35.04,-54.224,-11.3,2.219,161.8,1
70.477,24.171,3.0459,0.242,0.1498,-77.238,53.603,18.376,4.0389,262.88,1
23.801,13.984,2.5688,0.4318,0.2686,-4.7733,-14.993,-7.0968,5.753,229.12,1
71.764,25.328,2.8172,0.3123,0.1759,67.28,59.328,13.095,6.9898,221.05,1
21.992,6.5944,2.1717,0.734,0.4343,22.597,13.699,-6.6407,11.664,210.14,1
41.754,9.6036,2.5099,0.3431,0.1808,-60.023,-14.994,5.8015,59.954,72.947,1
28.286,9.793,2.3434,0.449,0.229,42.905,-19.386,6.6437,15.2,221.95,1
29.926,9.5265,2.4541,0.5448,0.2865,10.493,17.059,-5.2099,0.255,218.33,1
65.93,14.651,3.1081,0.322,0.2047,-61.738,58.062,11.904,2.038,268.38,1
51.974,13.301,2.6217,0.399,0.2282,53.498,47.534,10.79,7.673,174.28,1
20.062,12.798,2.4764,0.4508,0.2354,0.951,-6.4041,8.6563,54.584,146.88,1
51.626,17.139,2.7853,0.3311,0.2139,42.983,40.089,8.2603,1.8065,201.67,1
40.316,24.609,3.2907,0.2084,0.1073,4.8953,25.248,-7.4747,5.5798,109.26,1
57.769,20.681,3.1963,0.2348,0.1244,67.472,48.195,-14.291,6.944,206.16,1
50.696,34.923,3.8675,0.1511,0.0784,49.149,40.381,22.307,13.765,127.81,1
35.366,13.608,2.5004,0.3791,0.2038,9.7695,-19.919,-11.286,69.35,121.49,1
39.588,21.688,2.7727,0.2835,0.1578,16.305,36.676,10.763,17.929,220.99,1
47.95,27.721,3.0075,0.1808,0.0919,30.548,11.012,17.522,11.218,178.37,1
28.134,24.69,3.0552,0.2589,0.1458,26.672,-10.041,18.395,19.309,139.72,1
23.616,14.286,2.5752,0.508,0.3285,9.7691,16.852,-9.8192,25.219,132.28,1
39.168,12.384,2.6469,0.3269,0.168,37.121,25.2,-7.0187,27.422,207.38,1
33.298,13.138,2.7054,0.4631,0.2867,20.433,24.331,-9.659,14.854,179.51,1
55.441,23.439,2.8106,0.2939,0.1601,59.676,51.074,8.5967,5.035,256.9,1
53.167,22.571,2.9292,0.1978,0.0995,9.7176,37.251,-7.1868,22.289,178.84,1
18.394,10.555,2.2529,0.5419,0.271,1.0595,-7.0101,-4.2092,26.545,204.12,1
82.936,9.0892,2.3784,0.5816,0.3117,74.732,38.826,-7.1966,2.376,291.25,1
81.084,26.741,3.4593,0.25,0.153,-20.865,61.717,-12.829,0.572,320.17,1
99.996,16.159,3.2382,0.2872,0.1627,83.513,109.11,-8.6632,0.12,250.28,1
17.627,10.651,2.29,0.6103,0.3615,-1.0927,5.9135,7.0149,25.201,143.44,1
37.716,19.012,2.8567,0.3658,0.194,30.022,34.101,9.5223,21.865,85.091,1
20.473,7.1644,2.1658,0.744,0.3788,-23.024,-11.596,-5.6959,79.154,206.59,1
39.589,15.164,2.708,0.2958,0.1499,-1.3452,-9.7493,7.9138,14.175,209.95,1
12.476,11.994,2.1889,0.6861,0.3592,16.476,-10.018,-8.6522,45.626,150.34,1
24.424,13.352,2.3212,0.5298,0.3174,14.019,14.012,-11.315,9.092,152.06,1
27.054,9.966,2.2683,0.442,0.2345,-8.1857,-18.756,-7.1238,14.518,67.557,1
20.784,15.795,2.5899,0.491,0.3021,24.241,11.997,7.5164,16.093,222.37,1
23.908,21.72,2.8932,0.3402,0.1707,14.983,21.856,12.413,18.596,116,1
42.241,21.176,2.9959,0.2181,0.1186,25.186,-19.02,13.489,16.108,136.24,1
20.191,7.3261,2.1319,0.7159,0.3948,-1.1041,7.4288,-5.505,18.286,80.661,1
13.018,10.674,2.2999,0.7619,0.4887,13.249,-3.2605,8.3499,84.368,60.939,1
18.301,10.58,2.2095,0.5556,0.2809,-24.381,-8.0881,-4.4036,13.462,135.05,1
19.224,12.836,2.5139,0.5391,0.3017,-16.285,-11.063,7.3655,11.049,165.48,1
80.942,26.194,3.5336,0.1706,0.0947,-84.816,60.569,22.939,0.0974,275.66,1
53.094,17.864,2.9157,0.2429,0.1354,2.678,34.899,-9.3369,0.5989,228.53,1
39.19,16.956,2.4579,0.3798,0.1899,30.346,-22.006,-7.664,5.222,180.76,1
19.808,17.382,2.6299,0.3962,0.2263,0.6957,-6.7164,6.4482,27.797,53.124,1
31.974,13.43,2.9263,0.4254,0.2198,13.615,19.928,7.6096,7.192,161.5,1
27.575,15.389,2.7664,0.4007,0.2115,11.818,20.493,-11.018,0.8311,191.69,1
21.23,12.299,2.2889,0.4627,0.2442,0.5732,-6.5729,-10.802,43.835,165.16,1
35.115,17.801,2.9096,0.3842,0.2063,37.045,35.004,8.3877,16.611,142.51,1
63.43,28.096,3.0054,0.1748,0.0953,37.038,45.827,19.516,5.5364,123.3,1
44.089,21.713,3.0934,0.2379,0.1222,4.0629,29.427,13.508,13.6,213.8,1
24.238,10.944,2.4385,0.5173,0.3333,9.9459,21.37,-5.7577,10.936,178.88,1
83.694,33.995,3.6327,0.1253,0.07,48.235,67.644,-22.188,7.9368,258.03,1
75.183,28.425,3.3473,0.196,0.1063,-103.58,56.255,25.746,4.178,257.12,1
68.773,19.149,2.9245,0.2986,0.1648,-87.338,23.028,-17.341,2.2482,243.14,1
25.375,16.527,2.57,0.428,0.2275,6.4742,17.515,10.435,47.301,46.407,1
13.121,10.546,2.2317,0.7801,0.4839,-13.285,-4.7347,10.339,71.836,72.283,1
33.954,20.072,2.6395,0.3119,0.1594,14.985,-29.038,-19.275,1.9921,195.1,1
20.07,11.559,2.3118,0.5854,0.3195,-10.722,-19.282,-8.4031,13.73,193.32,1
22.379,12.851,2.2833,0.6146,0.3776,-11.37,-17.002,-8.4161,10.719,65.739,1
21.41,6.9318,2.1123,0.7027,0.39,-23.693,-11.5,6.3929,80.55,207.26,1
12.717,11.641,2.224,0.7045,0.397,15.64,-9.4332,6.8921,27.85,73.911,1
32.045,24.604,3.2565,0.2632,0.1421,25.961,16.326,-21.127,65.263,51.98,1
31.172,16.945,2.8089,0.2981,0.1561,33.184,9.5701,-6.909,46.111,59.682,1
24.398,14.559,2.2956,0.5013,0.2759,-15.287,-9.8324,11.211,21.322,74.374,1
57.331,29.038,3.5721,0.1441,0.0778,47.933,50.171,15.973,0.189,185.35,1
24.826,14.281,2.4706,0.5821,0.3029,-10.557,-21.643,8.9713,5.4415,186.32,1
26.46,15.98,2.3747,0.3797,0.2089,1.2693,5.2042,4.5312,38.543,39.979,1
54.477,14.092,2.863,0.2125,0.109,67.188,38.497,-6.2183,0.343,225.48,1
21.389,11.314,2.2355,0.5988,0.3866,14.21,19.836,-7.4647,40.003,236.69,1
27.302,9.517,2.3531,0.4523,0.2328,35.488,18.14,6.761,8.1796,201.57,1
47.195,13.559,2.8028,0.3591,0.1992,-21.943,30.874,10.815,8.021,158.68,1
16.958,11.24,2.3096,0.5784,0.326,2.114,-7.0445,-5.9002,49.1,41.886,1
21.129,12.648,2.5218,0.5895,0.3654,20.475,19.559,5.9315,24.538,173.3,1
80.86,19.555,3.0026,0.3519,0.2609,-83.104,46.274,18.393,2.788,257.5,1
28.212,16.297,2.5705,0.3199,0.1626,0.3502,-20.886,13.133,10.77,255.26,1
67.214,18.179,2.8624,0.2457,0.1242,-80.986,60.706,16.89,5.559,281.42,1
79.863,29.731,3.2451,0.1461,0.0753,12.403,63.407,16.137,16.355,241.14,1
34.688,12.4,2.5472,0.3461,0.1745,26.302,-18.901,8.8459,12.095,131.33,1
73.165,32.281,3.8581,0.1517,0.0787,7.5152,63.083,20.457,4.5252,244.06,1
44.91,11.85,2.4346,0.4191,0.2224,45.424,38.515,7.7625,9.7647,224.68,1
33.467,14.859,2.4082,0.4141,0.209,10.684,-22.663,4.5012,2.9606,216.29,1
47.544,16.81,2.7782,0.2483,0.1275,-10.932,-34.843,-8.742,1.799,222.75,1
20.333,17.306,2.6707,0.4098,0.2231,11.388,-9.36,12.863,89.616,164.02,1
103.36,21.707,3.2955,0.2451,0.136,50.242,105.71,-13.133,1.696,158.33,1
34.685,29.309,3.2351,0.2351,0.1207,5.6537,23.716,-10.066,13.672,131.71,1
65.595,21.573,3.0368,0.2701,0.1373,23.742,32.597,8.9768,4.202,262.33,1
12.937,11.227,2.2055,0.7414,0.4268,-14.681,7.2484,-10.176,31.093,234.15,1
43.264,16.634,2.8122,0.2881,0.1656,-40.892,-29.562,-13.627,0.0951,169.08,1
19.186,10.058,2.1818,0.5461,0.2862,25.299,6.6295,-4.2899,0.167,181.18,1
34.937,14.245,2.7408,0.3815,0.2334,-2.2511,30.316,10.569,9.034,179.79,1
32.368,11.56,2.3766,0.4118,0.2248,40.661,18.099,11.608,7.9729,208.17,1
40.11,23.866,3.2044,0.2142,0.1096,7.6748,26.493,-13.991,4.0619,110,1
34.861,18.896,2.9332,0.2519,0.1359,16.429,18.168,9.0215,5.772,198.03,1
12.965,11.103,2.1055,0.7451,0.4431,14.35,-6.9602,-9.5272,32.513,239.58,1
30.483,19.21,2.5569,0.405,0.2067,28.956,-15.118,20.255,5.7732,167.26,1
19.543,14.862,2.3212,0.5012,0.284,-6.4161,17.282,6.6534,50.575,212.69,1
40.111,7.4124,2.281,0.5759,0.322,25.872,18.8,-4.242,0.7557,181.72,1
28.161,24.439,2.9996,0.2613,0.1637,12.82,19.821,-17.089,9.4205,65.121,1
21.313,9.624,2.2095,0.6049,0.3611,-2.5526,14.61,9.5627,7.096,234.97,1
43.824,16.847,2.7712,0.3014,0.1634,46.817,-23.056,14.296,2.746,243.78,1
18.244,11.813,2.3664,0.5677,0.4108,-0.2505,-3.9872,-11.444,68.354,189.54,1
13.406,10.384,2.1833,0.8,0.423,-14.553,-4.2589,11.845,49.667,124.4,1
27.873,14.786,2.3598,0.3843,0.2031,-3.2826,-22.839,9.9961,2.275,179.09,1
167.85,12.722,2.3434,0.4717,0.2381,-101.78,-137.19,-9.467,73.75,64.942,1
65.76,24.53,3.1995,0.2697,0.1456,39.914,64.812,18.448,4.654,266.44,1
26.995,14.051,2.5658,0.5082,0.3193,-23.792,-24.818,10.334,5.7653,159.17,1
24.973,18.185,2.3483,0.3946,0.2085,1.7972,5.7024,10.985,8.447,110.44,1
44.955,18.914,2.7885,0.2799,0.1408,-14.251,-35.415,-11.316,18.517,182.32,1
19.304,12.957,2.5676,0.5196,0.3234,-12.639,-13.643,-4.282,18.056,245.68,1
76.678,20.177,2.8212,0.2838,0.1517,-83.491,54.486,20.757,1.2118,257.41,1
38.328,18.183,2.842,0.2532,0.1388,-39.109,-26.774,12.636,13.576,208.58,1
34.227,24.047,3.1511,0.2331,0.1176,36.221,20.049,7.5914,4.551,144.79,1
35.225,18.212,2.902,0.287,0.166,27.609,25.44,8.548,27.278,168.34,1
87.528,23.746,3.4542,0.2164,0.1281,-43.071,63.834,6.8093,2.617,296.42,1
56.542,46.894,3.1996,0.2229,0.1127,-78.345,51.253,61.631,24.289,279.47,1
29.61,13.938,2.4969,0.4904,0.2659,30.503,-13.704,7.5289,53.624,27.99,1
24.143,0.0028,2.0881,0.7102,0.3633,-27.796,-12.345,0,59.396,181.11,1
80.625,27.159,3.1872,0.193,0.101,51.516,68.801,-12.351,1.804,307.82,1
79.72,25.455,3.472,0.1251,0.0629,96.473,65.587,-16.873,2.8691,233.09,1
25.755,7.7716,2.3032,0.6617,0.3458,-14.128,14.834,5.1149,7.3793,153.14,1
139.14,23.95,2.9839,0.218,0.1199,102.1,153.37,-24.562,10.419,241.48,1
47.101,23.564,3.043,0.2183,0.1309,51.588,22.166,19.228,1.477,155.44,1
73.038,22.268,3.4429,0.1745,0.0932,72.673,63.885,11.834,2.13,282.81,1
31.842,20.539,2.9703,0.2934,0.1761,16.018,23.414,14.404,7.063,174.56,1
122.6,35.798,3.6811,0.1661,0.0962,-53.176,19.033,23.659,10.239,291.85,1
93.726,27.876,3.2193,0.1895,0.1065,44.605,113.07,-19.678,18.6,165.46,1
86.539,44.057,4.033,0.1068,0.0551,20.939,102.95,47.993,9.7698,214.05,1
67.368,21.692,2.9093,0.1651,0.0844,2.1033,17.832,-9.255,13.062,200.6,1
87.515,22.114,2.8713,0.2286,0.119,-67.17,62.171,-17.986,12.368,263.99,1
92.9,27.648,3.3638,0.2237,0.1352,-42.754,71.796,-28.444,1.324,318.75,1
21.364,6.9235,2.1123,0.7104,0.3977,23.311,12.079,-6.3617,22.934,82.755,1
35.766,12.344,2.5916,0.3969,0.2266,32.541,25.042,10.063,6.9809,153.46,1
86.088,36.259,3.4839,0.2359,0.1337,-12.893,-56.746,-4.0291,4.158,372.98,1
79.728,28.28,3.5529,0.1722,0.1035,55.741,68.21,-10.831,7.103,222.65,1
101.17,27.077,3.3387,0.2224,0.1126,-144.45,-41.092,5.6413,1.0165,355.03,1
72.003,44.486,3.8963,0.1368,0.0724,36.699,74.393,-31.508,0.346,62.356,1
19.713,9.4478,2.3464,0.6081,0.3761,22.012,12.603,-3.8002,26.358,199.79,1
28.799,11.952,2.4216,0.3788,0.1913,40.802,11.358,6.4978,0.9082,223.23,1
81.992,31.931,3.7042,0.1184,0.0617,24.426,73.939,-16.532,3.5195,241.16,1
15.258,11.942,2.4698,0.6542,0.3983,-1.0343,-2.0711,-7.6607,48.965,37.562,1
29.385,10.019,2.2776,0.4749,0.2507,17.073,8.6749,11.82,7.1928,153.61,1
95.448,24.122,3.7656,0.1844,0.0968,59.27,86.218,-15.742,0.601,256,1
92.775,1.141,2.3522,0.6267,0.3533,-95.051,-66.295,-0.9609,3.0299,326.51,1
76.76,21.305,2.9854,0.2203,0.1143,-106,48.867,12.665,4.141,279.83,1
28.107,13.507,2.6585,0.483,0.2426,22.213,22.851,9.4438,31.39,193.54,1
49.541,18.069,2.8338,0.2346,0.1254,-7.3899,-26.484,-13.459,0.699,202.58,1
65.675,18.789,2.8401,0.3512,0.1857,-46.1,43.616,19.037,1.0087,294.65,1
55.464,16.456,2.6309,0.3275,0.1813,67.068,-15.671,11.438,10.662,172.29,1
18.864,7.0231,2.3043,0.8337,0.4194,-7.5519,12.304,-2.664,50.318,167.84,1
24.437,0,2.0273,0.6948,0.3615,28.31,11.476,0,19.309,157.15,1
71.489,23.992,3.2861,0.2111,0.1079,-46.536,54.741,-17.148,3.3555,283.43,1
33.647,16.468,2.5165,0.3805,0.1963,35.149,-16.046,-8.573,30.914,64.929,1
19.83,7.3303,2.2541,0.7521,0.4095,2.8528,-9.7666,5.0346,13.794,108.46,1
80.248,24.886,3.5431,0.1893,0.1015,69.872,65.641,-10.509,0.646,252.37,1
18.19,17.159,2.3589,0.4945,0.2473,0.2891,5.3279,17.334,2.5785,104.29,1
22.633,10.739,2.29,0.5897,0.3154,17.304,17.755,-2.4762,5.8519,256.42,1
22.364,10.636,2.4393,0.5091,0.2564,24.193,18.031,-9.5344,9.9173,203.77,1
12.988,10.482,2.1804,0.7591,0.5116,-12.689,-4.6937,4.7681,85.665,135.75,1
22.207,10.355,2.3464,0.545,0.2725,24.197,17.773,-10.24,31.234,151.51,1
18.375,10.174,2.4014,0.6389,0.3393,22.007,11.09,-5.899,17.161,49.713,1
29.015,20.734,2.9521,0.3428,0.1759,7.1935,26.556,-17.831,31.796,154.15,1
19.939,12.687,2.485,0.4615,0.2635,0.3023,-4.4867,9.6364,75.848,118.12,1
63.077,28.533,3.3701,0.1911,0.1064,50.923,51.376,14.716,6.295,267.43,1
60.278,20.718,2.8901,0.2151,0.1204,26.953,45.248,16.635,25.92,188,1
19.666,6.9833,2.1889,0.8091,0.4369,20.073,13.816,4.4315,21.319,109.87,1
29.343,14.335,2.5192,0.3933,0.2254,7.481,17.371,-10.117,85.89,47.25,1
28.049,11.899,2.5085,0.5767,0.3612,32.233,15.028,11.409,8.2259,182.56,1
29.591,18.596,2.7122,0.3899,0.1988,20.278,16.672,9.4868,16.103,130.7,1
21.09,11.704,2.2455,0.6136,0.3324,10.505,20.328,-8.2767,17.201,196.73,1
34.757,12.378,2.6004,0.3563,0.1794,-4.9477,18.219,8.917,18.34,155.68,1
39.548,21.621,2.5211,0.494,0.2786,-5.1744,-12.281,16.887,23.659,325.93,1
94.674,33.596,3.9912,0.1232,0.0616,108.85,80.329,19.102,1.437,305.61,1
24.671,14.975,2.5883,0.449,0.2594,18.676,10.385,-9.3636,21.437,176.78,1
25.024,18.405,2.5453,0.4672,0.2949,2.8213,-21.741,-15.211,29.556,141.12,1
32.007,17.992,2.9325,0.2897,0.1571,20.427,23.943,7.9866,16.472,174.25,1
24.167,18.468,2.6294,0.3498,0.2031,12.334,-10.817,12.967,8.688,229.64,1
21.526,10.219,2.5447,0.622,0.4322,4.4733,17.913,-9.1012,16.63,216.86,1
45.467,14.686,2.699,0.328,0.205,55.866,-30.704,-6.9127,5.028,222.08,1
21.526,19.255,2.4579,0.4843,0.3118,18.381,16.047,-16.514,3.88,78.048,1
21.311,6.7047,2.0774,0.7448,0.4561,20.971,15.021,-6.3024,82.994,117.52,1
38.146,14.206,2.7931,0.4541,0.2359,1.9747,25.11,9.5373,1.4627,228.44,1
21.252,12.612,2.4433,0.5586,0.3081,24.33,15.152,8.9115,51.173,204.29,1
88.949,22.009,3.5943,0.1677,0.0882,46.274,79.384,-12.182,1.388,256.05,1
12.98,10.989,2.1351,0.7473,0.4579,-14.025,6.5432,8.7183,49.544,70.491,1
19.299,10.625,2.3118,0.6927,0.3488,7.6935,-16.805,7.2858,37.288,130.03,1
22.45,11.835,2.6294,0.5047,0.3087,-14.092,-5.5442,-7.4292,9.0379,124.45,1
84.422,36.412,3.6229,0.2002,0.1085,11.978,43.863,4.2585,4.2808,351.71,1
23.012,15.705,2.723,0.4711,0.2602,2.81,-17.644,-11.426,32.861,158.46,1
21.351,10.113,2.3054,0.6436,0.3985,19.749,19.849,11.552,41.995,177.48,1
91.424,28.196,3.673,0.2306,0.1162,3.5466,46.941,-15.345,1.781,365.29,1
53.732,23.346,2.9617,0.1933,0.0999,66.247,43.596,9.9487,3.667,252.21,1
13.248,10.641,2.3334,0.7842,0.4385,14.207,3.8366,-11.59,57.446,207.36,1
25.592,14.881,2.5065,0.4673,0.2383,-36.528,11.354,-12.653,36.394,147.71,1
44.191,16.601,2.873,0.2786,0.1695,15.365,36.743,8.4497,8.469,195.02,1
42.275,22.156,3.0936,0.262,0.1415,15.067,26.185,-19.302,21.655,212.25,1
88.58,18.156,2.9206,0.2665,0.1375,-106.12,74.837,-17.924,7.9233,257.16,1
32.214,17.012,2.8995,0.344,0.1834,9.4786,14.41,-11.701,0.596,206.21,1
34.534,20.855,2.6021,0.4,0.2362,28.281,34.107,-16.634,9.6722,262.14,1
34.181,15.886,2.7821,0.3518,0.2056,1.8633,25.888,6.518,4.2283,189.16,1
42.246,23.912,3.2827,0.2154,0.1119,48.4,32.072,13.991,15.024,156.76,1
76.134,23.796,3.3493,0.2228,0.1125,31.722,57.456,14.085,0.5748,265.94,1
36.637,17.866,2.4983,0.2921,0.1476,-51.374,14.5,-13.728,15.401,157.47,1
40.829,13.151,2.6299,0.3494,0.1887,59.905,21.168,11.826,26.798,136.24,1
28.209,14.463,2.7235,0.3951,0.2127,-11.692,-22.924,7.6222,24.821,140.83,1
48.359,21.643,2.7585,0.3958,0.2188,32.863,58.242,-16.354,41.203,148.7,1
95.62,34.741,3.1987,0.1867,0.0965,115.23,54.17,30.982,28.55,210.98,1
87.13,45.278,4.0839,0.0946,0.0516,35.977,77.529,36.787,3.0206,262.81,1
12.3,12.194,2.07,0.6723,0.3362,15.004,-1.2074,11.002,24.864,165.29,1
36.818,14.375,2.8615,0.2916,0.1479,28.513,10.891,8.699,14.32,192.92,1
80.329,27.593,2.6571,0.293,0.1487,-33.319,-92.146,27.72,66.855,189.86,1
26.156,9.9788,2.3701,0.5416,0.2921,29.668,21.948,5.9681,61.282,95.288,1
60.363,24.471,2.776,0.2379,0.1248,-46.954,-35.355,-16.169,9.802,121.84,1
95.878,34.706,3.8521,0.1568,0.0846,-43.046,43.099,-12.547,1.397,336.65,1
22.561,19.442,2.7033,0.3881,0.2069,33.404,6.7109,-10.066,0.1159,170.84,1
36.697,20.109,2.7582,0.2757,0.1492,33.871,-22.843,10.748,4.74,171.47,1
65.359,22.512,3.4736,0.2205,0.1356,26.308,72.964,-14.127,2.929,206.19,1
24.626,20.403,2.7742,0.3583,0.1825,0.7576,21.678,13.113,29.39,163.5,1
26.685,12.79,2.5804,0.4074,0.2457,14.771,11.63,8.545,1.048,164.62,1
19.681,11.646,2.301,0.61,0.3525,-11.449,-19.236,-5.561,12.915,188.06,1
24.073,15.364,2.666,0.3862,0.1931,9.3779,10.159,-13.154,0.132,146.12,1
77.023,25.032,3.2476,0.2482,0.1496,-60.278,51.947,-14.594,4.1493,270.6,1
27.346,16.069,2.6064,0.3144,0.1597,-26.238,-14.526,-11.433,8.19,125.04,1
30.599,10.799,2.5276,0.4273,0.2389,17.678,-17.538,9.6167,2.5729,184.85,1
52.176,19.914,2.7828,0.3545,0.1822,55.827,41.795,9.486,11.952,208.07,1
26.566,9.3013,2.4273,0.5084,0.2897,10.99,-13.094,4.8926,5.6489,177.45,1
43.164,19.679,2.9015,0.2459,0.1286,43.649,32.172,-13.947,11.419,176.62,1
31.086,18.567,2.6767,0.4168,0.2768,17.519,24.088,16.691,32.053,144.29,1
26.418,16.244,2.3979,0.424,0.242,-33.81,-14.707,-9.8047,52.269,108.75,1
32.194,15.417,2.8058,0.3253,0.179,-4.9948,-9.731,-9.6865,19.606,155.66,1
21.404,14.019,2.6345,0.4756,0.2425,-0.8443,7.505,-5.0448,2.3372,136.33,1
61.517,14.857,2.7694,0.3248,0.1692,64.198,51.681,6.3019,1.2306,243.48,1
56.481,34.554,3.3925,0.1632,0.0824,-59.236,36.441,-18.247,1.129,268.96,1
12.503,11.963,2.1973,0.6921,0.3587,-16.101,8.9941,-10.29,39.702,151.75,1
19.953,6.5626,2.2292,0.8201,0.5162,17.648,16.528,-5.1195,56.684,189.3,1
65.668,29.529,2.8751,0.2893,0.178,-38.032,-40.011,-31.667,9.9265,286.93,1
19.643,15.489,2.4241,0.4746,0.2768,-4.9703,17.084,8.1319,51.069,252.67,1
95.278,23.941,2.9689,0.2825,0.1606,-121.83,76.439,17.434,4.9547,278.1,1
24.58,0,2.0626,0.7359,0.4372,-24.805,-16.963,0,88.091,155.97,1
40.645,13.336,2.5855,0.387,0.2247,-1.907,-28.978,9.952,5.7872,232.28,1
22.526,18.527,2.5855,0.387,0.2325,-18.512,-8.7272,-9.1071,39.33,99.147,1
21.097,8.621,2.3617,0.6391,0.4022,-2.8595,13.912,10.416,5.361,104.98,1
55.773,17.49,2.6781,0.2497,0.1291,-81.128,34.825,12.231,10.49,187.7,1
19.114,10.135,2.3522,0.5422,0.2867,-25.173,-6.977,3.5544,40.884,69.699,1
28.583,17.052,2.6594,0.3527,0.2026,-15.635,-16.206,-3.6791,3.05,181.16,1
84.037,35.172,3.7263,0.1745,0.0921,7.8038,53.059,10.118,0.401,336.46,1
38.411,29.424,3.4013,0.2239,0.1228,11.206,26.292,-13.197,0.167,90.103,1
36.956,16.235,2.9645,0.3429,0.2111,3.4052,18.998,-6.5638,2.511,185.96,1
53.141,19.032,2.7868,0.2369,0.1234,85.801,-47.42,6.9362,2.7357,193.56,1
28.1,18.569,2.8663,0.3592,0.2143,19.437,19.604,-9.8189,2.906,121.75,1
32.145,19.353,2.635,0.343,0.1796,20.992,12.792,8.2013,62.372,74.779,1
100.19,33.433,3.6305,0.125,0.0666,55.48,93.13,17.531,3.049,263.68,1
88.936,33.755,3.6536,0.1896,0.0973,-65.802,62.907,21.255,2.693,319.9,1
22.447,17.703,2.4706,0.4061,0.2081,5.3348,9.5615,-12.598,20.164,184.78,1
22.417,16.37,2.6309,0.4585,0.2327,-11.852,9.2871,10.634,1.3357,184.92,1
13.089,11.031,2.1222,0.7623,0.4113,-14.704,4.5016,-11.619,9.8482,106.09,1
50.667,15.208,3.0643,0.2751,0.1505,-7.1702,-12.094,-9.0896,0.054,208.9,1
88.033,24.539,3.7146,0.1897,0.1137,-45.18,70.259,7.9246,1.607,316.61,1
19.914,12.989,2.4385,0.4954,0.2532,14.579,5.8693,3.4161,53.016,49.042,1
87.632,22.915,2.837,0.2911,0.1623,-77.101,45.775,-19.912,2.4188,321.79,1
54.924,22.238,3.183,0.2218,0.1178,19.043,53.313,13.945,4.34,235.29,1
78.485,13.415,2.4983,0.4444,0.2778,94.025,-41.031,8.0336,0.13,202.04,1
47.507,23.356,2.8979,0.2315,0.1183,18.375,36.495,16.25,5.6571,257.55,1
25.32,9.612,2.5569,0.6241,0.3925,0.4347,21.407,-8.3583,5.08,216.81,1
21.48,11.545,2.3766,0.6008,0.313,10.788,20.204,8.9408,34.988,97.128,1
20.801,12.592,2.3531,0.5188,0.3215,15.937,15.241,-3.5753,23.374,70.812,1
25.081,17.281,2.8176,0.4521,0.2686,0.6169,9.6426,-4.942,16.361,130.52,1
32.366,9.7166,2.5211,0.5181,0.2726,-0.3136,25.331,5.2685,43.291,143.38,1
21.014,7.1339,2.1287,0.6766,0.3457,-0.2184,4.76,-6.1752,80.05,147.09,1
34.777,13.552,2.5328,0.4809,0.3065,10.117,32.674,-10.504,15.074,161.57,1
21.535,11.106,2.2175,0.5636,0.2939,-21.541,-19.391,9.9859,21.636,113.48,1
109.54,37.033,3.4319,0.1561,0.0934,92.122,93.783,30.65,6.105,171.33,1
69.434,23.085,2.9602,0.3101,0.1693,-34.245,25.812,15.957,9.5359,291.63,1
17.963,10.298,2.2765,0.6561,0.3413,21.514,11.012,-6.436,37.525,153.13,1
17.409,13.607,2.5099,0.6028,0.4158,6.0152,-14.453,8.8885,86.211,211.5,1
46.567,25.549,3.5403,0.194,0.1059,24.079,41.563,14.057,13.249,153.45,1
18.729,10.351,2.1271,0.5448,0.2873,24.625,8.0026,-3.8149,46.959,225.65,1
21.953,9.9429,2.179,0.5828,0.3013,5.3718,-17.252,-10.64,27.259,189.26,1
31.376,8.4294,2.4005,0.5606,0.3519,-14.069,-12.204,-8.4104,7.917,173.13,1
30.009,12.858,2.2405,0.5632,0.2845,23.03,-11.77,-5.721,6.388,264.17,1
46.347,23.887,2.8751,0.2387,0.138,18.339,42.135,-20.324,7.5772,200.04,1
12.672,11.743,2.0273,0.7136,0.3615,-15.187,5.0536,-11.49,87.314,226.39,1
12.405,12.079,2.0394,0.6758,0.3516,16.846,-10.587,0,7.605,226.69,1
29.414,18.504,2.9199,0.368,0.2351,21.297,17.25,14.779,2.642,188.46,1
46.749,9.5968,2.4983,0.4635,0.2746,22.52,40.348,-9.0636,0.4583,218.91,1
32.969,23.438,3.0392,0.3161,0.1622,26.306,22.691,-18.898,12.5,175.6,1
52.255,26.56,3.2909,0.1515,0.0827,-25.853,-30.33,-5.9967,0.282,248.99,1
22.204,11.463,2.4935,0.565,0.2969,13.558,19.468,-6.3232,0.3559,63.824,1
41.459,14.076,2.5593,0.4717,0.2745,41.122,36.715,-5.4829,11.897,149.12,1
66.473,26.726,3.7367,0.1553,0.08,24.57,55.179,12.393,0.467,250.61,1
37.515,21.042,2.8621,0.3187,0.1669,-67.478,30.129,12.371,7.0452,263.02,1
33.202,13.46,2.9467,0.3663,0.1848,-20.181,-18.419,6.8355,5.201,138.78,1
38.148,16.31,2.7976,0.2805,0.141,0.3796,30.573,-12.422,7.399,186.83,1
20.837,12.491,2.3043,0.5012,0.2903,17.14,14.013,-5.746,57.321,195.13,1
19.245,12.1,2.5152,0.5679,0.3069,-4.5578,11.217,-10.399,15.623,156.53,1
54.599,20.511,2.7427,0.4286,0.2251,-25.373,-28.812,-15.539,3.679,316.42,1
93.008,30.503,3.751,0.1969,0.1181,-9.3996,54.648,13.818,0.868,331.79,1
29.547,19.065,2.6857,0.2701,0.1351,23.541,-13.602,11.54,32.814,152.3,1
37.658,22.972,3.1973,0.233,0.1235,-21.89,16.753,16.973,0.4443,115.16,1
35.059,18.099,2.7672,0.3197,0.1718,22.436,23.177,-12.487,4.391,74.613,1
77.943,29.786,3.5741,0.1797,0.0916,-86.08,67.643,-22.103,5.9725,242.95,1
22.844,13.29,2.4005,0.4652,0.2366,-21.648,-14.856,-5.9265,61.792,158.39,1
33.409,18.942,2.8004,0.3183,0.194,21.869,22.748,4.6303,9.4759,125.4,1
18.68,10.409,2.2148,0.5244,0.2774,25.03,7.0749,2.6464,8.3449,104.09,1
46.983,20.947,2.7324,0.3278,0.1731,-3.1038,48.634,-16.735,30.186,117.29,1
35.436,29.238,2.9757,0.2094,0.1158,12.576,-16.494,16.069,15.865,161.25,1
23.29,12.618,2.6107,0.5662,0.3909,17.002,17.988,9.4745,11.726,122.28,1
61.877,19.965,3.0386,0.2113,0.1157,-70.199,39.489,-12.106,1.5361,258.77,1
35.296,19.555,2.6069,0.3313,0.1817,3.5447,26.054,-17.125,63.875,48.039,1
29.645,16.394,2.74,0.384,0.2375,29.512,24.486,7.9872,25.002,184.91,1
17.124,10.541,2.4713,0.6757,0.397,3.5457,-7.5841,7.9365,40.222,147.29,1
12.984,11.099,2.07,0.7489,0.4383,-14.407,6.6499,-10.176,64.903,182.96,1
61.663,22.882,2.9214,0.2109,0.1073,-31.423,41.279,6.7023,21.23,189.06,1
22.368,10.24,2.1523,0.5704,0.3134,-23.267,-18.534,-10.848,29.254,54.869,1
26.408,14.686,2.5231,0.5157,0.2804,6.5717,17.75,-14.227,12.393,213.65,1
18.71,16.195,2.4556,0.5534,0.352,17.229,19.947,-3.847,71.004,54.399,1
18.752,10.351,2.2253,0.5298,0.2887,-24.589,-8.0999,-2.0675,34.485,159.23,1
27.891,12.449,2.2956,0.4354,0.2354,18.191,17.75,8.0896,18.316,219.12,1
30.675,11.069,2.5198,0.4018,0.21,-18.488,19.791,-8.7509,22.07,188.82,1
28.813,25.764,2.9117,0.2059,0.1109,-2.0806,-16.421,7.5634,31.937,84.459,1
34.231,13.589,2.6785,0.4088,0.2107,-20.731,-9.3222,6.336,8.344,143.81,1
16.842,11.346,2.238,0.5723,0.2919,-2.2898,7.4135,3.1122,23.812,111.25,1
12.694,11.697,2.1688,0.7119,0.3831,15.642,-8.6033,10.289,12.415,164.36,1
39.807,19.246,3.0251,0.2671,0.1449,17.294,-16.05,6.5527,8.9132,215.23,1
25.076,12.754,2.549,0.5057,0.2726,-25.724,10.868,-9.2794,4.506,154.74,1
18.334,7.463,2.3086,0.7813,0.4988,-1.9915,6.0627,-2.3334,13.751,133.61,1
66.184,16.071,2.549,0.4266,0.2387,-92.532,41.734,12.065,13.107,311.26,1
61.383,15.487,2.7067,0.2809,0.1621,70.854,14.912,-8.8949,16.634,142.94,1
65.667,32.714,3.7666,0.1599,0.086,47.636,62.018,-11.003,16.903,209.75,1
62.408,25.201,2.9146,0.2033,0.1041,4.1328,31.922,-22.644,6.2553,265.65,1
39.492,17.244,2.9304,0.3251,0.2095,49.068,22.533,-3.8436,5.7442,168.2,1
13.005,10.756,2.4289,0.7561,0.4823,13.422,-4.73,7.986,8.4921,121.26,1
62.592,33.803,3.5301,0.2148,0.1258,-63.029,39.529,11.133,4.523,299.12,1
18.146,7.2779,2.2393,0.8242,0.4928,4.847,-8.0944,4.1722,86.012,22.754,1
26.695,12.19,2.5647,0.4033,0.2193,3.8699,22.207,-10.085,65.584,40.118,1
22.62,9.3317,2.29,0.5744,0.3051,3.3282,-15.715,-10.573,66.091,237.7,1
26.242,16.917,2.5397,0.3925,0.2266,14.772,16.158,-11.063,7.942,181.55,1
18.281,10.406,2.2648,0.6033,0.3179,2.0499,-8.3087,-6.058,35.888,160.71,1
17.395,10.675,2.29,0.641,0.3667,-2.8369,7.8209,7.2942,68.148,146.49,1
21.616,12.279,2.5132,0.5153,0.3083,10.102,-7.4822,-9.2746,39.415,150.63,1
34.739,18.857,2.5647,0.3161,0.173,-0.5537,33.647,-11.82,14.8,220.65,1
12.688,11.689,2.0737,0.7004,0.3924,15.77,-9.602,6.2513,63.886,85.735,1
25.213,17.072,2.5694,0.3854,0.2305,6.1366,20.737,-5.1133,33.505,136.32,1
93.507,35.795,3.3054,0.1678,0.0928,-101.06,39.828,-7.802,2.266,279.1,1
36.265,16.275,2.6803,0.2651,0.1347,-1.7525,-15.303,10.996,5.0774,134.8,1
57.187,24.854,2.7593,0.3429,0.2115,-68.423,30.196,15.755,8.5154,259.87,1
23.497,0,2.1477,0.7687,0.4164,24.449,16.349,0,19.785,153.51,1
55.206,41.192,4.0174,0.1147,0.0602,27.601,36.976,24.879,3.44,131.74,1
18.042,6.8555,2.3395,0.865,0.4554,8.4732,-10.873,-5.2541,5.4707,196.34,1
31.557,14.111,2.5198,0.3263,0.1798,-24.799,-14.48,6.4829,21.041,140.42,1
108.43,28.819,3.832,0.1352,0.07,69.051,99.769,17.725,0.277,285.38,1
34.195,22.252,2.9906,0.277,0.1395,-6.0641,22.729,16.26,6.437,177.54,1
41.981,18.854,2.8976,0.2266,0.1247,-38.873,-20.956,-10.479,6.311,227.87,1
31.886,10.145,2.567,0.4065,0.21,8.737,-24.013,-3.9774,3.739,167.25,1
38.026,17.727,2.641,0.3269,0.1771,20.791,-12.077,14.844,18.645,206.6,1
67.434,28.541,3.6391,0.1871,0.0963,32.581,76.022,9.837,2.579,169.48,1
26.002,15.054,2.6689,0.5038,0.2947,-2.4675,24.403,-8.3453,59.468,70.525,1
17.488,10.834,2.4728,0.5859,0.3182,21.87,10.214,3.1775,5.4667,152.53,1
39.468,12.156,2.7486,0.4478,0.2703,2.3145,32.499,6.8383,3.264,199.18,1
40.892,31.605,3.0596,0.2145,0.1173,46.741,20.836,14.948,18.134,157.78,1
41.235,25.222,3.0504,0.1825,0.0966,5.1049,-11.518,-11.599,0.936,142.6,1
33.389,18.981,2.7945,0.3178,0.1838,-38.784,-11.987,11.006,10.728,202.48,1
91.876,64.565,4.1987,0.0803,0.0429,9.8789,95.073,-60.215,53.79,58.004,1
92.888,29.541,3.7439,0.1827,0.111,-4.4245,62.683,-20.452,3.2913,323.94,1
22.393,10.108,2.3139,0.5728,0.2888,31.113,-15.083,-7.6179,47.216,155.78,1
52.122,25.819,3.0477,0.181,0.0909,9.074,30.958,-14.547,8.6796,136.9,1
39.089,26.253,3.2334,0.1969,0.1224,8.9864,19.524,-2.9127,18.98,164.94,1
20.6,6.1069,2.1804,0.8053,0.571,16.454,18.482,5.9756,39.896,177.9,1
18.644,10.118,2.2279,0.5976,0.358,-21.524,-11.995,-3.3638,34.186,131.6,1
31.855,13.196,2.5557,0.4367,0.2517,30.326,-21.49,11.59,16.923,166.82,1
22.476,11.426,2.3829,0.5797,0.3582,-25.962,-10.055,-7.0058,16.302,215.65,1
19.149,16.33,2.5717,0.4879,0.3016,-2.2716,-4.2036,-12.249,38.839,189.21,1
30.886,13.951,2.5145,0.3914,0.2003,39.554,17.741,-9.1899,18.989,164.77,1
23.087,14.818,2.5085,0.5643,0.2961,-13.475,-15.505,8.5711,2.2829,195.05,1
27.962,21.609,2.781,0.3179,0.1647,-33.483,-5.1356,17.817,6.703,198.25,1
29.362,11.358,2.3738,0.4609,0.2347,24.666,-21.685,-3.8247,76.263,212.11,1
24.199,12.188,2.6964,0.5332,0.3068,6.2631,17.383,-7.2861,28.978,159.15,1
44.065,23.452,2.934,0.2584,0.1356,-5.3367,35.42,20.421,6.518,290.88,1
57.937,10.1,2.5938,0.3592,0.1898,-51.492,-35.151,-5.1753,0.1315,135.6,1
36.149,23.758,2.9607,0.2507,0.1264,-7.5948,10.27,17.579,81.147,44.292,1
32.002,17.769,2.6959,0.3102,0.1581,-53.006,22.66,9.1114,27.558,191.07,1
81.841,24.522,2.836,0.2538,0.1291,-21.772,77.419,13.452,4.582,319.99,1
25.48,10.197,2.3811,0.4699,0.2391,4.4026,19.821,-7.0432,0.0365,191.31,1
21.736,15.06,2.4757,0.4482,0.2659,24.51,13.553,6.4398,31.472,166.67,1
72.446,22.658,3.3752,0.2567,0.141,-47.825,57.039,18.762,1.092,313.89,1
19.44,17.867,2.5276,0.4303,0.2626,15.482,16.494,12.109,81.77,112.87,1
70.912,14.677,3.0145,0.2998,0.1784,56.122,69.789,-5.1467,0.5949,211.79,1
87.444,10.564,2.6609,0.452,0.2718,-68.96,52.961,-9.3686,5.804,316.36,1
37.443,19.819,2.9491,0.2979,0.1535,17.882,34.051,4.5887,8.7569,198.66,1
57.261,21.318,3.1949,0.2119,0.1127,47.563,52.925,-8.5969,2.0734,227.7,1
37.314,15.91,2.8576,0.2804,0.1575,6.5877,-28.581,6.6207,6.132,203.96,1
41.316,16.968,2.8751,0.26,0.134,36.299,21.451,-15.684,10.961,205.19,1
21.727,6.7179,2.1222,0.717,0.4264,-22.587,-13.471,6.5348,27.722,148.09,1
22.244,12.399,2.2978,0.4635,0.2544,28.85,8.6554,10.512,44.343,84.651,1
64.356,15.192,2.847,0.2077,0.1117,37.425,49.643,-6.5371,3.661,168.4,1
73.103,18.803,3.2934,0.284,0.1672,39.838,66.397,-8.083,0.613,236.57,1
71.021,27.692,3.1945,0.2038,0.1083,53.793,38.473,-21.538,1.904,293.95,1
36.524,13.788,2.8466,0.3559,0.1786,4.1256,32.513,7.7912,2.938,159.6,1
77.432,14.508,2.7846,0.3596,0.234,-75.268,61.5,-9.2181,12.33,266.63,1
39.019,16.03,2.6201,0.4245,0.2386,15.924,24.625,-10.402,22.184,69.678,1
30.913,9.955,2.4676,0.5247,0.2777,-40.927,15.738,5.3361,2.0623,114.79,1
76.354,28.05,3.3663,0.2323,0.1409,-13.136,65.234,-14.107,2.903,316.86,1
42.802,24.048,3.1508,0.2064,0.1113,-3.5253,-22.174,-14.574,3.034,146.68,1
15.941,11.518,2.29,0.6205,0.3974,1.8561,-4.0947,-7.8835,13.266,162.96,1
84.194,29.043,3.4591,0.1915,0.1176,-38.883,60.191,11.41,0.062,291.57,1
53.157,27.549,2.4735,0.6353,0.395,-36.095,-47.369,-20.096,8.79,321.01,1
24.822,12.017,2.4378,0.4124,0.2354,-9.028,-12.543,-5.085,8.302,159.24,1
33.658,20.202,2.9741,0.31,0.1714,19.663,22.371,7.786,16.891,200.2,1
57.98,47.358,3.9358,0.1265,0.0686,29.406,53.932,21.48,3.968,119.59,1
19.922,12.984,2.4306,0.5121,0.2764,-13.268,-8.9999,4.758,69.805,95.939,1
34.591,12.633,2.617,0.43,0.2234,27.375,-18.514,12.615,2.433,213.93,1
87.335,35.297,3.879,0.1477,0.0749,-15.601,68.772,24.13,0.7025,311.57,1
92.158,44.585,3.9172,0.1208,0.074,-46.679,79.343,28.969,8.116,292.41,1
27.148,16.198,2.673,0.3248,0.1794,2.2225,-17.29,-13.058,11.752,93.835,1
60.053,27.599,3.6414,0.1409,0.0711,53.478,42.953,15.611,5.57,185.09,1
27.027,11.193,2.4757,0.4381,0.2592,35.04,14.15,-5.1347,4.376,201.72,1
99.024,28.409,3.4767,0.1622,0.0989,-55.958,39.498,19.206,2.0115,284.49,1
96.248,31.025,3.7709,0.1464,0.0763,-88.957,73.066,-20.48,0.173,291.92,1
19.962,12.981,2.4108,0.501,0.2583,13.515,6.2451,-2.5119,58.931,108.35,1
27.318,11.868,2.5132,0.454,0.2684,6.4308,21.933,-11.221,5.2524,156.96,1
46.553,19.763,3.0092,0.2095,0.1072,40.585,26.245,-14.93,2.7,119.54,1
50.225,16.776,3.0917,0.3401,0.2287,37.727,42.358,-12.503,5.3512,204.96,1
68.867,13.684,2.6875,0.2649,0.1468,52.579,58.257,9.1206,1.7069,160.03,1
59.4,21.8,2.9256,0.2326,0.1217,38.95,53.855,17.232,4.789,168.9,1
29.567,6.472,2.5224,0.5736,0.3078,-11.116,-14.539,3.8718,10.119,170.07,1
24.505,15.964,2.5971,0.5032,0.3224,15.252,19.256,9.599,14.343,66.291,1
64.022,25.072,3.4972,0.1801,0.1039,-71.455,38.577,-11.709,3.96,258.74,1
19.393,17.387,2.4955,0.4058,0.2125,-12.543,9.9028,-14.402,12.553,181.77,1
101.05,25.252,3.0752,0.3078,0.1653,-44.554,38.213,-23.359,0.4197,336.19,1
25.825,18.799,2.7312,0.3324,0.1755,25.257,17.847,-13.111,9.273,149.79,1
26.523,16.311,2.7168,0.4184,0.2889,9.5421,-8.1751,12.541,4.1489,175.11,1
25.465,14.968,2.3811,0.5281,0.264,-18.927,15.901,-16.773,72.959,26.899,1
82.205,37.43,3.8189,0.2159,0.1157,29.484,47.214,-18.937,1.4594,390.94,1
100.59,20.344,3.1458,0.3295,0.1976,-82.344,-53.78,18.426,1.0996,338.49,1
23.756,15.441,2.6048,0.4298,0.2646,-18.151,-10.88,7.6493,24.237,250.62,1
72.023,19.03,3.0482,0.213,0.1195,17.363,-44.801,-8.2389,1.133,243.84,1
27.613,9.1748,2.3683,0.4968,0.2891,-32.594,-20.361,-7.1786,20.189,257.98,1
36.725,19.057,2.6618,0.2789,0.1427,31.86,29.442,-14.175,10.921,255.32,1
22.139,10.903,2.1875,0.5649,0.3149,-21.959,-19.579,10.498,7.9221,116.49,1
85.987,43.483,3.7753,0.1394,0.0731,-38.982,69.378,27.321,0.3985,291.03,1
46.816,15.673,2.9383,0.2513,0.1262,29.358,30.622,-11.844,8.035,161.38,1
36.014,12.415,2.6101,0.4098,0.2123,29.441,-16.198,4.8972,0.8987,160,1
31.36,24.356,2.7308,0.3309,0.1924,-15.434,-17.28,-14.464,75.93,96.486,1
18.527,10.46,2.2095,0.5494,0.287,-24.379,-8.2959,-3.9048,89.811,225.56,1
12.97,9.9206,2.1833,0.8,0.5541,11.564,8.2103,8.6755,76.267,121.24,1
37.229,33.108,3.1695,0.1821,0.0958,-57.071,13.037,-29.001,16.696,96.434,1
63.393,31.848,3.3035,0.1357,0.0689,13.591,32.569,-9.9033,8.5577,123.1,1
25.483,11.462,2.4224,0.552,0.2854,-12.729,-13.258,-11.603,2.5804,243.24,1
45.952,36.676,3.2163,0.1799,0.0975,32.481,40.243,18.529,24.992,143.65,1
59.233,24.436,2.9687,0.2493,0.1316,59.114,40.365,-15.974,3.6478,275.36,1
63.622,25.868,3.3082,0.211,0.1094,31.537,50.683,-11.823,5.5598,269.9,1
67.681,23.327,3.1096,0.2315,0.1208,-32.437,56.126,-13.703,3.0146,306.26,1
22.582,13.261,2.317,0.5012,0.2867,21.664,16.765,6.9559,43.413,193.07,1
50.326,23.942,3.1971,0.1524,0.0765,-10.544,26.986,-19.587,62.825,59.129,1
18.317,17.059,2.485,0.5336,0.2897,22.155,6.6176,12.096,26.241,162.13,1
19.434,12.986,2.7672,0.6564,0.3308,13.381,17.783,4.7167,10.306,211.97,1
66.263,24.248,3.3863,0.1734,0.0918,-24.149,-15.569,10.098,1.022,262.06,1
59.409,13.225,2.7875,0.2512,0.1378,-38.503,42.36,-9.506,6.2748,228.34,1
48.52,14.857,2.6165,0.312,0.1705,-82.256,34.118,9.3196,5.5783,279.3,1
62.349,22.733,3.519,0.1843,0.1031,37.538,60.218,-12.167,1.783,253.99,1
75.046,22.034,3.1343,0.2224,0.1229,-64.976,62.271,-17.406,7.7575,276.47,1
21.765,15.954,2.4771,0.46,0.2717,22.081,16.182,3.3659,12.12,178.09,1
42.282,17.286,2.7835,0.3276,0.1786,46.641,-18.748,-12.611,9.545,229.38,1
40.785,19.328,2.6289,0.3102,0.1774,38.976,24.351,16.256,47.18,146.76,1
41.736,16.316,2.8825,0.3041,0.1579,25.129,34.349,11.524,10.075,192.75,1
51.093,17.574,2.9879,0.2386,0.1229,7.061,-18.617,5.5969,1.8071,231.36,1
12.633,11.798,2.1945,0.7093,0.3546,7.5536,11.482,0,80.471,45.63,1
74.621,30.366,3.4638,0.1364,0.0699,-32.24,50.35,-19.227,0.8905,267.43,1
53.31,13.642,2.4249,0.4248,0.2199,42.769,7.3238,5.2374,85.017,203.78,1
21.463,12.71,2.4289,0.4693,0.2588,15.286,13.04,-8.4286,10.54,119.43,1
43.861,16.129,3.0348,0.2713,0.1583,23.871,31.142,6.467,8.9201,221.47,1
12.953,11.313,2.1569,0.7456,0.3798,15.012,-3.8537,11.757,28.538,217.75,1
49.862,14.883,2.7727,0.2987,0.1629,30.654,34.732,10.331,3.757,177.96,1
23.145,14.323,2.5843,0.5,0.2773,-11.096,-9.208,3.7516,66.615,219.33,1
12.616,11.818,2.3551,0.7064,0.3642,15.54,-7.2472,11.163,65.013,198.67,1
16.314,11.404,2.3365,0.6129,0.371,-2.5906,6.0221,7.3284,10.758,181.86,1
25.53,12.217,2.3856,0.3992,0.1996,17.784,14.498,-3.4568,41.556,128.09,1
23.937,16.254,2.5581,0.4177,0.2365,1.0994,8.0572,7.1137,78.081,68.236,1
30.362,11.658,2.5629,0.4761,0.2586,16.683,14.542,-11.429,9.991,244.26,1
44.124,28.909,3.0154,0.2568,0.1569,-17.751,-26.69,17.58,75.807,122.4,1
69.837,25.681,3.6243,0.204,0.1044,-64.786,46.227,-15.525,0.001,276.06,1
25.202,10.346,2.3191,0.494,0.2902,-8.9005,-18.147,-7.456,1.9439,172.78,1
27.127,12.325,2.5038,0.4232,0.2304,21.782,-15.194,7.1693,3.64,151.1,1
24.601,12.866,2.3793,0.5637,0.2985,17.375,19.566,8.2758,22.821,216.95,1
31.387,13.341,2.8573,0.4069,0.234,25.682,18.148,6.7082,16.53,156.38,1
35.644,10.798,2.4281,0.4328,0.2631,19.078,26.22,8.8393,3.614,235.79,1
36.662,15.503,2.5746,0.4714,0.3182,31.425,25.523,6.576,11.376,224.07,1
76.668,16.877,3.1204,0.1872,0.0936,92.662,75.827,-8.5432,1.579,250.99,1
40.968,20.79,2.9685,0.2462,0.1328,20.875,25.543,-7.9817,4.929,218.33,1
30.797,17.398,2.7782,0.2983,0.1558,-0.0762,-20.657,10.18,0.8828,187.29,1
98.019,38.766,3.2832,0.2006,0.1232,-21.666,62.541,12.188,7.011,310.84,1
43.287,12.04,2.4281,0.4104,0.222,48.354,31.451,10.696,8.3733,232.85,1
25.932,17.962,2.7462,0.3964,0.2377,11.411,-14.689,-13.948,50.082,260.99,1
90.284,16.615,2.8089,0.3509,0.1918,47.319,85.733,8.6487,6.969,257.63,1
79.671,32.292,3.4282,0.2384,0.1733,-7.4842,56.185,-22.703,4.573,333.05,1
62.159,26.529,3.1909,0.1604,0.0899,37.844,52.263,-18.744,14.397,276.9,1
21.007,14.94,2.4487,0.4875,0.2509,1.809,-6.3112,-9.7286,29.349,190.16,1
52.596,25.621,2.9518,0.2939,0.1603,19.694,51.492,-20.704,5.258,255.03,1
32.66,21.853,2.8176,0.2694,0.1454,-36.741,-19.34,-14.893,19.681,105.75,1
34.669,20.953,3.0631,0.2369,0.1275,6.6048,16.78,6.3697,8.705,219.97,1
17.173,10.926,2.2718,0.6257,0.3449,3.3638,-8.3055,6.8725,36.721,161.62,1
110.1,13.199,2.8357,0.2613,0.1423,-169.8,56.902,-9.6361,0.204,251.6,1
59.402,29.717,3.1579,0.2127,0.1241,35.578,58.9,28.881,11.855,269.14,1
20.537,7.2564,2.0233,0.7014,0.3744,-0.8443,7.0908,-5.8197,89.657,140.62,1
31.62,14.376,2.7462,0.3605,0.1892,-11.91,22.514,6.0822,11.586,199.36,1
22.363,17.07,2.5145,0.4098,0.2187,-11.509,-9.48,11.831,1.9194,92.769,1
97.227,25.085,3.4646,0.2168,0.1175,8.112,56.701,-20.666,1.194,369.85,1
81.276,29.468,3.2469,0.2016,0.1073,-28.855,37.211,-25.071,0.022,311.87,1
20.266,7.1979,2.1446,0.7527,0.3763,3.8412,-11.531,5.4841,72.587,118.06,1
61.723,22.36,3.5276,0.2279,0.1159,37.013,54.881,-8.2482,2.701,251.61,1
36.363,19.892,2.8085,0.2859,0.1624,5.8322,-12.157,-13.92,18.052,172.35,1
68.222,13.291,2.8179,0.3513,0.2137,54.454,66.823,-9.323,8.2019,240.26,1
62.138,23.312,3.3193,0.2325,0.1215,38.104,64.466,6.6418,8.626,250.74,1
24.841,14.87,2.6459,0.4362,0.2678,4.3568,20.358,7.5544,70.606,47.33,1
63.145,20.049,2.8555,0.2301,0.1332,5.8427,-30.842,9.1234,10.179,222.1,1
18.423,12.554,2.5058,0.5991,0.4228,12.157,15.84,-9.6204,15.175,146.48,1
28.279,13.722,2.5664,0.4858,0.2809,22.173,22.859,-11.504,20.694,145.39,1
66.035,11.766,2.6212,0.3804,0.2117,70.667,63.514,10.557,2.0758,201.54,1
37.262,13.905,2.695,0.3249,0.1907,21.931,19.282,-6.6054,11.346,230.95,1
48.932,19.917,3.1913,0.2259,0.1271,26.651,49.533,-10.115,1.645,235.79,1
48.837,22.285,2.9802,0.3192,0.2025,-62.064,27.095,5.1744,0.0805,278.89,1
80.257,22.041,3.0671,0.2134,0.1101,-24.55,70.873,15.415,1.406,335.76,1
12.393,12.092,2.2,0.6751,0.3502,-16.884,10.615,0,50.064,176.06,1
51.063,21.492,3.1045,0.1958,0.1183,3.7852,-37.142,15.735,4.629,159.51,1
51.326,17.601,3.0554,0.3002,0.2047,10.512,53.64,7.9215,7.26,247.87,1
37.876,15.668,2.9516,0.3175,0.1884,9.5403,35.012,-4.066,8.426,165.18,1
30.718,11.253,2.4594,0.4549,0.2622,-16.696,12.278,-5.3455,15.236,244.44,1
69.678,12.704,2.6675,0.3183,0.1839,-38.711,-58.864,8.6389,9.78,205.69,1
28.346,13.408,2.4433,0.5297,0.3009,34.084,17.213,-12.73,6.785,169.64,1
26.142,15.035,2.6707,0.3671,0.1889,-22.089,16.733,-7.8636,2.4225,223.47,1
33.141,18.269,2.8695,0.2876,0.1641,22.116,20.581,12.701,11.856,143.47,1
19.731,18.575,2.3314,0.4709,0.2401,12.069,-18.303,-12.701,8.753,141.17,1
40.819,35.162,2.7716,0.203,0.1074,-27.105,33.111,-27.408,9.6533,212.42,1
12.659,11.741,2.1351,0.7033,0.3846,-15.86,9.4522,-8.7126,43.543,227.71,1
36.155,7.3768,2.3608,0.4444,0.2331,23.387,17.931,5.3122,6.3767,81.211,1
12.995,10.75,2.1688,0.7525,0.4847,13.373,-4.7981,-7.0574,15.465,179.69,1
34.938,24.244,2.6744,0.2772,0.1429,-10.399,-9.9848,-17.874,42.679,153.33,1
55.006,19.533,3.3413,0.2333,0.1319,26.395,54.724,14.277,0.817,252.72,1
38.272,15.628,2.9047,0.4047,0.2235,-59.024,24.222,10.678,0.378,271.43,1
26.818,13.576,2.6449,0.419,0.2344,6.8003,-11.595,-6.6274,3.2859,212.74,1
18.657,12.35,2.4793,0.5837,0.3333,2.9159,-12.422,8.8575,0.3301,199.35,1
26.826,16.548,2.8119,0.3639,0.2074,12.777,16.44,5.3518,1.707,179.81,1
25.986,18.459,2.5231,0.3538,0.1814,-25.48,-6.2044,15.217,56.195,190.33,1
38.609,24.373,3.1016,0.1971,0.1017,39.783,22.529,-19.067,0.4442,187.85,1
42.027,19.829,2.5378,0.2928,0.1493,10.613,-21.279,-11.391,4.897,118.08,1
19.574,16.354,2.3464,0.5676,0.295,26.028,-7.91,17.51,42.138,184.47,1
70.814,27.962,3.6166,0.1832,0.0983,37.771,59.199,-14.832,1.74,253.35,1
45.295,10.819,2.7392,0.3154,0.1577,21.834,21.426,7.4897,4.313,230.25,1
21.034,7.0887,2.1889,0.7055,0.3657,-24.247,-10.161,-6.1728,66.121,140.61,1
24.189,0.0037,2.1508,0.6784,0.3498,0.2123,-5.6575,0.0001,0.0002,210.21,1
63.477,28.971,3.3728,0.1318,0.0663,18.52,37.332,11.538,11.88,213.13,1
74.664,28.323,3.3298,0.1572,0.0854,92.582,61.821,18.682,2.0827,248.38,1
31.336,10.001,2.4456,0.4839,0.2634,-18.273,-24.626,6.8461,10.025,138.55,1
35.837,16.262,2.549,0.3051,0.154,-26.442,24.247,-5.9703,23.853,268.22,1
38.237,19.47,2.9393,0.2691,0.1593,-18.054,-17.955,-8.4689,8.6172,140.59,1
60.496,17.675,2.938,0.1753,0.0894,31.326,-15.98,14.412,15.639,113.18,1
29.786,16.827,2.5017,0.3748,0.1937,-19.189,-24.773,14.136,16.934,220.87,1
18.837,11.993,2.472,0.5565,0.3558,-0.4388,-8.7199,-9.8301,32.256,242.42,1
40.369,10.599,2.7756,0.3571,0.1819,-5.2245,20.765,-6.5915,17.86,156.92,1
22.073,16.212,2.5883,0.4439,0.2568,-14.928,-15.599,11.145,1.283,181.28,1
28.126,22.337,2.863,0.3605,0.1981,-15.859,22.535,16.608,56.248,22.596,1
62.454,20.979,3.1475,0.2093,0.1121,22.681,48.558,-17.48,0.139,256.99,1
25.259,0,2.2162,0.7112,0.3799,-28.541,-11.402,0,10.78,138.91,1
60.997,16.137,3.0851,0.2195,0.113,50.887,30.744,13.654,0.8192,208.7,1
55.973,14.317,2.7202,0.3048,0.159,-90.459,24.47,-11.968,8.528,251.92,1
34.755,15.801,2.8192,0.3078,0.1721,17.326,-20.627,10.669,1.236,176.08,1
32.752,11.666,2.4175,0.5468,0.3614,-8.7188,-25.486,-8.4706,23.863,158.23,1
111.92,20.694,2.8426,0.2457,0.1315,23.52,122.5,-11.032,3.3939,267.82,1
27.224,15.649,2.6551,0.3894,0.2223,11.042,14.217,9.1207,20.12,179.18,1
22.177,6.6565,2.1189,0.73,0.384,-25.028,-9.0378,-6.7297,52.754,88.53,1
23.926,15.953,2.5065,0.4019,0.2072,13.255,11.899,11.905,24.452,99.914,1
26.347,16.351,2.6893,0.3701,0.1871,34.216,21.386,-7.0471,11.356,142.13,1
67.768,22.5,3.4059,0.1814,0.0964,-89.977,47.161,8.8888,5.381,252.27,1
81.121,30.827,3.3071,0.1953,0.1186,-21.881,57.889,-8.6438,2.296,308.79,1
30.714,21.301,3.1342,0.2988,0.1854,2.1477,18.578,-7.9586,25.431,55.873,1
61.672,17.609,2.8814,0.276,0.1386,48.34,45.158,-16.001,7.336,230.72,1
67.502,20.019,3.162,0.2459,0.1312,24.528,75.353,-11.411,6.022,221.56,1
88.01,44.629,3.9169,0.1224,0.0646,73.894,81.972,10.9,8.4648,290.82,1
56.756,19.179,2.9325,0.3586,0.2249,-58.575,23.163,-11.445,8.026,304.47,1
19.15,7.4601,2.317,0.747,0.4554,-1.1812,6.3935,-4.128,58.209,188.71,1
38.089,27.892,2.9715,0.2264,0.1233,-5.2831,9.6439,-17.835,23.484,135.32,1
38.806,20.836,3.0611,0.2632,0.1525,-8.1288,-17.706,-13.962,5.344,170.35,1
29.638,22.392,2.7871,0.3086,0.1673,13.126,21.697,-10.01,52.018,89.673,1
24.145,19.694,2.4764,0.4307,0.2688,9.5297,16.914,-14.222,78.798,131.72,1
82.669,15.6,2.6439,0.4041,0.2509,-114.02,52.827,11.274,5.8704,272.45,1
17.848,10.493,2.2742,0.6011,0.3537,20.868,11.618,-2.2703,43.786,65.015,1
59.529,13.49,2.8534,0.2789,0.1437,-111.14,52.861,-4.7392,2.942,230.31,1
19.319,10.002,2.2601,0.6374,0.4203,-5.275,15.139,-9.2155,29.312,259.82,1
96.542,40.337,3.4214,0.1599,0.0885,-115.92,60.612,23.407,14.594,250.82,1
59.308,11.049,2.6906,0.3751,0.1988,62.427,54.336,3.4649,3.037,228.84,1
39.728,12.239,2.8932,0.3887,0.2628,18.384,23.446,6.9184,5.802,199.82,1
19.611,12.918,2.3701,0.5075,0.2836,-15.856,-10.716,-4.8571,30.556,111.31,1
44.698,24.415,3.0915,0.1977,0.1065,6.9787,15.18,17.34,25.586,116.03,1
29.877,18.954,2.8011,0.2909,0.1542,18.637,17.846,13.383,14.893,70.067,1
32.908,11.775,2.5185,0.4273,0.253,-1.7654,14.306,11.134,6.8937,106.01,1
118.29,14.071,2.8814,0.3548,0.2043,-74.614,-60.399,11.961,0.0349,266.56,1
37.917,13.936,2.6679,0.3416,0.1858,9.5991,-22.152,-11.13,27.494,145.32,1
29.219,12.589,2.5139,0.3951,0.2343,-4.9909,18.653,-8.5386,28.859,88.436,1
12.71,11.682,2.0314,0.7163,0.3767,15.468,-7.5235,11.073,58.648,119.84,1
84.157,35.723,3.5688,0.2283,0.1143,17.916,28.015,-17.508,3.214,359.62,1
38.418,24.529,3.3339,0.2281,0.1185,-0.6304,25.97,19.39,3.956,119.63,1
29.304,20.157,2.525,0.4149,0.2104,46.351,-23.084,11.831,12.884,166.38,1
31.899,23.787,2.9462,0.2377,0.1375,-32.138,-9.3855,-13.76,5.2291,149.74,1
63.66,28.765,3.1871,0.1566,0.079,-120.98,43.127,-20.391,14.918,225.78,1
88.759,23.197,3.1999,0.1654,0.0843,11.98,79.427,13.762,6.278,265.29,1
24.379,11.766,2.6053,0.5534,0.299,-4.2551,-15.494,-8.992,5.4222,240.81,1
30.302,10.974,2.3627,0.5813,0.3883,24.1,25.727,10.265,36.929,249.36,1
103.71,45.759,4.1844,0.0831,0.0424,71.572,95.132,18.318,2.4726,226.37,1
23.501,12.692,2.3345,0.5741,0.3079,28.183,8.371,6.7424,21.192,133.59,1
87.046,28.251,3.3771,0.2484,0.1257,-31.35,26.837,16.161,1.215,352.94,1
25.208,21.055,2.6335,0.4186,0.2523,-12.03,-20.585,18.702,60.526,170.68,1
42.05,21.545,2.9263,0.2346,0.1274,36.651,17.494,15.875,5.655,139.33,1
87.709,28.226,3.2214,0.2823,0.1511,-94.481,-69.33,22.311,0.5537,422.44,1
18.864,10.214,2.3263,0.5613,0.2807,0.9202,-6.9182,4.9588,34.418,189.41,1
12.729,11.635,2.055,0.7137,0.3921,15.564,-8.8394,9.6893,24.009,179.9,1
49.897,29.789,3.2725,0.1634,0.0836,23.686,29.213,17.081,5.93,202.29,1
38.605,23.922,2.8476,0.2884,0.1555,-52.535,23.092,-12.099,0.9589,191.98,1
61.17,18.029,3.1865,0.1966,0.1064,61.777,54.655,-12.575,4.301,211.61,1
28.906,21.695,2.6042,0.3806,0.2102,-15.23,-12.745,12.264,21.497,100.56,1
19.776,9.7122,2.29,0.5795,0.2949,-25.715,-5.0977,3.1553,24.523,143.11,1
74.486,26.114,3.1353,0.2036,0.1146,77.042,70.496,24.108,15.214,236.68,1
30.315,12.591,2.7251,0.5311,0.3343,11.08,27.395,-9.7683,17.145,166.03,1
20.209,7.2774,2.1055,0.7373,0.3882,-2.5773,9.9348,-5.4786,24.451,113.68,1
29.887,18.92,2.7664,0.2945,0.1515,24.996,-9.1786,-4.8501,19.558,177.89,1
13.23,10.583,2.1383,0.7855,0.4545,13.889,4.5064,11.353,58.038,200.8,1
34.934,7.642,2.437,0.5704,0.3748,-0.628,20.461,4.6028,2.8633,186.4,1
41.343,12.23,2.6866,0.3519,0.1883,48.874,37.125,10.787,9.474,124.85,1
105.34,12.239,2.6243,0.5226,0.2815,-71.115,-52.966,-7.4399,5.388,309.04,1
46.353,16.715,2.8319,0.2415,0.1289,45.228,23.422,11.007,18.661,127.86,1
18.39,18.172,2.3493,0.4922,0.2573,16.579,15.87,11.68,60.255,96.217,1
23.703,14.365,2.7352,0.4397,0.2383,-4.6115,-9.7246,-10.18,28.763,191.75,1
25.235,18.482,2.7181,0.312,0.1751,-16.009,13.142,-9.525,76.696,108.1,1
58.403,22.184,2.9204,0.2679,0.1592,-31.686,45.014,-5.0712,13.659,230.62,1
57.221,23.682,3.1356,0.3044,0.1701,-54.822,-20.756,-19.558,3.2171,307.23,1
21.697,11.027,2.1399,0.5362,0.279,13.092,18.819,9.0235,64.387,139.65,1
107.15,51.141,3.6964,0.0658,0.0333,48.093,82.19,29.815,1.404,213.66,1
19.404,16.745,2.5119,0.4431,0.2754,1.5431,8.7994,10.751,15.292,132.13,1
24.245,9.2461,2.2648,0.6033,0.3342,30.829,-13.768,-10.365,15.631,212.12,1
81.347,38.215,3.3173,0.1647,0.086,-42.178,59.583,31.363,1.2749,317.93,1
50.58,21.505,3.1633,0.2211,0.1294,29.966,38.257,14.043,8.1336,189.55,1
41.908,25.035,3.2388,0.1714,0.0943,4.5669,-16.145,9.0716,2.5359,163.44,1
32.684,11.664,2.7686,0.4106,0.2121,4.3021,22.485,-5.603,7.3877,212.38,1
34.166,12.874,2.4571,0.3944,0.2077,37.102,-13.492,-8.2568,14.125,146.8,1
91.901,31.46,3.9038,0.1293,0.0661,96.112,80.393,-23.444,2.1455,283.53,1
61.784,19.42,3.179,0.2397,0.1348,28.44,52.769,-9.8663,9.52,211.35,1
12.988,10.874,2.1746,0.7492,0.4716,13.702,-5.9007,7.8011,57.438,190.32,1
17.996,6.7132,2.3988,0.8743,0.4411,-9.455,11.629,-5.4281,14.382,148.14,1
28.685,16.338,2.5933,0.3878,0.2105,30.359,17.016,14.229,36.335,60.121,1
21.482,10.713,2.2148,0.561,0.2896,22.358,18.599,-10.356,66.009,208.6,1
12.821,11.524,2.2368,0.7304,0.3739,-15.12,5.0553,11.618,8.6385,75.586,1
22.644,8.678,2.2923,0.6786,0.3648,26.666,7.5747,9.1655,21.399,206.79,1
58.223,23.24,3.2429,0.1852,0.106,0.3109,47.833,15.026,12.845,204.12,1
46.938,18.826,3.2709,0.2824,0.1712,17.673,36.055,13.164,10.416,155.51,1
60.523,20.594,2.9559,0.2568,0.1312,-95.988,38.253,-14.924,9.3455,241.62,1
23.319,18.35,2.4935,0.443,0.236,13.571,-16.652,13.358,63,115.61,1
59.435,19.608,2.913,0.3177,0.2046,-77.375,-29.321,-19.412,5.841,284.04,1
18.719,7.4401,2.2393,0.7781,0.4755,-2.4933,7.4645,-2.728,76.831,86.241,1
40.246,20.466,2.8851,0.2567,0.1453,-23.965,36.25,-11.792,1.706,131.88,1
88.109,20.603,2.7589,0.2718,0.1542,56.457,72.065,5.3155,8.618,173.23,1
91.126,32.562,3.2632,0.1909,0.1203,77.306,93.706,29.603,7.923,287.92,1
44.44,16.639,3.0502,0.237,0.1394,43.577,-23.097,1.7797,7.831,198.16,1
31.838,19.805,2.636,0.3422,0.2116,-10.398,-14.528,8.99,53.953,92.073,1
32.858,15.615,2.9204,0.3471,0.2,19.5,24.056,6.1461,3.5025,177.55,1
91.552,24.769,3.1271,0.2187,0.1228,-86.319,50.671,-14.241,0.9455,254.88,1
93.592,19.204,2.7821,0.3154,0.1627,78.44,60.315,-12.705,7.444,305.96,1
12.995,11.074,2.2516,0.7507,0.4398,-14.364,6.4843,-10.241,32.928,205.42,1
40.541,20.124,2.6479,0.3645,0.2216,0.1577,37.363,8.8601,4.089,209.74,1
27.218,7.037,2.2405,0.5805,0.3247,-11.363,-12.041,3.5256,44.767,184.49,1
45.736,19.042,3.0235,0.235,0.1208,37.33,-26.563,9.4237,2.443,195.77,1
22.131,9.9695,2.3655,0.5948,0.3168,23.279,18.187,10.978,34.198,179.34,1
76.134,10.351,2.2175,0.5758,0.3,-85.995,17.279,8.2329,1.1506,130.36,1
82.324,19.721,3.3456,0.2477,0.1397,63.916,78.039,10.483,5.5266,275.06,1
38.886,18.18,2.6749,0.3256,0.1871,-0.2124,-27.1,12.562,13.175,243.84,1
27.069,11.081,2.4955,0.4537,0.2923,8.4642,15.144,4.0944,15.969,224.57,1
40.947,18.669,2.8633,0.3151,0.1884,21.233,38.481,-6.4606,41.348,139.81,1
20.149,11.476,2.301,0.6,0.3375,12.26,19.091,-6.173,35.676,155.81,1
16.573,15.793,2.5072,0.5443,0.3313,8.6408,-14.188,11.358,88.066,165.33,1
57.056,23.81,2.8594,0.2211,0.1292,28.865,50.225,21.154,26.646,179.99,1
16.308,11.265,2.3444,0.6425,0.3688,-4.2469,7.2293,7.6066,16.331,51.411,1
51.568,22.07,3.3893,0.2363,0.1324,19.488,48.939,7.2945,4.1776,230,1
21.47,11.153,2.1553,0.5594,0.3112,-14.005,-18.855,7.0017,65.571,56.181,1
18.159,10.745,2.4314,0.6556,0.3981,8.6462,-15.975,-9.0776,72.273,238,1
31.735,15.009,2.616,0.3995,0.2458,-10.893,17.559,12.459,3.6204,176.03,1
146.65,22.052,3.0185,0.1687,0.0858,121.24,134.78,-15.85,8.201,259.95,1
30.359,14.384,2.7532,0.3619,0.2251,1.5996,-12.245,7.5601,1.4484,132.21,1
21.358,9.8122,2.2148,0.6159,0.3262,6.1071,-17.161,10.826,65.052,178.73,1
13.078,10.548,2.1746,0.7759,0.4916,-13.127,-4.5051,9.7143,83.58,126.96,1
22.127,12.179,2.6435,0.5091,0.258,-13.507,-9.1786,5.5149,1.577,144.54,1
46.219,27.253,3.1582,0.2397,0.1601,37.624,41.455,11.729,66.846,141.62,1
87.148,30.146,3.5906,0.1535,0.0805,35.394,81.152,-19.971,2.152,291.69,1
24.678,0.0029,2.0774,0.6778,0.3556,-28.996,-9.7671,-0.0001,52.18,197.34,1
40.633,21.809,2.5933,0.3622,0.2079,52.508,-23.037,-14.184,18.967,220.44,1
20.81,12.186,2.4306,0.5083,0.2616,28.351,-8.6124,4.952,5.8095,187.38,1
97.905,42.34,4.0321,0.1185,0.0599,79.902,99.254,27.67,8.181,238.3,1
102.41,29.223,3.3919,0.1614,0.0809,111.73,88.269,7.3521,0.046,321.6,1
103.82,34.177,3.1958,0.1644,0.0876,15.271,95.689,14.614,35.216,164.43,1
17.987,10.811,2.3054,0.5248,0.2698,-0.7882,6.1115,-3.3512,7.3429,235.02,1
83.042,21.829,3.403,0.1569,0.0808,58.16,87.518,12.393,4.5497,266.41,1
28.448,12.989,2.5224,0.4354,0.2447,18.237,-13.939,9.5932,23.302,169.66,1
72.867,31.736,3.5028,0.2193,0.1114,62.678,60.486,-23.644,1.067,300.6,1
27.157,17.698,2.7177,0.3851,0.2079,9.2148,12.499,17.247,2.1915,204.85,1
73.489,43.609,3.926,0.12,0.0602,51.181,68.371,-24.509,1.302,206.47,1
99.847,37.714,3.4756,0.2191,0.1112,-109.35,67.742,-25.381,9.1004,374.65,1
31.68,16.852,2.637,0.3437,0.1949,-38.063,-27.333,-13.41,9.7853,128.83,1
27.019,11.996,2.5416,0.4914,0.2514,8.1878,15.918,-7.8882,1.0613,204.92,1
44.079,12.461,2.6609,0.3821,0.2216,24.912,29.193,9.015,3.9175,174.77,1
18.064,10.401,2.3655,0.6293,0.3341,21.87,10.884,5.7515,71.914,141.82,1
158.53,16.665,2.3617,0.6174,0.3239,-103.42,-122.17,-7.5258,6.673,340.77,1
33.2,10.503,2.5099,0.3988,0.2334,24.652,-12.712,3.5871,3.651,220.92,1
33.683,15.297,2.8038,0.3441,0.194,13.908,27.394,-5.6248,1.573,151.44,1
80.953,22.865,3.6501,0.1818,0.0973,84.096,84.664,7.2546,1.7098,242.77,1
16.63,11.295,2.3729,0.6017,0.3199,3.8575,-8.2844,5.7912,59.953,169.8,1
53.069,17.15,2.7774,0.2838,0.1845,-26.09,-45.019,-9.618,5.413,129.75,1
41.733,20.71,3.0443,0.2104,0.1061,-10.692,9.6262,9.8165,1.0347,168.99,1
22.867,11.191,2.2672,0.5622,0.3,13.667,19.561,-8.2848,20.949,226,1
21.607,6.827,2.0774,0.7029,0.4059,23.278,12.351,6.4888,88.906,259.47,1
20.943,12.44,2.3953,0.4789,0.2596,27.418,9.3586,9.3778,60.023,67.208,1
21.153,16.436,2.6165,0.4547,0.2648,12.788,-7.4694,15.445,7.158,160.53,1
29.306,19.349,2.8014,0.3602,0.1856,19.837,21.163,15.415,9.652,72.825,1
40.48,15.848,2.8457,0.368,0.1947,-28.588,-11.793,5.9756,0.829,205.72,1
48.747,18.934,2.8663,0.2585,0.1367,-43.628,21.364,11.747,4.734,202.09,1
24.213,0,2.0952,0.739,0.4137,-25.422,-15.91,0.0001,6.4563,231.04,1
20.453,11.358,2.3304,0.5888,0.3061,19.907,19.434,-10.12,74.402,201.64,1
20.813,6.0469,2.2443,0.7977,0.5726,16.58,18.644,-6.1087,49.226,59.373,1
18.841,7.4896,2.1599,0.7405,0.474,0.2135,-3.3562,3.5175,45.228,73.717,1
56.08,23.298,3.2848,0.1889,0.1067,44.643,53.438,-14.291,3.3089,211.55,1
30.977,27.261,2.9954,0.2668,0.145,-2.4964,26.368,15.487,18.143,74.724,1
69.476,33.223,2.6075,0.3679,0.1963,-63.74,-55.853,26.895,16.152,294.4,1
59.416,26.672,3.3559,0.1313,0.0659,-10.125,48.503,-11.463,4.558,205.35,1
54.512,19.502,2.9509,0.2531,0.145,32.956,-32.128,-14.652,1.7074,212.9,1
33.375,16.928,2.5623,0.3589,0.1795,44.189,20.992,14.419,13.511,232.18,1
80.649,30.916,3.7167,0.1569,0.0888,41.419,82.697,20.408,3.0387,197.24,1
74.62,25.901,3.3077,0.1881,0.1051,17.007,78.954,-20.262,5.231,203.42,1
23.663,12.255,2.2945,0.6193,0.368,26.06,12.646,7.0634,5.9657,114.66,1
46.019,24.76,3.4715,0.1854,0.0947,25.227,31.595,18.306,14.916,229.32,1
61.659,13.891,2.6702,0.4145,0.2147,32.475,58.571,10.024,8.609,171.8,1
34.975,17.683,2.8435,0.2781,0.1398,26.673,15.711,-7.6168,27.846,147,1
33.835,13.194,2.4158,0.3455,0.1862,-52.814,20.15,8.7126,15.046,217.08,1
58.556,25.66,3.231,0.1816,0.1102,18.605,20.376,9.2744,0.052,228.51,1
57.973,25.686,3.2838,0.2981,0.1652,-49.93,45.789,20.132,0.023,280.15,1
41.394,9.6415,2.4393,0.4364,0.2491,54.575,-16.057,-6.2314,1.811,185.41,1
22.611,15.892,2.5132,0.4018,0.204,25.561,7.0359,-9.1635,59.503,101.81,1
17.22,11.097,2.2455,0.5795,0.3267,1.8081,-6.9469,-6.0428,88.74,193.56,1
59.534,27.476,3.3914,0.2441,0.1403,-56.915,42.087,23.449,6.0118,269.09,1
28.687,15.115,2.618,0.4554,0.2494,15.34,17.648,9.2523,4.195,66.304,1
42.646,15.742,2.7612,0.2548,0.1291,-48.429,22.991,11.26,5.392,167.23,1
82.813,27.07,3.3368,0.3675,0.242,17.246,28.334,14.7,2.569,358.14,1
98.469,27.071,3.5626,0.1306,0.0656,74.434,83.297,-15.124,0.921,270.99,1
19.818,12.477,2.472,0.4958,0.2816,1.9274,-8.4311,-10.065,4.498,108.88,1
107.24,64.165,4.4178,0.0618,0.0313,19.674,80.753,46.764,0.8238,286.31,1
106.52,26.591,3.0286,0.2163,0.1128,31.822,86.506,-15.975,5.144,294.54,1
27.477,21.704,3.0513,0.2968,0.1559,-13.178,-10.548,-18.545,17.86,141.44,1
20.764,16.296,2.634,0.4413,0.2381,8.5442,14.443,-12.431,54.781,48.663,1
90.358,34.297,3.6335,0.1823,0.1115,-56.17,57.19,12.481,0.803,343.31,1
78.337,18.109,2.7675,0.2408,0.1204,153.66,-77.296,-5.8706,7.9135,257.19,1
61.356,19.423,2.9373,0.2865,0.1473,5.263,-44.503,-12.126,3.776,240.09,1
30.741,13.96,2.6911,0.3788,0.2067,3.4461,-14.552,1.5275,3.262,185.15,1
114.17,30.628,3.8192,0.1576,0.0836,-55.931,77.371,-19.051,1.219,305.77,1
35.235,15.032,2.6309,0.3088,0.1579,15.597,-11.812,9.2908,19.418,208.26,1
24.932,16.445,2.4133,0.3784,0.1988,11.408,10.978,13.711,19.704,203.6,1
63.245,10.37,2.7642,0.3219,0.1678,28.234,33.05,7.5099,6.61,235.97,1
18.896,13.977,2.3579,0.7105,0.3794,-22.959,11.116,5.7523,38.364,164.06,1
20.949,20.522,2.7067,0.3674,0.1955,19.952,14.72,11.328,46.276,155.72,1
34.971,21.185,3.1217,0.2372,0.1281,0.0356,22.231,13.192,2.16,186.42,1
21.196,6.9776,2.0986,0.7171,0.3944,-23.238,-12.034,-6.26,76.74,148,1
27.406,12.031,2.5366,0.4244,0.2311,4.3012,18.283,4.7342,15.928,249.64,1
12.874,11.443,2.4023,0.7366,0.3703,15.019,-2.8617,11.719,23.933,114.23,1
36.59,15.345,2.8102,0.2864,0.1525,31.171,18.152,-5.9338,2.1648,213.78,1
26.343,17.547,2.596,0.4157,0.2091,-0.8051,-5.5595,-14.905,70.193,72.639,1
28.974,17.848,2.7738,0.3519,0.2029,31.813,18.967,-8.7419,15.547,217.47,1
67.191,29.402,3.2895,0.1833,0.0922,44.41,49.095,32.735,0.404,226.76,1
24.226,18.106,2.5289,0.3728,0.1997,15.726,-13.556,11.386,2.572,223.79,1
61.746,22.077,2.9571,0.2627,0.1396,60.316,62.197,-11.068,7.795,318.01,1
21.279,15.436,2.6924,0.4934,0.3421,1.2766,17.246,6.3163,22.87,169.24,1
35.474,9.9857,2.4393,0.4364,0.2418,12.883,28.209,-4.2739,21.853,193.07,1
47.817,14.455,2.5971,0.5006,0.2516,36.349,15.146,-11.31,2.529,125.03,1
75.426,33.524,3.9307,0.131,0.0682,15.565,70.572,25.428,0.8501,249.88,1
82.414,27.38,3.0702,0.1829,0.1034,-82.895,-79.01,17.101,3.573,279.31,1
36.817,15.698,2.6123,0.3126,0.1746,27.114,19.065,9.4098,22.259,182.55,1
42.904,22.53,3.3729,0.2081,0.1049,23.174,-26.825,14.42,1.586,232.9,1
51.03,28.963,3.084,0.1665,0.0861,40.392,32.979,25.407,3.905,171.15,1
44.107,18.01,2.7139,0.3304,0.1671,-38.092,-19.922,-8.9393,2.7663,220.96,1
62.136,23.963,3.5289,0.1994,0.1037,-6.6618,53.825,12.206,1.797,219.94,1
20.593,16.317,2.2844,0.4208,0.2156,-34.986,18.146,6.347,37.511,205.85,1
154.65,40.192,3.4518,0.159,0.0839,140.9,116.45,-18.527,4.0716,217.38,1
71.513,22.883,3.2174,0.1261,0.0676,25.111,53.284,-7.2291,9.2116,219.28,1
51.748,24.064,2.8045,0.3765,0.2251,32.617,42.108,-23.606,11.19,269.42,1
60.96,24.366,3.0065,0.2562,0.1443,-71.671,31.34,19.682,15.047,272.61,1
35.804,15.604,2.5244,0.4126,0.2377,27.31,28.006,-8.1598,22.478,178.47,1
152.89,36.004,3.0615,0.1953,0.1141,-152.98,109.93,23.022,3.8617,177.85,1
17.528,7.466,2.2109,0.7815,0.5446,-0.586,1.0294,-4.2404,69.896,216.19,1
15.805,11.839,2.4518,0.6254,0.3375,-1.9127,5.0444,-5.3621,40.692,205.39,1
85.789,27.615,3.3077,0.2708,0.1494,2.5949,42.692,19.438,0.2716,332.49,1
29.085,25.047,2.8404,0.2426,0.1321,4.0515,16.281,11.585,16.727,185.54,1
92.576,16.042,2.7679,0.3481,0.2346,-147.99,76.964,-8.8445,0.5051,237.76,1
23.997,15.935,2.3784,0.4519,0.2741,12.976,12.822,-15.179,17.764,126.35,1
72.766,27.407,2.8603,0.3172,0.1759,9.1311,46.709,16.848,1.1998,349.76,1
29.742,23.551,2.8814,0.2957,0.1636,8.8321,-16.526,-14.47,32.683,53.216,1
29.752,14.439,2.7756,0.3839,0.192,-6.6857,8.7238,6.5997,2.3698,209.78,1
89.93,28.18,3.0732,0.1817,0.0942,26.042,58.615,-23.505,3.2204,300.6,1
34.481,12.558,2.3043,0.4715,0.2556,-30.196,-12.933,10.049,36.439,152.57,1
33.951,21.387,2.8684,0.3304,0.1862,9.3074,28.976,-17.952,18.565,281.67,1
36.591,22.598,2.5838,0.399,0.2282,-55.144,30.195,-10.497,9.497,125.63,1
34.33,17.506,2.601,0.3308,0.1717,18.428,25.069,14.006,34.428,182.82,1
30.7,13.668,2.658,0.4264,0.2187,-2.211,12.085,4.3089,2.2951,178.53,1
18.712,12.919,2.4495,0.5435,0.2895,12.611,6.8389,-7.3042,17.131,190.15,1
28.901,24.148,2.9987,0.2828,0.159,-4.2095,-5.3399,18.545,77.094,60.875,1
21.646,12.695,2.4005,0.4573,0.2366,-29.582,6.9841,8.7935,30.967,204.56,1
62.128,26.528,3.2053,0.3222,0.1854,-0.5942,23.577,3.9269,1.086,328.6,1
53.455,13.481,2.7536,0.3704,0.2055,-79.427,30.927,11.709,10.084,252.95,1
26.671,14.324,2.7543,0.4507,0.2298,25.209,-6.0954,8.1137,14.502,208.08,1
23.354,0,2.1538,0.786,0.4456,23.053,17.599,0,11.469,130.66,1
18.205,10.7,2.2227,0.509,0.2605,-0.158,3.675,-2.7717,26.312,202.7,1
24.997,12.565,2.49,0.3819,0.2055,-21.714,-5.9541,7.0785,14.115,168.87,1
43.142,0,2.3936,0.4808,0.2525,0,0,16.878,82.278,193.36,1
21.977,6.7315,2.1021,0.7194,0.3913,24.401,10.565,-6.658,42.98,172.8,1
13.042,10.829,2.1477,0.7616,0.4662,-13.76,4.9355,-9.777,23.305,224.69,1
82.407,28.717,3.594,0.1732,0.1089,-36.477,58.942,11.395,0.3565,303.15,1
36.747,20.9,3.03,0.265,0.1395,41.397,25.514,-10.902,10.785,161.62,1
28.643,18.212,2.8901,0.3026,0.1578,-1.4694,-6.3293,7.6653,9.43,181.17,1
26.417,8.1402,2.4074,0.6145,0.4677,4.8383,24.305,10.018,7.3755,125.24,1
19.828,7.2342,2.1287,0.7732,0.3978,4.4667,-11.5,-4.9094,80.558,129.45,1
25.424,12.76,2.6385,0.4598,0.2816,-21.236,-13.29,8.6205,2.8656,98.662,1
44.301,19.255,2.8573,0.2806,0.1479,51.686,35.229,16.697,9.83,279.16,1
34.205,17.228,2.7653,0.2764,0.1502,-23.719,-11.255,-6.5277,19.049,240.33,1
52.55,17.462,2.6547,0.2547,0.1318,-45.793,23.598,16.006,13.002,143.36,1
29.003,16.257,2.4533,0.4401,0.2553,29.534,21.301,7.7872,51.909,101.11,1
21.927,12.439,2.3294,0.4824,0.26,-29.397,8.5547,9.0607,8.4031,157.32,1
17.977,12.705,2.4108,0.567,0.3398,2.1079,-9.2332,-9.5437,38.495,138.63,1
81.512,32.093,2.8624,0.2306,0.127,-132.54,60.801,22.759,7.5361,197.82,1
50.942,34.524,3.46,0.1852,0.1038,39.931,38.98,21.683,0.545,256.11,1
92.426,24.946,2.6693,0.3084,0.1552,-124.5,79.94,-13.818,1.4029,215.52,1
84.367,16.27,2.6107,0.5907,0.4032,57.524,63.449,16.76,12.706,137.92,1
30.853,0.0063,2.2967,0.596,0.3561,14.394,15.382,-0.0001,21.138,144.09,1
42.374,12.703,2.5484,0.3423,0.174,22.868,23.165,-6.5528,7.1396,153.65,1
22.274,10.047,2.2253,0.5774,0.2946,2.0416,-15.024,-8.1715,2.1861,168.75,1
36.599,11.035,2.5949,0.3964,0.2046,45.302,28.35,2.7126,11.146,175.36,1
43.247,21.423,2.7093,0.2383,0.124,1.221,22.89,-10.481,16.234,119.66,1
42.395,20.413,3.0732,0.2552,0.1491,19.215,32.657,13.384,7.9513,206.33,1
23.788,14.431,2.5441,0.4743,0.3043,10.579,17.797,-10.91,14.006,149.89,1
105.33,20.229,3.0726,0.319,0.2043,-33.848,-65.466,-17.676,1.8752,296.76,1
21.98,9.9722,2.2041,0.6312,0.3969,20.452,19.996,11.496,7.597,81.001,1
31.746,9.094,2.3811,0.5447,0.2931,41.063,9.8261,-11.497,18.158,170.37,1
39.101,17.806,2.9983,0.3102,0.1822,20.979,38.537,-10.158,4.659,227.41,1
18.735,10.692,2.3096,0.7059,0.3652,-8.339,16.512,-7.031,46.177,157,1
43.151,17.477,2.8713,0.3174,0.1796,23.363,35.481,-12.055,6.0528,233.29,1
74.721,29.532,3.1461,0.2229,0.1211,61.582,68.822,30.117,18.969,226.08,1
29.447,16.609,2.5527,0.3838,0.2535,-2.3099,-15.21,-7.3677,13.427,203.42,1
49.226,17.426,2.7631,0.2968,0.1579,-5.3737,-28.201,-11.328,1.1643,252.79,1
85.182,34.524,3.5263,0.15,0.0862,61.862,82.116,-20.363,3.888,170.42,1
37.264,19.694,3.0073,0.2625,0.1332,8.7516,22.651,-15.866,6.5171,196.02,1
49.962,12.124,2.4322,0.3401,0.183,-80.4,34.758,7.5747,23.091,289.19,1
45.996,24.847,3.1707,0.1978,0.1077,36.948,31.616,11.207,9.911,115.89,1
38.681,19.803,3.1201,0.226,0.1346,8.0714,20.1,5.3389,13.342,233.67,1
12.988,10.471,2.1446,0.7599,0.5125,-12.663,-4.8272,-4.8971,1.4342,143.22,1
100.56,51.083,4.2194,0.0717,0.0375,43.637,92.981,15.531,2.128,224.48,1
60.621,27.012,3.0785,0.2538,0.1331,-15.093,-79.347,14.477,72.887,133.9,1
60.009,14.465,2.8261,0.3657,0.2172,-46.683,41.293,-6.1147,1.388,283.48,1
29.147,13.858,2.3892,0.4245,0.2306,36.554,18.058,7.1788,17.954,173.49,1
53.079,20.67,3.1411,0.2066,0.1087,-35.837,40.226,-16.334,6.81,147.69,1
55.838,27.697,3.2788,0.1521,0.0771,15.421,36.659,-7.268,9.528,218.43,1
42.614,13.822,2.6781,0.4008,0.2214,14.968,41.589,4.334,17.82,212.62,1
42.169,32.054,3.2265,0.1621,0.0893,-5.8709,25.665,24.385,33.87,114.01,1
37.153,19.073,2.9071,0.3108,0.2012,11.65,21.901,17.372,11.785,192.71,1
42.481,17.693,2.851,0.3975,0.2206,30.515,32.306,16.017,11.554,283.15,1
65.845,21.302,3.224,0.1791,0.0934,63.249,37.956,5.1343,0.152,243.17,1
88.795,41.529,3.7945,0.1804,0.0917,45.624,-50.2,23.439,1.288,373.94,1
97.493,36.417,4.0082,0.1183,0.0608,79.1,84.888,-21.295,1.9247,304.48,1
62.93,21.215,3.2015,0.2201,0.1204,8.0752,28.616,-2.9876,10.598,252.09,1
20.029,11.42,2.5557,0.5758,0.3102,6.3374,16.126,4.2494,28.298,76.802,1
40.712,23.109,3.0374,0.2734,0.1803,24.955,27.143,16.256,16.547,130.29,1
12.959,11.287,2.2135,0.7462,0.3945,14.972,-5.4779,-11.585,71.829,139.62,1
17.344,11.059,2.3711,0.566,0.3255,-0.9829,5.7716,-5.9806,45.521,148.16,1
41.846,19.43,3.1166,0.2217,0.1235,11.525,27.983,-11.941,0.092,193.58,1
12.724,11.629,2.266,0.7046,0.3984,15.61,-9.413,-6.6502,78.958,121.18,1
61.58,23.267,3.3708,0.1695,0.0922,47.178,56.412,-12.363,6.494,254.93,1
68.068,34.446,3.8903,0.1468,0.0804,8.3381,36.71,28.208,6.31,235.98,1
44.833,10.501,2.7067,0.4656,0.2485,3.4712,-34.555,7.9535,4.9965,185.97,1
15.448,12,2.5302,0.6401,0.326,-2.1268,4.528,3.4228,5.4134,154.56,1
48.369,21.433,3.1074,0.2351,0.1339,54.297,-23.625,14.576,6.616,184.4,1
56.49,22.378,3.2172,0.2092,0.118,47.817,40.895,15.033,1.2155,257.51,1
19.769,0,2.2055,0.8037,0.5639,1.3084,-7.1052,0,13.733,109.44,1
87.243,57.176,4.2324,0.0644,0.0325,-19.731,78.262,62.226,3.825,220.73,1
32.336,14.587,2.4793,0.3582,0.1973,20.129,24.573,-11.798,26.53,143.25,1
22.3,6.605,2.2082,0.7368,0.3746,25.67,6.2692,-6.767,3.2088,207.82,1
67.584,14.784,2.7631,0.3934,0.1993,51.718,66.599,-8.2886,1.0325,159.29,1
20.077,17.614,2.6238,0.4614,0.2961,-3.3615,-13.835,15.785,71.363,121.29,1
16.526,11.096,2.3747,0.6456,0.3903,-3.1107,6.4167,7.9088,37.168,154.31,1
17.79,12.619,2.4191,0.6095,0.3219,-4.0808,12.529,6.4772,46.23,160.55,1
24.908,16.26,2.7443,0.382,0.2225,18.366,4.8267,8.9724,0.758,148.26,1
31.777,17.341,2.5428,0.3553,0.1877,-26.038,-8.6966,-11.027,7.7165,210.36,1
71.527,27.261,2.6439,0.2792,0.1442,77.27,57.367,17.539,12.571,305.97,1
21.085,16.566,2.601,0.4737,0.302,27.468,-9.8819,-7.4203,3.6007,158.11,1
18.516,7.2786,2.2055,0.8162,0.4704,-5.0046,9.3048,-3.1974,6.561,102.12,1
20.66,8.637,2.3243,0.6682,0.4289,-21.056,-14.582,-1.4484,12.801,138.17,1
47.824,22.388,3.0887,0.3033,0.1961,32.625,50.148,-18.727,18.27,215.1,1
13.274,10.186,2.2188,0.8036,0.4924,-13.041,-6.9525,11.082,87.512,178.86,1
20.73,11.16,2.3729,0.5975,0.3242,14.109,18.57,5.4079,44.263,80.022,1
65.252,28.768,3.0529,0.2143,0.1217,65.694,53.926,25.494,23.088,241.04,1
110.36,43.259,4.117,0.0981,0.0505,-133.41,73.671,-30.99,0.324,308.79,1
50.999,14.206,2.8506,0.2779,0.1615,13.049,-23.3,-9.7623,5.341,179.42,1
35.579,19.101,3.0284,0.3091,0.1719,-5.288,22.065,12.123,12.398,206.16,1
20.155,7.2713,2.1538,0.7439,0.3895,2.937,-10.326,5.4073,39.628,133.69,1
31.113,21.452,2.8745,0.255,0.1422,-8.5077,18.2,11.459,65.437,50.708,1
26.464,9.3851,2.3608,0.5272,0.2767,32.285,18.723,-5.9279,8.4593,136.37,1
39.964,11.957,2.6604,0.3388,0.2022,-28.435,-28.101,-2.9941,6.987,109.07,1
38.84,16.334,2.5905,0.3979,0.2169,3.168,-26.099,-17.568,6.5413,220.27,1
87.38,25.935,3.4242,0.1958,0.115,-39.429,62.021,18.985,2.5025,291.16,1
25.758,17.572,2.4338,0.3831,0.2486,-3.0098,-23.964,14.748,29.836,176.89,1
77.123,27.402,3.485,0.1604,0.0918,54.83,77.886,-9.0939,0.305,191.93,1
23.611,15.481,2.633,0.3842,0.2154,12.278,-2.1389,12.707,84.832,73.049,1
18.653,7.273,2.2135,0.8135,0.4618,-5.0858,9.7208,2.6196,42.515,149.85,1
21.73,6.5065,2.1222,0.7396,0.4717,20.851,15.6,-6.5148,79.584,155.29,1
15.185,12.095,2.3962,0.6506,0.3353,-2.4163,3.6559,4.1743,49.197,197.17,1
31.366,15.678,2.688,0.3877,0.2328,8.6684,25.339,-7.7915,9.4083,203.32,1
18.622,16.956,2.3149,0.4746,0.2542,12.349,17.719,11.873,48.202,234.45,1
25.309,10.386,2.2589,0.4518,0.2286,-12.881,-18.569,4.6308,65.202,114.7,1
21.811,18.858,2.5688,0.4211,0.2416,5.292,9.7393,9.7954,65.808,106.24,1
35.434,17.177,2.7566,0.3713,0.218,6.1006,29.846,12.988,25.724,157.74,1
21.218,6.6886,2.2343,0.7522,0.4636,20.599,15.319,-6.2442,12.001,128.95,1
37.481,17.54,2.8899,0.241,0.1231,32.975,20.168,3.9457,3.5686,162.66,1
23.773,15.174,2.7046,0.4087,0.2142,33.947,11.562,-12.264,10.926,190.18,1
86.348,25.629,2.9857,0.3245,0.2041,98.648,68.29,-27.491,1.7715,257.09,1
62.077,34.86,3.8463,0.1375,0.0713,45.412,50.749,-20.315,3.635,198.92,1
63.843,20.616,3.0348,0.287,0.15,28.596,66.038,-14.943,11.731,198.35,1
72.612,17.718,3.0616,0.2169,0.1219,39.028,59.884,-15.278,6.3019,234.18,1
27.883,18.069,2.7255,0.3819,0.1985,6.7361,-21.75,10.152,32.071,136.78,1
26.587,18.637,2.8722,0.3758,0.1913,22.113,-12.448,8.9906,1.475,101.46,1
30.058,24.573,3.1207,0.3378,0.1897,22.429,24.157,-18.758,25.478,74.456,1
71.862,28.833,3.5638,0.2047,0.1173,-53.19,64.81,-11.129,1.2638,287.37,1
21.378,12.804,2.3043,0.4367,0.2208,16.309,6.6136,8.6171,31.023,187.95,1
29.638,18.164,2.7412,0.2795,0.1624,-3.4342,18.143,-3.8934,16.691,108.79,1
25,22.026,2.8264,0.2849,0.1469,-13.798,8.006,12.89,81.71,91.53,1
41.172,13.837,2.8202,0.295,0.1505,27.706,-16.786,8.3491,5.5596,214.55,1
38.239,15.066,2.7443,0.2919,0.1577,14.786,-24.81,12.224,1.639,211.5,1
89.097,27.443,3.4193,0.1664,0.0981,-70.23,64.778,19.268,1.6024,270.83,1
34.938,25.23,3.1787,0.2353,0.1209,-19.491,-15.351,-17.692,30.336,98.273,1
12.955,11.309,2.1804,0.7459,0.3795,15.01,-3.7676,-11.761,66.059,119.26,1
82.807,20.555,3.5722,0.2426,0.1241,-53.786,67.56,-12.983,0.524,276.38,1
43.028,31.388,2.799,0.2272,0.1152,56.852,27.378,16.623,65.188,176.82,1
68.43,24.703,2.9559,0.269,0.1444,-37.203,-30.38,14.553,7.302,292.08,1
44.37,16.88,2.7271,0.2699,0.1396,57.556,38.491,-14.228,0.577,240.02,1
23.501,18.691,2.6972,0.3916,0.2259,-10.124,-12.85,-15.418,17.856,159.77,1
63.371,17.329,2.78,0.3685,0.1934,54.319,66.716,-12.185,7.406,281.55,1
77.916,25.291,3.4083,0.1882,0.1053,15.314,59.109,-17.395,2.21,260.79,1
57.523,18.311,3.0183,0.3183,0.1826,34.61,61.656,8.7783,2.846,242.75,1
32.673,13.601,2.6853,0.3695,0.195,13.071,23.663,-6.6152,12.193,252.29,1
26.743,14.379,2.4378,0.3978,0.2208,-26.259,-22.301,-5.1118,86.295,111.38,1
25.399,14.042,2.5334,0.3953,0.2533,6.6444,16.452,9.2754,8.4814,164.81,1
19.926,16.744,2.6698,0.4171,0.2107,0.3877,-8.6963,12.546,2.579,187.39,1
78.566,38.239,3.0523,0.1915,0.0988,-51.027,-26.261,32.232,6.5405,287.08,1
33.651,16.655,2.6238,0.2687,0.1415,50.961,16.881,-15.297,32.765,155.89,1
101.84,37.646,4.1331,0.0869,0.0435,-67.094,81.728,-11.69,2.153,274.16,1
49.654,21.738,2.8041,0.2198,0.1122,-50.199,-36.035,-12.716,7.9929,179.95,1
20.344,12.946,2.3233,0.4988,0.3159,13.151,14.094,2.9453,66.21,124.36,1
81.722,25.467,3.4322,0.1867,0.097,26.389,49.545,-7.519,0.969,266.4,1
94.42,27.191,3.1082,0.191,0.1072,83.915,96.788,-21.985,3.9059,299.73,1
35.522,16.546,2.6613,0.3664,0.2236,16.608,-16.706,7.5723,11.586,213.45,1
36.635,19.098,3.1561,0.3162,0.1916,-1.6013,-33.015,-15.576,8.007,157.74,1
87.487,33.001,3.5659,0.1628,0.0825,53.248,106.89,15.257,12.056,115.76,1
86.651,27.941,3.1097,0.195,0.1037,85.71,86.767,-16.768,6.2315,271.19,1
69.626,23.089,2.8716,0.3992,0.2345,-3.697,67.59,24.952,8.256,326.2,1
18.547,12.729,2.4691,0.5433,0.3073,2.8047,-10.225,-9.4114,55.764,142.7,1
18.22,14.363,2.4125,0.5687,0.3075,9.146,-16.87,-6.4355,85.333,50.755,1
23.046,17.46,2.6149,0.4078,0.2075,-7.6848,-6.6192,-5.7936,79.507,110.69,1
71.633,25.712,3.1938,0.185,0.1098,-47.491,43.553,6.8825,2.98,238.99,1
24.653,12.012,2.5977,0.4419,0.221,12.882,-14.081,7.596,5.5765,121.57,1
78.136,32.848,3.0054,0.1827,0.0943,-141.06,61.072,-14.012,7.5801,282.22,1
22.568,11.591,2.4836,0.578,0.2939,12.046,20.305,-3.4093,35.141,120.13,1
22.872,12.457,2.2504,0.618,0.368,16.372,15.652,-9.4009,3.427,105.33,1
53.138,23.854,3.4822,0.2033,0.1099,31.951,51.463,11.978,5.6592,212.61,1
27.046,16.128,2.57,0.3795,0.1925,-5.016,-22.823,-13.138,12.744,141.14,1
16.419,7.2124,2.3064,0.8444,0.5951,-3.036,-7.2376,-5.8913,38.836,121.1,1
35.381,13.331,2.8395,0.3459,0.1845,47.265,16.827,6.3108,8.4671,206.34,1
42.126,19.334,2.6702,0.3141,0.1656,-17.763,-36.025,10.883,2.1978,39.231,1
23.719,18.569,2.5179,0.3612,0.2049,10.423,5.296,16.493,66.36,148.78,1
85.447,26.031,3.1723,0.1796,0.1032,-36.693,-76.932,-11.85,1.241,208.86,1
92.256,23.506,3.1136,0.194,0.0982,-24.589,66.72,-10.052,0.224,250.36,1
25.261,22.263,3.1237,0.2986,0.1516,2.5509,16.529,7.8636,4.53,62.115,1
43.246,35.685,3.4692,0.1599,0.0844,5.5244,37.212,19.962,11.819,128.24,1
27.391,20.233,2.7332,0.3161,0.171,8.9164,18.535,16.212,37.314,94.982,1
119.04,87.323,4.2585,0.0673,0.0351,68.765,118,-45.915,10.226,94.053,1
37.931,16.2,2.6128,0.3707,0.189,34.61,36.002,11.345,11.467,229.33,1
28.248,17.827,2.534,0.3743,0.1886,6.2037,22.573,12.58,5.219,165.14,1
50.322,20.832,3.1055,0.2627,0.1424,19.493,31.837,8.5538,1.8611,253.05,1
65.915,26.148,3.5573,0.1688,0.0896,20.978,64.664,-19.668,3.5743,177.2,1
27.355,11.165,2.5112,0.4838,0.2481,27.939,22.53,-6.9337,13.606,181.7,1
19.482,7.1564,2.1688,0.8,0.4034,-5.9314,12.232,-4.1397,40.332,120.49,1
19.085,17.315,2.3847,0.5443,0.2907,-15.039,-16.303,7.3017,35.355,234.26,1
18.509,11.588,2.3979,0.68,0.414,11.981,18.814,-8.4055,85.966,185.61,1
17.846,10.836,2.2455,0.5511,0.2756,24.063,8.1612,3.8501,80.68,152.34,1
37.696,25.062,3.4728,0.2027,0.1072,21.704,28.239,5.0767,5.0315,139.49,1
75.663,27.713,2.7889,0.2537,0.1325,74.687,65.786,21.55,11.373,275.17,1
24.174,18.228,2.5397,0.329,0.1659,38.929,-9.7752,-14.815,86.932,62.108,1
64.085,22.746,2.8439,0.3754,0.197,-22.137,20.895,-22.658,3.2072,338.01,1
12.743,11.597,2.2135,0.7095,0.4006,15.518,-9.2202,7.8151,79.144,180.95,1
46.091,23.072,3.1092,0.2496,0.1248,55.541,37.631,13.424,7.9276,280.06,1
19.145,16.762,2.5172,0.4438,0.2295,5.6604,-10.081,11.59,24.631,165.35,1
19.874,12.768,2.3936,0.4768,0.2525,-0.8076,8.9194,8.984,12.872,60.649,1
24.361,8.5251,2.4273,0.6056,0.4355,11.548,13.47,3.6768,27.027,149.5,1
72.343,25.299,3.3711,0.1855,0.1002,39.988,66.548,-17.017,1.8521,198.58,1
22.994,16.602,2.6889,0.4483,0.2446,24.637,-16.517,13.453,50.697,30.636,1
67.401,21.569,3.2579,0.2645,0.1394,-49.726,54.292,18.498,2.729,291.71,1
70.844,23.477,3.0711,0.2088,0.1133,-43.438,57.362,14.276,1.6041,286.03,1
18.825,10.244,2.3464,0.5631,0.286,-24.817,-7.6545,-4.8367,6.221,157.89,1
30.865,17.768,2.769,0.2962,0.1506,21.522,18.108,-10.951,13.532,181.91,1
13.16,10.445,2.1414,0.787,0.4874,13.183,5.6563,-10.596,34.586,179.1,1
88.902,28.525,3.5765,0.1655,0.0874,61.521,94.825,-20.429,3.2132,244.23,1
72.256,28.598,3.4878,0.1291,0.0672,29.621,67.317,-15.079,5.466,184.51,1
19.959,7.3244,2.1538,0.7439,0.4035,-2.5303,9.5411,-5.2097,12.927,209.31,1
40.181,16.281,2.636,0.3145,0.1607,59.505,-18.318,15.348,14.366,183.18,1
44.639,29.623,3.1989,0.2897,0.1679,22.412,47.056,-18.672,0.0056,126.29,1
31.933,26.622,2.8645,0.3661,0.2029,17.711,20.076,-11.752,49.979,85.392,1
17.102,7.4063,2.2368,0.8058,0.5652,-1.4842,-4.1969,4.9186,9.259,181.94,1
44.676,16.49,2.829,0.2402,0.1238,50.961,-22.875,-10.926,11.01,161.25,1
40.042,16.063,3.0851,0.3091,0.1722,11.679,37.149,8.3653,4.871,222.03,1
54.137,18.219,2.9566,0.242,0.1398,70.74,38.107,4.0859,0.16,208.2,1
61.824,24.113,3.065,0.2695,0.1545,-47.955,33.622,3.8995,5.6814,278.24,1
66.958,21.57,3.2346,0.1946,0.1011,-1.1232,65.049,9.0345,6.992,226.29,1
32.676,17.203,2.6207,0.3305,0.1832,-20.573,-19.997,-4.9301,8.327,167.65,1
46.146,21.769,2.9673,0.2243,0.1396,42.259,13.646,11.96,7.915,229.2,1
30.509,15.86,2.6609,0.4367,0.2303,3.5959,16.78,-10.433,6.33,212.26,1
19.467,16.865,2.5198,0.4471,0.2492,-13.509,-8.5647,-13.576,24.663,201.26,1
20.705,14.83,2.4646,0.4768,0.259,-4.2725,17.13,-3.9602,25.294,178.55,1
34.77,29.104,3.0235,0.2094,0.1075,36.598,-18.862,22.072,4.018,145.07,1
27.359,6.8908,2.2253,0.6012,0.3601,8.3503,17.401,-4.1033,51.723,198.51,1
26.408,14.729,2.6915,0.3906,0.2106,13.517,-7.4281,-4.8817,4.7804,171,1
128.26,46.348,4.0138,0.0923,0.0479,-108.93,102.41,20.225,3.208,231.84,1
12.969,10.991,2.2589,0.7438,0.4601,13.994,-6.6805,7.972,32.816,132.15,1
50.21,18.79,3.0599,0.2352,0.1267,21.189,37.366,-9.2378,10.563,266.61,1
127.82,90.078,4.6163,0.0327,0.0166,131.42,98.305,61.158,0.462,191.15,1
12.831,11.509,2.2292,0.7316,0.3746,-15.112,5.0164,11.627,60.579,136.91,1
29.992,15.23,2.6875,0.3881,0.2351,33.781,24.38,4.6567,4.0005,183.54,1
16.278,11.281,2.281,0.6073,0.4058,0.3441,-2.6189,-7.9878,69.623,147.61,1
26.514,16.606,2.8808,0.3658,0.2349,-5.6836,-16.581,-10.88,7.5418,175.1,1
20.099,12.867,2.4057,0.4558,0.2417,11.504,9.7434,7.875,21.675,212.1,1
44.229,16.989,2.7255,0.2973,0.1947,41.131,-11.749,10.283,4.862,177.25,1
20.054,10.602,2.301,0.62,0.3525,-6.1269,16.727,-7.8548,83.468,231.2,1
39.157,12.701,2.6026,0.2996,0.1635,56.698,14.352,9.1642,13.778,136.38,1
83.285,22.584,3.1284,0.2507,0.1626,-75.26,55.207,18.666,2.772,255.47,1
60.076,23.43,2.9004,0.2591,0.1352,29.215,62.638,-15.586,20.636,242.76,1
87.013,30.3,3.3364,0.1576,0.0873,51.486,71.496,-25.033,1.9882,248.29,1
29.283,15.009,2.6493,0.3498,0.1783,26.134,9.6941,-11.045,3.7162,185.27,1
17.557,10.259,2.3838,0.6859,0.3781,4.3642,-9.1216,-7.6008,20.564,174.84,1
21.427,11.926,2.4764,0.5109,0.2855,-27.928,6.0503,-8.6339,12.662,233.44,1
31.507,13.712,2.5905,0.4929,0.276,15.364,30.013,-12.127,20.582,220.3,1
19.683,9.7787,2.2227,0.5748,0.3024,-25.203,-7.2392,2.2394,42.489,177.3,1
38.953,13.99,2.6762,0.3224,0.1633,13.374,29.441,10.891,3.316,210.4,1
65.78,23.659,3.3623,0.1989,0.101,62.675,66.43,-6.5952,0.4845,182.56,1
43.573,20.067,2.828,0.2808,0.1404,-19.32,-28.497,15.052,11.131,190.86,1
29.466,19.639,2.9934,0.3503,0.1873,-4.3524,17.66,-2.6286,0.2353,211.72,1
98.696,31.863,3.1816,0.1685,0.0899,-71.599,-42.728,29.237,3.6338,290.65,1
18.884,14.313,2.437,0.5667,0.3199,19.252,18.368,-3.8031,41.771,70.207,1
40.002,16.593,3.0567,0.33,0.1891,16.28,26.397,9.8434,6.082,147.06,1
42.63,18.473,2.9474,0.3781,0.2049,38.281,41.36,-15.631,21.504,117.7,1
39.788,7.4617,2.2148,0.5488,0.2896,-23.57,-18.541,4.3433,7.5434,159.75,1
89.911,55.026,4.1374,0.0805,0.0427,92.409,73.998,-46.212,4.502,241.84,1
18.077,7.3589,2.2393,0.8127,0.5043,-3.7839,6.9754,-3.9507,56.687,162.47,1
21.701,9.4415,2.2788,0.6053,0.3395,-4.379,16.028,10.617,8.982,176.23,1
19.07,15.388,2.4526,0.5044,0.3122,4.2803,-16.411,8.2747,63.687,169.36,1
13.137,10.921,2.1055,0.7686,0.4196,14.563,-3.8238,-11.605,30.754,113.65,1
33.659,6.9885,2.5605,0.5722,0.2957,39.951,23.803,-6.091,5.222,170.01,1
78.248,27.813,3.3982,0.2758,0.1677,-3.0318,44.93,-8.3688,3.861,336.38,1
48.698,17.059,3.0748,0.2921,0.1578,18.599,47.726,-11.07,4.923,201.38,1
79.663,31.872,3.6422,0.1454,0.0765,-85.456,72.052,17.596,1.735,245.07,1
45.786,16.762,2.7466,0.2366,0.1228,-1.3927,31.863,-10.462,19.482,141.21,1
12.864,11.458,2.1629,0.7354,0.3746,15.067,-4.409,-11.682,35.056,35.394,1
91.734,22.198,2.8782,0.3084,0.1674,-89.462,55.995,-9.8994,2.652,332.26,1
30.955,17.845,2.5775,0.3942,0.2235,26.428,26.818,10.641,6.837,133.58,1
42.594,17.621,2.721,0.2852,0.1644,59.072,17.667,12.454,5.293,225.94,1
38.923,12.275,2.6522,0.3875,0.1971,23.101,13.515,-9.8795,22.706,157.61,1
40.63,18.445,3.0706,0.3051,0.1815,-26.044,-19.406,10.371,4.302,200.89,1
39.955,22.887,3.2417,0.2459,0.1505,13.674,23.788,8.4608,7.511,134.21,1
72.802,22.016,3.2564,0.1956,0.0984,12.384,69.155,15.227,1.068,227.69,1
50.95,23.836,3.1787,0.2001,0.105,-10.425,42.356,-21.921,13.697,257.41,1
38.521,35.563,3.2981,0.2059,0.1226,21.794,-16.089,-30.21,8.443,177.76,1
22.366,12.51,2.5185,0.4879,0.3106,-5.9879,-14.178,8.7397,30.245,237.69,1
33.332,14.836,2.8028,0.3811,0.2102,-30.765,-6.3349,-7.0376,6.05,179.49,1
12.659,11.762,2.0107,0.7122,0.3561,15,0.5949,-11.512,84.757,164.05,1
27.375,20.817,2.9393,0.2956,0.1558,31.412,19.722,9.9661,7.598,60.415,1
28.488,14.332,2.6656,0.4147,0.2581,15.745,13.571,3.8864,5.1525,145.89,1
29.55,16.266,2.5911,0.3385,0.1782,37.218,-13.925,-11.855,9.969,245,1
83.823,33.119,3.3621,0.2971,0.1592,47.047,-58.745,9.3165,3.155,388.66,1
41.67,18.745,2.9012,0.295,0.1488,9.9005,-24.44,11.665,4.758,192.38,1
31.142,14.22,2.5527,0.4818,0.3123,27.675,27.686,-10.498,3.7348,135.04,1
26.056,17.396,2.6848,0.4008,0.2593,-0.9388,14.454,-9.3874,62.601,122.55,1
16.977,10.94,2.2553,0.6389,0.3639,3.4201,-7.8253,7.357,12.434,187.59,1
82.13,39.8,3.7315,0.1821,0.0959,30.242,-35.713,-18.833,0.4454,360.03,1
48.134,22.393,2.752,0.2867,0.1602,33.335,26.314,-17.403,14.134,264.22,1
23.311,18.215,2.5832,0.3603,0.1867,-11.146,2.0355,-12.265,2.761,67.24,1
21.482,6.9123,2.1383,0.6982,0.3891,23.823,11.333,-6.4328,13.725,132.25,1
28.74,6.2873,2.3139,0.6456,0.4102,29.317,21.565,-4.4403,19.751,177.94,1
28.331,16.276,2.9069,0.3581,0.2051,3.3218,10.122,9.663,64.145,58.373,1
20.64,7.2305,2.1287,0.6989,0.368,-0.8805,7.2814,-5.9025,14.933,160.06,1
28.292,15.951,2.6721,0.4404,0.2691,33.553,20.28,-11.343,0.26,243.46,1
23.636,12.779,2.3404,0.5616,0.3082,28.045,9.9113,-5.3559,11.353,162.24,1
66.134,19.784,3.0964,0.2555,0.1478,-76.453,47.946,-20.916,4.103,284.84,1
37.269,16.304,2.8856,0.2759,0.1672,-2.5702,-21.338,-10.766,1.677,164.06,1
19.35,15.859,2.617,0.4396,0.2307,-16.452,-9.2286,-9.9663,30.37,128.67,1
87.903,25.318,3.0752,0.2918,0.172,-28.085,38.009,20.053,3.7892,312.45,1
16.573,11.257,2.3802,0.6167,0.3271,-4.348,8.4646,-6.2612,21.768,216.87,1
99.915,26.091,3.4001,0.1763,0.1013,-95.271,66.707,-1.5033,1.5208,324.05,1
42.66,16.933,2.9564,0.2609,0.131,-20.493,35.759,-7.951,9.0373,237.34,1
53.583,29.161,3.5705,0.1608,0.081,33.911,37.073,-17.19,15.877,115.72,1
17.93,10.104,2.3522,0.6667,0.3933,19.548,12.795,5.6509,83.235,242.06,1
15.043,12.124,2.3579,0.6579,0.3618,-2.5418,1.1126,-6.2151,43.017,66.459,1
17.629,10.942,2.1875,0.5519,0.276,2.2427,-8.3107,3.4725,89.264,135.31,1
27.538,7.3868,2.2122,0.589,0.3773,10.554,11.229,3.5026,9.1895,193.29,1
36.55,18.569,2.7846,0.2726,0.1486,-18.251,13.675,8.0377,2.106,178.06,1
77.601,23.276,2.9795,0.2442,0.1232,13.19,62.353,-11.673,17.622,245.08,1
34.234,21.049,2.851,0.3016,0.198,20.739,27.821,-15.3,3.003,80.521,1
16.879,10.415,2.4624,0.6793,0.4086,18.115,12.342,5.6396,22.472,213.28,1
41.798,19.686,3.2026,0.2659,0.1515,12.77,-31.565,-9.5015,3.627,195.09,1
109.36,43.761,4.286,0.0733,0.0378,97.108,85.786,21.439,0.0591,293.62,1
20.034,14.284,2.4378,0.5328,0.2719,4.5573,-13.356,3.5595,30.251,173.67,1
17.402,10.654,2.3802,0.6458,0.3354,21.155,10.614,6.3235,32.903,184.83,1
73.016,41.308,3.77,0.1454,0.0864,45.033,93.372,22.191,9.487,96.343,1
42.416,25.059,3.1265,0.1973,0.0998,19.153,30.755,-7.5803,24.038,78.582,1
83.854,32.589,2.7197,0.3184,0.1611,53.74,81.918,15.809,1.2256,293.2,1
29.747,11.671,2.3531,0.4967,0.3171,35.073,13.893,6.3463,25.441,192.77,1
26.098,19.088,2.8722,0.3812,0.2221,-13.398,-22.078,8.4573,9.518,190.56,1
36.937,17.862,2.9666,0.2829,0.1474,54.274,-19.898,-11.362,3.5273,212.54,1
64.498,19.61,3.1316,0.1721,0.0919,1.5001,42.918,-12.325,6.772,227.3,1
64.622,25.99,3.3105,0.1986,0.103,36.821,54.542,-16.705,1.667,246.85,1
26.16,9.7963,2.3473,0.4899,0.2584,-9.6514,13.518,1.3333,20.613,198.95,1
55.674,13.747,2.9484,0.4414,0.3283,-52.073,17.701,-7.3799,4.3032,277.87,1
88.06,48.451,4.1703,0.0799,0.0416,6.8185,77.386,44.969,8.013,249.69,1
47.59,21.019,3.1984,0.1887,0.0953,39.794,22.453,9.2933,3.6,177.55,1
29.217,16.565,2.9643,0.3442,0.1808,21.398,-6.723,7.2892,8.7761,172.19,1
85.259,23.031,3.2078,0.2089,0.1218,-86.207,-66.062,-11.801,7.4381,245.22,1
45.988,20.517,2.8519,0.2658,0.1653,57.573,27.853,-10.046,2.967,186.76,1
19.386,11.281,2.4158,0.595,0.3896,0.7113,6.3464,11.517,37.454,108.48,1
21.64,17.489,2.4273,0.5495,0.3234,-4.7485,-15.215,14.103,77.863,224.45,1
31.155,13.492,2.7447,0.4428,0.2277,18.751,22.039,-9.3737,1.5067,205.16,1
24.7,10.321,2.3988,0.491,0.2695,-6.4656,-18.228,7.0415,8.3766,182.32,1
31.729,16.865,2.5563,0.3278,0.1736,28.701,23.958,-16.146,5.534,108,1
29.613,23.347,3.0118,0.2813,0.1582,5.5195,17.965,8.898,9.7328,66.432,1
23.262,13.518,2.3294,0.4778,0.2553,22.07,15.038,-7.2072,44.127,106.5,1
44.401,18.06,2.5145,0.3609,0.1972,23.688,30.068,13.254,6.405,182.65,1
22.063,16.066,2.5664,0.4532,0.2917,-4.284,-12.355,-10.701,12.041,153.51,1
47.123,13.689,2.5993,0.3799,0.2201,43.32,21.4,9.4046,13.464,129.53,1
18.183,10.683,2.415,0.7077,0.3981,-8.2743,15.808,4.0825,63.714,122.22,1
42.252,13.756,2.7431,0.4011,0.2014,59.01,20.693,-14.756,1.924,167.1,1
13.296,10.654,2.1538,0.786,0.4035,14.833,2.4479,-11.89,41.307,194.59,1
19.921,12.771,2.5581,0.5477,0.361,13.835,15.157,7.9706,8.3678,231.33,1
24.163,12.385,2.5647,0.4932,0.2711,-17.673,-13.822,9.4099,30.306,240,1
38.526,27.387,2.7368,0.308,0.1677,-14.514,-18.823,14.815,31.918,224.81,1
89.033,33.603,3.5079,0.209,0.1175,-48.861,40.546,-14.373,1.1214,350.67,1
27.522,8.4269,2.4526,0.5926,0.3651,7.1545,21.843,9.7234,64.068,97.077,1
27.433,11.801,2.3874,0.4016,0.2111,7.6437,20.878,9.2076,2.1506,174.77,1
17.298,16.773,2.4289,0.4991,0.2737,0.791,7.1006,16.587,67.473,174.88,1
19.417,12.574,2.4616,0.5803,0.361,-13.401,-16.738,-4.3015,63.385,200.24,1
64.948,35.208,3.0757,0.1957,0.1004,-66.314,41.665,25.127,2.9623,315.02,1
22.1,13.278,2.5599,0.5565,0.3402,12.771,12.817,4.2833,17.654,171.04,1
85.437,30.373,3.6503,0.1324,0.0746,17.285,78.443,16.094,2.791,227.55,1
67.847,23.317,3.1067,0.2456,0.1334,91.144,49.657,15.97,0.8502,287.43,1
30.739,19.932,2.8254,0.2855,0.1502,-0.5503,-8.1904,14.321,10.886,160.31,1
30.898,13.884,2.8488,0.4391,0.2812,14.261,29.988,-6.0247,14.432,63.704,1
54.083,28.094,3.6063,0.155,0.0828,7.944,50.078,-17.202,13.338,174.53,1
32.518,21.984,2.9814,0.262,0.1644,-7.4439,-18.759,-16.765,10.06,122.95,1
38.291,33.718,2.9747,0.2046,0.1139,-13.547,-38.262,-18.379,83.683,156.65,1
36.246,8.6724,2.3064,0.484,0.2593,22.005,22.726,1.0619,3.111,73.605,1
44.109,16.454,2.954,0.2813,0.1595,8.0586,22.757,11.031,0.677,187.95,1
93.38,31.054,3.3826,0.1918,0.0963,49.733,92.338,26.826,5.288,228.43,1
12.602,11.83,2.0354,0.7005,0.3733,15.98,-9.2568,-9.7269,81.481,135.76,1
92.397,32.082,3.6056,0.2118,0.1154,-1.3479,-15.895,-20.53,2.9756,340.26,1
36.179,23.688,3.1297,0.2025,0.1027,-21.476,-7.1112,9.8583,18.863,89.483,1
42.027,22.399,2.8454,0.2541,0.1478,4.2789,-25.614,-19.125,2.4092,152.08,1
33.258,25.506,2.8363,0.2332,0.1246,9.535,22.892,18.351,27.256,158.75,1
41.895,30.85,3.5714,0.1629,0.082,27.253,31.829,-17.816,33.757,109.63,1
64.011,21.076,3.0372,0.2634,0.1418,-45.53,10.328,11.281,3.9371,296.34,1
42.157,18.89,2.8979,0.2985,0.1537,31.144,34.704,15.483,3.9947,198.63,1
46.77,22.294,3.2443,0.245,0.1256,55.642,40.046,-18.184,3.2717,163.52,1
42.584,12.096,2.5126,0.3932,0.2197,-16.94,-22.272,9.0975,2.2868,222.4,1
12.645,11.78,2.0881,0.7102,0.3633,-15.358,6.3034,-11.363,61,134.47,1
30.075,16.971,2.4976,0.3943,0.2146,11.919,20.767,14.649,24.547,96.101,1
28.745,10.625,2.5977,0.5278,0.3371,18.985,20.658,6.0474,15.033,154.98,1
32.613,15.818,2.6048,0.3354,0.1925,-28.859,-23.284,-8.2173,2.6807,209.48,1
13.075,10.874,2.1123,0.7645,0.4517,-14.035,4.7986,10.633,16.258,197.18,1
60.659,11.252,2.8099,0.3005,0.1619,-16.852,-52.103,7.1181,1.307,209.68,1
21.348,12.535,2.3551,0.4415,0.2274,-29.06,-7.3783,10.13,2.7625,196.94,1
20.732,7.214,2.0473,0.6816,0.3632,-0.0001,-0.4101,5.9771,17.933,163.85,1
17.388,10.893,2.2967,0.596,0.351,1.2155,-6.0171,6.8011,2.3939,79.025,1
69.755,21.177,3.0481,0.2014,0.107,-127.43,47.413,13.573,4.179,203.56,1
20.485,12.289,2.4158,0.4837,0.2514,0.0812,9.8383,8.4655,25.044,141.54,1
24.678,16.273,2.4713,0.4628,0.2348,-3.1246,-17.685,-10.762,74.264,143.02,1
66.829,33.228,3.4897,0.2629,0.1384,1.1451,48.897,14.839,2.69,331.58,1
13.063,10.984,2.1055,0.7608,0.4353,-14.358,5.3086,-11.015,63.362,74.568,1
70.973,38.423,3.554,0.1343,0.0686,72.596,72.463,-34.893,31.475,206.91,1
24.38,9.6194,2.4125,0.5609,0.3346,-12.585,13.095,-5.9295,46.656,78.34,1
25.456,19.794,2.5569,0.4161,0.2372,6.6005,-15.628,13.583,0.2694,142.25,1
51.115,18.511,2.752,0.2159,0.1142,8.1215,-25.515,-12.266,21.936,123.76,1
29.108,16.651,2.635,0.3708,0.2074,20.613,15.404,4.3751,17.255,188.88,1
23.405,15.839,2.4564,0.4895,0.278,10.421,17.407,14.747,48.901,198.63,1
12.891,9.6284,2.2266,0.8131,0.5786,10.933,9.1271,-8.6595,18.431,169.38,1
35.832,11.144,2.5205,0.3922,0.2398,20.397,25.603,-8.1048,0.059,127.91,1
29.03,28.628,2.9172,0.3303,0.1712,16.499,-21.567,16.129,79.588,113.51,1
29.714,18.383,2.6144,0.3256,0.1665,-32.076,14.912,-14.893,67.617,179.25,1
28.689,19.482,2.634,0.2811,0.1429,28.506,-14.055,16.092,43.706,91.088,1
25.782,19.061,2.6889,0.3501,0.1853,16.726,8.9445,-7.6053,35.16,137.93,1
35.371,15.042,2.7105,0.3174,0.1685,-28.526,18.314,-4.5924,9.3046,150.69,1
22.798,18.066,2.5717,0.4879,0.2748,7.2067,-13.86,-6.2713,10.685,117.36,1
12.51,11.954,2.0774,0.6946,0.3556,-15.761,7.7917,-10.944,81.369,121.97,1
69.798,20.313,3.1824,0.2227,0.1225,-85.347,-24.53,16.899,1.825,274.89,1
12.834,11.5,2.2292,0.7316,0.3805,15.158,-5.9048,11.526,9.9252,124.02,1
74.997,21.571,3.3613,0.2263,0.119,-70.076,68.111,-14.523,2.154,260.54,1
75.688,25.537,3.2299,0.3522,0.1946,37.158,-15,-19.862,0.7458,378.24,1
61.354,16.221,2.7749,0.2351,0.1352,-62.543,-29.739,9.3806,6.0857,212.95,1
29.515,15.171,2.8106,0.3697,0.2049,3.3765,17.096,-7.5056,9.6888,169.45,1
18.388,16.504,2.5296,0.6027,0.4505,8.788,12.856,5.7358,64.378,127.35,1
22.429,14.015,2.5315,0.5029,0.3221,-13.2,-13.354,11.692,9.239,169.87,1
38.323,31.279,3.2961,0.1992,0.1145,4.6628,21.982,-27.238,7.47,109.39,1
33.922,19.52,2.6928,0.2738,0.145,-12.642,-21.668,8.6852,8.826,152.25,1
42.124,24.564,2.8684,0.2668,0.1347,19.652,24.444,-10.898,11.374,291.55,1
94.618,31.666,3.7625,0.1773,0.0955,-81.163,62.751,27.692,2.903,299.48,1
34.614,17.649,2.6749,0.2748,0.1427,48.052,-18.232,11.436,12.037,100.66,1
26.65,18.45,2.6375,0.3295,0.1832,9.3045,-23.326,-10.756,11.794,198.65,1
13.1,10.757,2.1508,0.7703,0.4629,-13.778,3.2958,10.549,65.029,99.477,1
46.446,21.775,2.8739,0.2794,0.1598,17.238,30.702,14.685,20.074,137.29,1
32.024,12.649,2.4298,0.4796,0.3364,-25.311,-23.631,-5.1363,20.29,206.64,1
17.843,16.657,2.5922,0.4962,0.2596,3.1041,-11.521,14.633,41.436,90.81,1
74.554,19.287,2.5276,0.3264,0.1825,-51.82,-64.969,2.5358,13.815,159.81,1
23.919,18.596,2.7778,0.352,0.196,-1.1588,-15.306,-10.815,27.094,128.14,1
82.589,16.481,2.9276,0.2942,0.1742,37.785,87.64,9.5267,2.533,97.12,1
18.365,9.9588,2.2788,0.6684,0.3658,-20.997,-12.012,6.1841,45.014,200.2,1
18.753,10.28,2.2648,0.5598,0.2853,0.7603,-6.4056,5.0807,3.5066,209,1
19.437,9.0561,2.2788,0.6632,0.45,-19.021,-15.204,-3.7914,16.244,61.034,1
30.698,16.785,2.829,0.3291,0.1964,8.8165,19.003,9.4149,22.856,157.28,1
26.755,11.686,2.4166,0.4636,0.251,5.2469,16.098,-7.9108,32.481,199.95,1
37.312,17.172,2.6314,0.3481,0.1834,36.06,24.425,5.2623,2.7907,185.91,1
20.699,13.687,2.4742,0.5671,0.3339,21.969,16.063,-3.8453,85.879,161.45,1
100.96,46.542,4.1751,0.0899,0.0478,10.679,82.156,25.062,3.045,315.53,1
17.311,11.124,2.2553,0.55,0.275,2.0205,-7.7244,-0.1954,89.486,225.01,1
21.407,6.6989,2.081,0.7386,0.4523,-21.215,-14.852,-6.3594,85.756,220.76,1
34.884,13.315,2.6186,0.3538,0.201,35.891,-26.557,9.3523,9.986,231.86,1
34.02,9.4725,2.4983,0.419,0.2143,-1.6241,-22.626,4.0494,0.4852,165.16,1
22.015,6.592,2.1383,0.7345,0.4327,22.691,13.586,6.6499,49.82,119.95,1
21.894,10.848,2.29,0.5949,0.3513,16.603,18.451,-6.9016,42.836,210.72,1
32.597,13.845,2.4786,0.4917,0.2608,-19.996,-25.686,-13.387,7.556,206.23,1
63.417,16.863,2.8727,0.2802,0.1642,-97.309,36.914,-10.478,7.695,244.69,1
27.33,18.156,2.3711,0.4128,0.2362,3.3111,20.968,13.551,23.236,105.78,1
28.776,10.947,2.5198,0.4471,0.2432,9.7904,13.714,-7.5287,5.5984,88.85,1
24.807,15.321,2.6527,0.3582,0.1969,-9.8548,-10.891,-13.382,6.1642,198.38,1
61.512,38.541,3.6745,0.1466,0.0742,15.428,53.654,26.34,32.635,106.77,1
13.27,10.649,2.1658,0.785,0.4266,14.429,3.5272,11.74,42.195,42.85,1
20.071,15.719,2.356,0.4361,0.2357,2.4543,-11.565,-4.7599,64.773,164.9,1
77.315,26.253,3.3316,0.2777,0.1391,-69.911,34.175,13.431,1.125,311.14,1
48.581,15.76,3.0336,0.3276,0.1772,41.929,48.313,9.3497,9.4002,266.12,1
39.297,16.765,2.7882,0.2801,0.1507,24.615,-23.715,-8.0415,6.5895,171.63,1
92.769,36.796,4.094,0.1,0.0505,17.655,82.56,-32.937,5.8385,227.08,1
97.293,25.545,3.4678,0.157,0.0812,79.012,81.081,18.401,9.6868,264.77,1
32.536,14.92,2.6575,0.3322,0.2035,-15.184,-24.194,-6.4223,26.551,180.61,1
76.731,24.209,3.037,0.3021,0.1584,12.65,26.385,-17.545,3.436,354.31,1
45.71,19.822,3.1506,0.239,0.1311,24.241,18.188,4.9942,4.655,221.25,1
75.326,25.881,3.6141,0.1743,0.0937,30.375,65.994,12.792,0.2422,286.68,1
19.347,16.44,2.3096,0.5686,0.2966,-26.189,10.265,17.141,5.061,104.99,1
59.168,14.893,2.798,0.2946,0.1537,-108.98,51.494,-8.1425,1.915,221.46,1
22.712,17.053,2.7316,0.4416,0.2273,22.233,-16.323,8.8451,11.114,179.93,1
37.529,18.976,2.975,0.2352,0.1266,21.888,21.386,-7.2892,16.285,216.76,1
36.369,12.544,2.7582,0.2949,0.1527,9.6028,20.765,-9.3526,13.718,192.22,1
95.685,28.067,3.8144,0.1639,0.0873,-96.908,73.607,19.326,1.128,302.64,1
36.925,15.486,2.9482,0.3346,0.182,42.285,19.096,6.7274,7.671,162.9,1
21.228,11.779,2.3096,0.6471,0.3309,-19.211,-20.954,-9.8108,5.0985,129.56,1
97.619,39.026,3.7412,0.1782,0.0926,-158.01,44.459,31.686,1.822,383.01,1
36.148,13.331,2.6138,0.3601,0.1959,11.58,15.471,12.218,17.981,148.14,1
33.377,12.757,2.6212,0.3421,0.1974,-9.2543,-17.717,8.0334,20.889,132.93,1
25.769,12.833,2.5328,0.4692,0.2507,16.748,16.155,-5.4308,27.502,231.33,1
12.704,11.692,2.1538,0.7158,0.3754,15.464,-7.4387,11.111,26.524,62.313,1
58.209,20.559,2.6632,0.3214,0.1726,39.034,45.13,11.419,2.861,273.63,1
30.484,27.238,3.2831,0.2449,0.1295,19.813,25.73,16.727,24.473,94.359,1
19.725,12.825,2.3608,0.5795,0.2985,14.651,6.771,8.7923,17.957,220.06,1
100.69,20.2,3.2508,0.2161,0.1148,44.475,83.415,-16.138,0.667,278.76,1
25.352,16.973,2.6946,0.3818,0.1949,34.817,15.493,-5.5567,11.066,192.4,1
20.193,7.0939,2.1569,0.7735,0.4077,21.615,12.974,-5.3349,53.202,32.456,1
55.706,18.79,2.9948,0.2662,0.1473,0.649,47.661,-17.183,5.801,210.27,1
19.165,17.466,2.5611,0.4725,0.3091,11.032,15.156,13.33,70,187.75,1
83.936,34.377,3.6205,0.1982,0.1396,-52.399,53.689,-20.694,0.8126,309.12,1
20.92,12.389,2.357,0.4703,0.2484,-1.0318,7.3312,10.523,19.31,233.96,1
72.762,26.552,3.0271,0.1935,0.1123,-106.19,41.103,-17.187,8.582,222.18,1
80.838,37.18,4.0425,0.1007,0.0513,8.7002,75.746,13.759,5.0145,219.35,1
22.72,10.183,2.4281,0.5672,0.3041,-30.776,15.115,-6.2829,12.911,152.56,1
19.186,15.696,2.3683,0.5182,0.2805,-5.5894,16.847,-11.753,43.216,251.31,1
35.891,26.603,3.1742,0.2236,0.1162,13.51,27.943,-15.296,1.943,121.69,1
105.76,37.913,3.2134,0.1218,0.0639,81.409,97.97,16.274,3.634,169.26,1
20.335,7.2629,2.0663,0.7296,0.382,-2.3018,9.7089,-5.6116,9.4078,183.37,1
68.701,26.742,3.3344,0.1324,0.0702,8.7165,57.44,-15.732,6.285,201.84,1
37.095,17.577,2.8429,0.3288,0.1845,26.49,27.752,-6.9509,16.535,156.78,1
20.215,12.224,2.317,0.4964,0.2964,0.3888,3.536,10.868,39.345,57.351,1
87.506,28.955,3.5233,0.1472,0.0823,5.0497,48.455,18.936,0.337,264.76,1
49.17,25.863,2.6464,0.5124,0.2585,-50.407,-31.425,16.456,8.474,314.39,1
35.426,20.616,2.9345,0.2802,0.1413,-3.8964,27.175,15.489,3.278,143.57,1
20.165,7.2982,2.0737,0.7342,0.3924,-2.2715,9.4568,-5.4454,40.583,230.5,1
29.807,12.252,2.4393,0.5018,0.2818,-27.706,-16.847,10.413,22.592,205.99,1
79.565,26.986,3.0924,0.2466,0.1403,68.412,77.994,-21.962,8.538,252.4,1
66.667,14.906,3.0007,0.3295,0.1692,56.246,70.217,-8.2287,0.5477,252.72,1
42.056,10.2,2.5283,0.4148,0.2089,22.994,-25.985,-6.8773,8.8998,209.84,1
16.545,10.748,2.3096,0.6765,0.4289,2.7689,-5.2406,-8.4659,15.491,221.67,1
20.206,9.0614,2.3424,0.6273,0.3886,22.101,12.961,3.5576,33.39,215.37,1
42.791,19.757,2.8109,0.2365,0.1337,2.1612,-14.834,-5.9104,9.021,244.67,1
75.679,31.632,3.6795,0.1366,0.0704,82.721,64.963,-26.257,0.455,241.37,1
43.521,8.4113,2.243,0.5486,0.2943,-48.343,-24.799,6.9322,7.1305,189,1
70.829,18.798,3.1845,0.1713,0.0938,1.8424,52.316,10.886,4.734,235.51,1
44.65,14.705,2.5051,0.5344,0.3203,22.302,53.115,12.588,26.336,187.87,1
32.77,24.707,2.9533,0.2394,0.1364,5.722,-11.451,12.746,16.689,256.03,1
79.915,35.73,3.5049,0.1967,0.1052,-8.7429,71.43,34.63,2.605,326.79,1
16.413,11.613,2.2175,0.6,0.3121,0.8182,-4.7165,-4.0419,81.68,182.34,1
69.405,31.394,3.5099,0.1833,0.0923,52.763,75.361,-17.766,1.9954,159.73,1
24.132,13.413,2.6314,0.5047,0.2909,0.1299,20.041,-11.655,51.387,214.81,1
66.907,24.553,2.9258,0.2728,0.1429,70.972,57.96,22.259,7.311,208.27,1
21.309,6.9745,2.0917,0.7045,0.3846,-23.789,-11.246,-6.3368,12.269,187.44,1
17.274,12.313,2.5179,0.6707,0.4082,13.846,15.394,-8.2017,39.478,165.71,1
101.03,41.513,3.9779,0.0822,0.0418,95.979,87.03,8.718,2.9283,244.83,1
36.158,20.637,2.5514,0.3258,0.1784,44.484,24.43,17.305,7.335,176.66,1
105.39,52.044,4.2771,0.069,0.0347,-106.21,79.342,33.292,3.107,278.6,1
22.494,12.13,2.3856,0.6132,0.356,18.544,13.468,-10.18,52.917,141.97,1
33.409,27.856,3.1828,0.2087,0.1152,0.1712,22.586,14.434,8.654,120.16,1
64.038,24.048,3.0235,0.2094,0.1066,96.257,39.731,9.6702,1.8696,251.88,1
95.48,25.99,3.0924,0.3015,0.1823,-36.655,-60.534,-24.02,3.0836,323.5,1
20.103,15.568,2.4594,0.4861,0.276,22.843,15.589,7.7218,86.148,159.32,1
28.554,22.535,2.6042,0.3308,0.1729,-13.905,-13.904,14.477,12.806,122.85,1
27.073,21.463,2.639,0.3628,0.1871,-4.6365,12.955,7.6621,1.2713,101.26,1
28.134,18.308,2.882,0.3346,0.1896,18.521,-9.1926,11.753,10.37,156.42,1
36.673,17.585,3.0797,0.3962,0.2326,8.274,31.485,-8.5336,5.3161,146.09,1
35.847,17.905,2.6884,0.4037,0.2387,8.2472,24.886,9.0144,4.111,204.96,1
78.495,34.573,3.9998,0.1004,0.0504,81.521,70.872,20.009,3.515,218.45,1
90.03,26.603,2.9186,0.2087,0.1176,46.738,101.2,-20.004,17.87,190.22,1
31.369,20.013,2.9104,0.3307,0.1801,28.643,18.265,-16.164,2.3965,131.91,1
41,20.834,3.0032,0.2283,0.1325,-29.395,-30.178,-13.061,11.45,167.28,1
21.023,11.234,2.2355,0.5872,0.3343,-14.032,-18.947,4.5259,79.893,250.74,1
62.219,24.253,3.2907,0.1772,0.0991,9.7232,43.276,-11.052,1.5585,247.37,1
21.069,7.0995,2.1629,0.6942,0.354,-24.81,-8.9313,6.2037,88.785,249.9,1
50.415,22.918,2.9552,0.1962,0.107,52.573,19.621,7.7559,15.548,158.09,1
101.62,42.031,4.1831,0.0799,0.0409,42.121,84.146,20.652,0.8339,281.99,1
105.1,29.094,3.5361,0.1653,0.088,111.08,89.742,29.405,0.3837,278.09,1
21.445,14.121,2.5647,0.545,0.3229,10.192,-7.4844,-11.4,16.629,220.44,1
21.543,17.782,2.5447,0.5221,0.3238,-12.59,-13.617,8.6447,38.911,201.8,1
32.585,16.999,2.7555,0.3494,0.1923,-6.8633,23.095,7.1595,6.557,160.12,1
28.816,22.932,2.6385,0.2644,0.1414,37.14,-16.179,9.4364,57.742,139.59,1
20.828,7.1696,2.0881,0.702,0.3551,1.4435,-8.7773,-6.0379,49.935,166.98,1
121.74,21.648,2.4495,0.3623,0.2078,67.472,126.18,6.7356,28.328,44.621,1
32.449,10.704,2.3233,0.5083,0.3017,39.81,-3.8169,4.3102,14.539,233.38,1
13.222,9.8806,2.2589,0.8154,0.5262,-12.235,-8.2297,-10.72,68.321,164,1
26.308,11.945,2.5955,0.5711,0.3084,10.02,21.842,-7.0259,7.3704,178.29,1
15.336,11.917,2.433,0.6458,0.3819,2.5184,-2.8457,-7.3405,69.252,251.29,1
139.75,21.76,3.5808,0.1118,0.0566,-71.9,-119.14,-11.216,44.546,41.177,1
104.9,16.582,2.5826,0.3556,0.1791,90.189,76.413,-6.0498,11.241,282.42,1
34.23,11.739,2.6091,0.4403,0.2399,30.489,32.391,6.4692,14.563,162.68,1
35.194,15.193,2.5159,0.3262,0.1753,24.354,21.152,13.518,7.1943,217.9,1
19.152,12.669,2.4125,0.5106,0.2843,-2.7958,10.104,-9.4706,42.99,228.88,1
74.709,23.33,3.264,0.3191,0.1772,-36.335,40.781,19.218,4.257,291.3,1
18.177,12.935,2.5347,0.5752,0.3226,-9.4313,-14.075,-7.2639,4.507,261.3,1
21.799,12.295,2.451,0.5416,0.2956,1.5458,-9.7833,-8.2258,17.156,188.13,1
26.382,18.868,2.5533,0.4448,0.2699,27.278,21.307,8.2853,33.231,195.47,1
29.316,10.829,2.5038,0.4796,0.268,-37.076,-14.143,-3.7394,5.8241,252.06,1
90.344,22.294,3.1725,0.242,0.1382,-51.517,72.44,-16.147,2.8697,278.85,1
28.006,11.518,2.4031,0.498,0.2787,25.815,22.061,6.377,51.967,223.16,1
24.018,16.453,2.6015,0.418,0.2215,-0.6816,15.481,-14.764,4.6955,210,1
33.271,27.815,3.0894,0.2336,0.1209,4.5532,-15.602,-26.87,43.744,126.73,1
35.638,17.599,2.7987,0.2639,0.1391,-26.783,21.765,9.2033,14.224,178.91,1
18.938,12.973,2.4417,0.4882,0.2514,13.337,5.7522,5.0165,17.013,153.98,1
112.59,26.276,2.8382,0.2438,0.1241,-224.65,122.77,-10.667,27.068,150.13,1
17.104,15.025,2.3444,0.6561,0.4186,1.5933,13.12,-14.359,75.179,61.911,1
30.779,17.663,2.3107,0.4743,0.2616,15.189,23.104,-4.9621,19.811,171.58,1
32.815,16.7,2.4401,0.3593,0.1797,23.919,21.939,-6.4868,15.077,148.19,1
36.577,19.98,2.9172,0.2783,0.1639,-19.969,-24.833,-10.602,7.1362,235.69,1
108.87,64.733,4.4401,0.0574,0.0312,-27.816,81.773,15.874,3.934,302.08,1
66.013,23.106,3.1948,0.2184,0.1121,58.293,41.308,-12.659,2.8356,265.77,1
40.84,21.888,3.1243,0.2261,0.125,-7.5557,-13.591,10.486,0.583,202.27,1
37.537,22.17,2.8573,0.2611,0.1354,28.017,30.944,-19.627,23.072,207.76,1
66.269,19.012,3.0599,0.2639,0.1468,42.587,61.856,-11.508,8.811,230.59,1
26.455,16.912,2.8366,0.335,0.1741,14.887,-10.426,5.2201,88.155,99.334,1
62.533,17.476,2.9908,0.2043,0.1027,34.409,53.453,-6.8625,6.188,209.83,1
40.16,1.8624,2.3096,0.6618,0.4583,-39.425,-28.407,1.7239,0.235,322.24,1
38.265,24.06,2.9146,0.2228,0.1272,-14.097,18.85,13.406,10.873,168.77,1
28.335,11.803,2.5539,0.405,0.2109,-16.79,7.1239,3.9586,6.7089,192.16,1
16.902,11.137,2.2304,0.5882,0.3676,-0.5437,4.1166,-7.1473,52.427,168.2,1
94.752,42.979,3.9488,0.1286,0.0663,14.81,47.602,23.679,2.9513,344.1,1
60.04,22.971,3.3998,0.2039,0.1054,51.518,44.312,-10.113,4.02,234.06,1
141.48,24.834,2.4669,0.4027,0.227,-90.014,-125.22,-25.242,7.2801,241.65,1
21.806,0,2.1833,0.8066,0.4426,5.1148,-14.139,0,55.95,62.714,1
38.64,19.708,2.8274,0.308,0.1897,-21.482,-31.867,-15.704,87.568,39.41,1
26.912,7.0355,2.3979,0.696,0.43,-14.642,-11.778,5.4555,18.547,195.49,1
36.817,9.5267,2.4942,0.4359,0.242,17.218,26.784,-2.3707,7.2759,204.87,1
36.254,21.817,3.0249,0.2436,0.1261,-4.6575,-16.396,11.898,5.16,209.99,1
27.083,15.381,2.776,0.4539,0.2303,30.2,24.919,-9.786,3.791,149.6,1
57.532,13.503,2.8069,0.2746,0.1412,-25.774,-10.591,-1.4559,7.4165,169.47,1
27.617,11.783,2.4594,0.4132,0.2135,-8.8072,-9.3052,6.2423,3.9266,201.26,1
93.974,33.493,3.0918,0.2169,0.1121,47.185,87.402,35.102,2.2699,316.73,1
12.832,11.46,2.2934,0.7277,0.4046,15.174,-8.0021,-10.3,75.204,85.025,1
29.417,18.953,2.57,0.2746,0.1386,-7.181,15.906,-14.037,88.447,76.124,1
22.37,6.5662,2.1255,0.7416,0.3783,-25.604,-6.7126,6.7847,31.77,276.06,1
80.598,25.279,3.4706,0.2017,0.1206,-87.617,60.173,-9.0013,2.3504,242.97,1
28.661,19.148,2.738,0.2943,0.1508,-1.6637,-13.093,-11.908,89.581,101.73,1
45.601,9.4267,2.4409,0.4529,0.2917,27.709,35.291,-8.7598,6.792,215.91,1
33.422,20.309,2.641,0.3131,0.1611,-30.414,-27.402,-16.229,16.54,188.32,1
31.103,13.944,2.5781,0.4069,0.2206,31.17,-22.065,-13.41,19.278,167.2,1
54.453,21.234,3.1931,0.3083,0.1708,-56.792,38.837,-6.3301,0.833,283.92,1
36.937,24.698,3.0667,0.2341,0.1282,2.0874,-20.824,19.165,2.4152,158.05,1
19.231,17.457,2.4265,0.4307,0.2191,-11.104,13.509,12.06,84.856,46.206,1
25.954,12.195,2.4624,0.4621,0.2534,-0.3813,17.322,-7.5821,39.315,223.5,1
24.596,0,2.1222,0.717,0.4038,26.377,14.981,0.0001,25.78,179.21,1
60.997,14.275,2.4914,0.4161,0.2403,-86.397,43.923,-3.1255,5.081,255.54,1
24.383,14.604,2.5119,0.4492,0.2508,-14.698,-10.629,12.28,22.49,95.338,1
117.99,32.998,3.0473,0.1605,0.0848,19.176,72.522,23.82,2.2668,232.35,1
12.491,11.977,2.0233,0.6919,0.3554,15.938,-8.3772,10.702,33.158,124.24,1
40.324,15.84,2.6994,0.4396,0.2767,-54.331,8.4771,-12.121,1.682,286.93,1
64.62,18.22,3.328,0.1772,0.09,-1.5264,48.508,-10.699,4.7354,237.39,1
97.77,52.427,4.2823,0.0722,0.0364,60.086,78.937,-34.808,2.596,270.25,1
44.152,16.765,2.7093,0.2773,0.1455,14.04,20.74,-14.624,0.337,180.69,1
13.152,10.457,2.1538,0.786,0.4877,13.179,5.5659,10.533,2.463,279.9,1
25.806,10.069,2.3212,0.4678,0.2506,-7.6673,-18.056,-6.9773,23.33,237.55,1
45.169,18.35,2.8954,0.2214,0.1291,25.582,28.168,10.255,9.293,156.82,1
20.899,5.6895,2.2589,0.8099,0.6088,15.559,19.643,-6.1962,31.985,252.11,1
21.128,20.724,2.6693,0.3662,0.1874,24.194,10.555,8.7173,1.3953,206.65,1
28.443,18.65,2.6299,0.2978,0.1583,18.86,23.638,-11.694,36.274,253.43,1
80.014,21.114,2.829,0.3143,0.1653,71.37,70.98,21.162,3.3695,310.77,1
22.006,11.832,2.4208,0.5085,0.2751,-27.753,-10.854,-11.327,29.699,180.38,1
77.683,18.384,2.935,0.2706,0.1365,47.005,80.543,13.645,10.3,230.14,1
46.257,17.991,3.1524,0.2626,0.1404,40.781,32.904,8.7595,2.516,199.1,1
25.042,18.493,2.4742,0.4396,0.2232,11.415,20.216,18.041,30.62,86.363,1
30.329,11.662,2.7392,0.5524,0.278,24.018,26.735,-11.22,37.372,155.29,1
46.466,19.017,2.5334,0.366,0.1859,-48.861,27.643,4.0109,2.4817,292.23,1
44.389,17.578,2.7941,0.3454,0.1839,5.5836,39.085,-14.783,0.084,187.95,1
105.61,47.65,4.2259,0.0833,0.0447,-36.408,82.263,27.079,0.051,324.56,1
23.772,0,2.07,0.7319,0.3702,26.936,13.509,0,11.14,134.47,1
42.727,28.35,2.9829,0.1747,0.0941,44.689,8.6326,14.084,2.057,203.56,1
12.822,11.525,2.0394,0.7306,0.3699,-15.069,4.0849,-11.661,7.066,75.462,1
23.004,19.249,2.5347,0.4117,0.2584,-10.565,-16.67,9.9744,31.255,162.42,1
26.758,13.101,2.7063,0.4189,0.235,5.8026,17.643,3.9521,15.553,171.57,1
20.938,12.866,2.3294,0.4918,0.2834,16.334,11.703,2.9347,52.554,289.01,1
20.298,16.405,2.4125,0.4526,0.2263,22.652,19.002,8.5651,58.441,193.48,1
21.169,11.129,2.3365,0.5945,0.3433,14.849,18.812,4.4605,27.298,98.495,1
34.901,11.077,2.7243,0.3792,0.2028,1.7319,-22.943,10.073,3.8104,181.12,1
73.091,20.352,3.2885,0.2182,0.1516,-111.66,34.795,17.208,2.2062,250.14,1
106.5,32.419,3.6269,0.1225,0.0648,52.432,89.58,-23.824,4.26,291.82,1
89.299,17.973,2.9337,0.2038,0.1252,4.152,80.004,8.355,3.616,200.99,1
72.208,27.424,3.4805,0.1597,0.0802,74.798,61.769,-10.231,2.545,254.65,1
93.697,15.242,2.6959,0.3303,0.2085,-136.34,68.03,-6.7811,1.151,204.87,1
13.353,10.522,2.3608,0.793,0.4118,-14.729,-3.3394,11.878,67.012,178.04,1
43.295,12.694,2.7054,0.3232,0.1665,10.12,35.679,-7.3071,0.5486,244.19,1
36.34,14.299,2.6972,0.3373,0.1717,-5.1463,-19.054,-6.8707,5.053,221.84,1
64.424,12.003,2.4175,0.5736,0.3576,-64.596,-48.544,-6.9758,6.6945,265.9,1
69.933,24.593,3.1355,0.1816,0.1007,-90.964,47.686,6.7437,1.8664,270.82,1
48.86,15.384,2.6803,0.3695,0.2557,43.734,35.368,5.5966,1.7526,147.69,1
32.058,11.618,2.4976,0.3498,0.1892,-0.0859,-19.408,7.0386,2.625,167.1,1
12.877,11.437,2.0917,0.7368,0.3765,15.066,-4.5621,11.683,17.359,95.568,1
20.599,12.548,2.4749,0.4556,0.2362,-0.2461,-8.1183,9.1083,5.97,167.54,1
55.419,22.756,2.9545,0.4653,0.2471,-16.868,-43.24,17.245,3.7956,322.18,1
43.498,21.986,2.6551,0.3584,0.1825,16.081,45.102,17.79,20.112,187.79,1
62.129,25.725,3.5792,0.1692,0.0874,17.088,57.76,14.6,7.5688,244.52,1
19.911,9.3005,2.3927,0.6154,0.3421,23.698,10.514,4.5315,16.508,159.44,1
113.66,41.963,2.9784,0.2449,0.1245,36.099,-95.313,17.239,49.301,199.45,1
15.513,11.352,2.4518,0.6431,0.4541,-0.7669,-3.1136,8.9209,25.193,144.31,1
35.435,7.1801,2.4479,0.5526,0.3191,29.893,14.98,-4.0661,24.125,209.34,1
59.112,22.772,3.1026,0.1792,0.0936,-9.2463,52.118,7.7151,10.335,226.38,1
44.353,21.591,2.9332,0.2997,0.1778,0.7201,24.978,-15.272,0.288,159.47,1
13.163,10.218,2.1775,0.7973,0.5083,12.678,6.9816,10.451,68.778,109.81,1
102.59,40.16,4.1483,0.0921,0.0476,48.389,84.012,-17.118,1.352,293.87,1
23.253,22.012,2.6238,0.3567,0.2438,-3.4956,-21.32,11.981,30.841,108.53,1
39.51,18.404,2.6294,0.4038,0.2148,17.02,32.67,-14.821,3.056,213.22,1
61.374,21.366,3.2621,0.1816,0.1053,-2.9857,31.774,-12.261,0.9761,236.92,1
21.268,6.8651,2.1189,0.73,0.4221,-22.215,-13.512,6.2884,12.893,109.64,1
42.302,18.601,3.1154,0.266,0.1453,15.965,26.221,9.4423,20.828,184.56,1
20.579,8.9421,2.3139,0.6602,0.4053,4.5554,-14.951,10.62,2.9483,171.72,1
96.32,18.106,3.0596,0.2389,0.1364,-41.633,-97.759,10.75,84.734,29.297,1
21.403,14.66,2.4857,0.4641,0.2565,-25.729,-11.783,-6.5024,87.566,239.85,1
86.484,30.389,3.8874,0.1256,0.0658,9.0636,87.302,-17.274,0.6946,248.61,1
100.49,21.302,3.0158,0.2594,0.1644,-128.16,76.259,21.486,2.818,233.03,1
20.604,10.437,2.238,0.5896,0.3324,6.6446,-17.279,10.129,6.7081,95.863,1
15.021,12.192,2.356,0.6608,0.337,1.9014,-2.0715,3.6258,89.274,105.21,1
29.387,17.825,2.7423,0.3656,0.2018,6.4783,28.995,14.942,10.789,109.69,1
36.962,17.321,2.7578,0.3109,0.186,13.307,28.753,-6.0589,9.4668,195.44,1
29.93,22.566,3.065,0.2944,0.1898,4.7467,19.469,-11.095,23.297,129.13,1
24.11,12.673,2.6794,0.431,0.2249,-19.779,-9.9872,7.6753,9.374,227.73,1
55.121,37.878,3.3669,0.1658,0.1038,16.796,42.247,-25.473,74.454,84.414,1
78.213,29.408,3.4203,0.2006,0.1005,-96.022,45.715,25.529,3.555,322.6,1
71.802,25.894,3.1526,0.2076,0.1228,77.527,62.748,-16.717,2.12,208.02,1
68.618,29.016,2.9793,0.1961,0.1033,49.657,-43.209,20.401,19.961,135.65,1
22.393,13.816,2.7439,0.4797,0.257,-6.0095,-8.7231,-5.8519,16.826,163.04,1
68.107,21.804,3.2627,0.213,0.1106,22.565,57.526,14.124,3.902,260.16,1
46.825,24.711,3.0652,0.2608,0.1622,23.556,-10.697,18.968,9.77,179.87,1
19.761,12.228,2.4057,0.499,0.3163,0.442,-8.1121,-10.809,36.603,136.12,1
57.063,19.165,2.9209,0.1908,0.1014,25.578,-25.372,-10.105,4.181,236.14,1
27.574,6.6968,2.4409,0.6449,0.3243,33.307,14.353,5.1919,18.866,121.78,1
41.128,15.07,2.8075,0.2773,0.1503,-1.9661,12.881,15.174,2.042,155.9,1
27.5,15.22,2.8528,0.4,0.2056,18.377,16.75,9.7918,33.818,45.742,1
61.016,25.918,3.7474,0.1564,0.0869,-4.2308,36.588,18.976,0.6497,212.01,1
49.14,20.758,3.3206,0.1898,0.103,51.421,32.132,-11.189,5.069,206.9,1
38.582,20.641,2.9852,0.2566,0.1392,37.722,22.085,12.31,11.932,192.44,1
31.512,19.287,2.9578,0.2975,0.1515,38.183,21.673,-12.073,17.581,171.23,1
215.32,67.824,3.4396,0.1363,0.0725,298.61,-95.077,-57.221,76.924,243.06,2
19.791,19.353,2.646,0.5332,0.2678,14.771,4.8395,-9.4805,80.043,63.756,2
49.899,12.637,2.5172,0.3191,0.1626,-47.5,17.219,-8.8468,35.934,204.9,2
61.039,9.9631,2.6232,0.3667,0.194,29.489,50.759,-7.303,64.208,243.6,2
98.811,75.982,3.8184,0.1509,0.0789,-29.941,-88.866,13.263,8.08,370.69,2
11.532,10.667,2.6301,0.5927,0.3457,1.3976,24.256,-5.7455,5.6915,167.98,2
28.156,24.144,2.8159,0.2765,0.1429,-12.693,-14.241,13.769,74.558,85.31,2
146.42,42.474,2.9893,0.2665,0.2067,-160.42,-8.524,-29.392,7.2265,232.51,2
115.52,27.145,3.1543,0.2593,0.148,-172.66,108.18,8.9205,34.079,290.81,2
171.92,51.008,3.2895,0.2791,0.169,-106.2,-229.39,37.609,67.827,275.92,2
18.033,10.729,2.1553,0.5524,0.2972,-0.7818,5.9843,-5.2092,69.938,222.66,2
22.31,15.068,2.3535,0.5549,0.3182,29.272,-4.5585,6.6847,34.05,51.137,2
35.605,14.776,2.9632,0.3554,0.2024,-4.1669,25.67,7.4827,41.381,232.32,2
59.987,28.575,2.7873,0.2267,0.1375,87.879,-20.333,-15.203,54.755,153.49,2
9.4412,7.8352,2.3029,0.609,0.364,-5.8695,11.115,7.1603,23.191,239.89,2
45.186,10.166,2.6716,0.5069,0.295,-28.994,-36.03,-10.272,79.582,205.32,2
28.771,10.149,2.2889,0.4884,0.2905,7.0959,19.247,5.4223,50.347,57.954,2
177.66,55.874,3.359,0.2035,0.1087,-89.384,-156.01,24,2.3331,272.08,2
198.06,42.545,3.6965,0.2037,0.1079,-233.72,-128.74,27.063,57.052,362.62,2
141.63,32.468,3.3462,0.2141,0.1183,-23.151,82.362,-28.075,32.736,308.03,2
34.316,12.81,2.7185,0.4302,0.2189,-3.5192,15.612,9.5735,81.871,158.93,2
13.368,10.481,2.5605,0.795,0.4168,-14.646,-3.7434,11.862,78.458,99.821,2
112.1,26.698,2.8913,0.463,0.287,-53.004,-70.665,-22.114,18.403,324.71,2
22.195,11.309,2.4556,0.5744,0.359,3.9717,19.721,8.3117,36.08,46.643,2
31.077,18.184,2.7189,0.4355,0.2397,-5.9339,15.287,14.583,37.053,141.63,2
36.199,0.7291,2.0783,0.7007,0.3782,-25.451,-17.986,-0.7753,9.5051,135.81,2
188.59,59.18,3.4154,0.2186,0.1283,38.911,-138.05,-52.665,38.14,323.31,2
78.407,54.368,3.465,0.1429,0.062,11.106,40.327,30.537,63.398,278.53,2
145.88,23.221,2.637,0.406,0.2318,-142.99,-53.878,18.547,15.535,186.73,2
121.99,49.419,3.5037,0.1779,0.1374,-92.315,41.9,20.227,12.946,327.18,2
45.214,6.4831,2.7199,0.4108,0.25,34.113,35.017,12.049,0.4413,181.49,2
28.043,13.331,2.7927,0.4083,0.2176,25.968,23.802,6.0338,15.478,247.23,2
70.038,8.3089,2.6712,0.5949,0.3507,68.988,49.558,-7.185,39.093,202.87,2
19.616,9.3591,2.5752,0.6197,0.3125,1.2377,-7.9044,-5.2027,19.615,193.5,2
33.255,12.924,2.8119,0.3146,0.1673,13.07,9.245,6.7852,87.098,170.38,2
27.284,11.884,2.4824,0.6676,0.4007,18.427,3.6565,-9.0804,23.936,42.555,2
61.588,13.396,2.9791,0.2434,0.1233,47.381,32.041,-7.4284,85,225.93,2
18.613,11.977,2.3917,0.6183,0.3171,-16.409,25.939,-17.249,12.371,42.617,2
37.764,15.381,2.523,0.4157,0.2507,32.85,17.706,-7.8263,20.488,248.06,2
69.436,16.067,2.4956,0.3471,0.1758,46.116,71.962,-10.877,78.435,161.38,2
20.03,9.8235,2.5688,0.7206,0.4791,7.9487,16.317,9.2826,24.3,177.57,2
53.184,20.482,2.8521,0.2685,0.1414,50.682,65.454,15.197,13.947,255.03,2
46.292,11.71,2.7987,0.341,0.2148,31.813,34.91,2.5921,59.916,222.02,2
85.75,65.482,3.1005,0.1846,0.0859,-104.92,-92.96,-82.441,4.2471,224.36,2
35.018,9.0437,2.7105,0.4615,0.2756,22.596,20.338,11.435,51.287,135.61,2
189.8,83.538,3.2374,0.2356,0.1305,-206.38,-162.33,-67.308,59.654,291.21,2
45.076,17.389,2.791,0.3042,0.161,15.318,29.021,6.1818,55.869,190.58,2
25.042,12.492,2.5676,0.4898,0.2751,-9.9118,-16.346,-10.247,72.807,207.14,2
26.954,20.065,2.573,0.3801,0.231,10.765,13.444,11.359,78.67,109.47,2
240.46,134.08,3.5814,0.1324,0.0762,-179.14,-142.71,-132.42,26.902,138.66,2
77.215,38.289,3.302,0.1222,0.0611,28.93,90.733,10.615,64.714,146.63,2
109.96,70.77,3.4752,0.1442,0.0568,82.92,57.146,34.642,76.1,312.3,2
36.925,8.6527,2.7601,0.4154,0.2192,-54.489,-24.214,5.3283,73.185,245.89,2
18.113,16.531,2.0726,0.7121,0.389,20.131,-23.939,-12.931,81.498,207.65,2
18.941,7.4823,2.3274,0.7435,0.4682,-0.5794,4.8004,3.7395,75.056,208.48,2
49.563,12.382,2.9962,0.2954,0.1716,-23.488,10.284,0.2113,88.444,220.77,2
32.988,8.1677,2.3956,0.5133,0.2637,38.293,-24.173,-10.239,68.947,120.1,2
96.993,31.551,3.0039,0.1903,0.1046,-108.3,49.739,-12.116,39.084,247.85,2
42.249,15.983,2.4586,0.4376,0.2386,8.4739,21.16,4.2009,61.647,126.75,2
130.05,73.876,3.0494,0.2526,0.1504,-85.121,-113.39,53.213,65.292,203.62,2
124.97,114.29,3.6046,0.0753,0.0394,171.71,119.48,-85.745,10.232,79.527,2
21.533,5.5628,2.6576,0.8362,0.5579,-13.636,11.955,-10.182,3.3983,183.99,2
33.257,15.358,2.7934,0.2944,0.1537,-5.0074,17.312,-6.9279,52.234,109.51,2
24.347,13.803,2.6095,0.6194,0.2932,6.2115,6.7582,0.157,33.285,188.09,2
133.06,29.411,2.7891,0.2649,0.1375,-122.09,73.411,20.697,29.308,265.6,2
96.728,26.621,2.9731,0.1915,0.1048,-38.278,-111.7,-5.914,13.405,148.67,2
34.168,13.869,2.3256,0.3985,0.1972,27.755,18.804,11.023,8.1384,153.92,2
163.44,50.768,3.0004,0.2449,0.1579,-57.668,-127.09,-47.442,33.523,175.09,2
164.68,105.88,4.3609,0.0866,0.0253,33.262,90.428,78.899,85.114,150.3,2
258.58,154.46,3.5145,0.0576,0.046,381.25,-181.14,-120.43,58.982,184.41,2
24.026,9.8877,2.7384,0.3735,0.2117,2.2505,-18.527,-11.023,54.77,157.56,2
101.04,21.854,3.028,0.3093,0.1701,-130.64,16.377,13.332,18.869,315.71,2
49.894,16.632,2.9122,0.224,0.1255,2.9045,-27.081,-4.106,23.196,123.31,2
84.041,16.648,3.0164,0.2396,0.1226,-97.114,59.202,-17.766,24.788,262.57,2
24.142,13.081,2.7182,0.3339,0.1528,-45.911,-15.563,-4.0028,84.992,122.13,2
68.113,28.161,3.1998,0.3106,0.2289,-79.414,-46.557,-15.893,36.04,275.66,2
19.928,7.2519,2.3395,0.7643,0.3959,-3.9818,11.171,5.0815,70.244,189.33,2
36.358,14.976,2.7888,0.2508,0.1519,-54.945,-11.201,22.519,55.679,212.41,2
19.712,16.84,2.3715,0.5003,0.2388,23.891,15.503,-10.079,58.434,184.27,2
39.832,10.619,2.7081,0.3893,0.2042,-6.8082,-9.1263,-2.6842,76.8,175.79,2
168.82,56.935,3.3298,0.117,0.0704,-227.63,88.13,51.803,40.991,208.34,2
139.5,29.144,3.1689,0.2029,0.1091,-66.422,-66.04,21.298,35.544,93.493,2
14.128,9.282,2.5423,0.7216,0.479,4.041,-7.051,-18.61,14.354,229.58,2
96.899,25.333,3.4313,0.1566,0.1126,-49.158,-82.742,-20.123,28.117,168.52,2
124.74,48.138,3.4739,0.2606,0.1372,-84.442,-110.13,-36.896,7.538,394.84,2
132.55,45.647,3.7384,0.089,0.0646,3.5937,-116.87,17.769,31.377,349.26,2
38.394,11.113,2.9312,0.3639,0.2061,6.5716,31.629,-6.0344,19.206,202.68,2
130.88,37.551,3.2069,0.3457,0.2028,-108.19,-100.21,-14.656,12.094,262.59,2
137.8,52.495,3.623,0.0574,0.0435,-56.919,-121.82,-31.593,51.392,35.614,2
22.697,10.208,2.263,0.6782,0.4927,25.645,16.678,5.1287,60.435,136.69,2
56.925,13.36,2.7709,0.6559,0.472,-55.981,-30.938,12.537,24.217,309.43,2
141.43,88.602,3.2561,0.2757,0.1317,-42.724,-113.36,51.547,18.558,352.31,2
110.12,66.224,3.8618,0.0811,0.0424,16.271,92.088,60.423,74.691,264.95,2
14.791,11.796,2.3075,0.6749,0.4557,1.3533,4.7675,-9.0611,62.25,62.525,2
65.973,40.414,3.4188,0.2489,0.1368,5.9293,-72.137,29.005,18.043,376.47,2
119.78,64.542,3.6206,0.081,0.0423,-84.657,-56.403,21.864,22.611,256.5,2
15.709,11.183,2.3201,0.6651,0.4522,2.0375,3.6839,8.946,13.143,107.13,2
225.45,56.745,3.4401,0.1375,0.0771,-201.35,-94.144,53.472,88.07,256.9,2
54.212,14.381,2.8388,0.3594,0.2239,-49.52,-37.021,6.2357,28.641,110.78,2
17.581,10.177,2.3766,0.6471,0.4139,-0.2667,3.3367,-7.6435,65.443,61.382,2
56.698,11.284,2.8735,0.3346,0.1884,-18.588,29.172,-5.3136,24.633,120.13,2
129.47,36.816,3.5161,0.1834,0.1031,-29.29,-139.22,-23.015,38.056,218.96,2
83.215,30.576,2.9706,0.2204,0.1161,-95.057,56.09,25.169,29.039,283.38,2
37.209,12.196,2.6144,0.3937,0.2005,-18.225,-31.609,10.488,46.16,202.3,2
70.518,26.599,2.9861,0.2034,0.1089,-95.882,43.786,-21.4,43.593,259.55,2
130.61,97.737,3.4709,0.1347,0.06,3.1408,-56.799,88.223,59.329,171.96,2
45.593,19.043,3.2043,0.2214,0.1529,10.55,24.091,6.5958,14.159,114.65,2
28.286,11.595,2.6042,0.4577,0.245,-6.1261,-12.877,-7.5274,28.646,224.7,2
172.57,44.289,3.0548,0.2248,0.1186,-90.062,-185.26,30.739,27.483,109.32,2
94.108,32.306,2.6212,0.4139,0.2309,-35.01,-108.82,23.417,22.531,103.66,2
150.5,80.74,4.1611,0.0853,0.0502,-82.445,-139.1,-48.224,62.273,335.03,2
91.456,16.907,3.2584,0.1969,0.099,-18.751,56.593,-8.1813,32.984,114.64,2
44.585,26.983,2.8262,0.3312,0.1979,17.054,58.822,-16.748,11.598,89.385,2
120.45,25.849,2.9576,0.2977,0.2023,-140.4,105.08,20.479,3.124,220.54,2
185.9,116.94,4.3283,0.0496,0.025,-38.776,-136.28,-75.694,77.054,319.04,2
35.361,15.653,2.897,0.3195,0.164,-28.11,20.544,-11.06,36.393,277.06,2
32.631,18.945,2.6845,0.389,0.1991,26.234,-8.2258,-12.45,18.486,198.79,2
128.33,45.189,3.8533,0.1152,0.0664,-27.621,70.83,-33.157,45.122,211.53,2
63.003,16.096,2.8235,0.521,0.3686,-72.565,26.851,-13.478,16.065,260.07,2
26.333,13.269,2.3377,0.521,0.3009,-8.2202,17.925,0.4299,34.595,268.27,2
47.526,13.239,2.906,0.2523,0.1379,41.853,-32.406,-8.002,45.189,36.411,2
32.187,15.078,2.6675,0.4817,0.2892,33.782,19.035,10.124,8.797,5.6998,2
194.13,77.339,3.7326,0.1645,0.0855,377.97,-180.06,35.267,59.747,265.29,2
24.683,8.8025,2.4417,0.4431,0.2583,34.227,-17.971,-11.432,68.538,78.14,2
105.84,43.469,3.3905,0.1188,0.0511,53.443,126.29,-21.255,16.349,132.54,2
192.1,79.361,4.1466,0.0909,0.0513,7.5268,-213.22,-46.918,54.203,361.15,2
83.952,46.226,3.0986,0.1793,0.1032,84.245,24.988,-40.217,63.52,179.07,2
148.32,93.877,3.7021,0.1301,0.0759,-122.14,-192.5,-52.344,55.947,299.82,2
25.751,9.6259,2.6031,0.6026,0.3044,10.117,26.161,-8.4348,34.882,205.83,2
26.193,11.738,2.5328,0.5513,0.3651,3.2818,22.649,4.6075,76.565,198.84,2
18.131,11.791,2.6217,0.5854,0.3883,-0.4923,-8.9053,9.3306,18.532,222.98,2
250.09,45.991,4.0203,0.0752,0.0495,-353.26,-206.38,-18.574,82.233,43.384,2
12.942,11.215,2.2467,0.7422,0.4278,14.657,-7.1915,-10.187,73.397,271.26,2
20.859,10.555,2.6604,0.5128,0.3112,-35.634,-13.333,7.8399,49.349,203.09,2
85.619,21.375,2.7392,0.2717,0.1431,-67.788,-52.207,-3.5756,63.924,112.01,2
51.997,39.52,3.2133,0.399,0.2157,20.336,30.833,31.529,17.272,344.52,2
47.823,10.034,2.8678,0.3119,0.1593,14.878,30.47,0.6191,26.932,241.71,2
48.88,8.9369,2.9635,0.4675,0.2243,-40.943,-30.019,-18.709,63.218,62.621,2
18.412,7.886,2.6556,0.596,0.3414,16.469,5.544,-4.2137,12.336,66.507,2
58.714,22.837,2.7036,0.5431,0.2679,-39.149,-67.816,-12.828,22.982,195.68,2
34.254,11.058,2.7582,0.4223,0.212,30.035,-15.498,11.324,76.958,210.05,2
32.625,9.1384,2.5465,0.4915,0.277,37.841,26.238,5.0915,19.573,154.88,2
66.289,8.7789,2.2625,0.5464,0.276,54.62,-14.84,4.9454,6.6645,27.55,2
31.843,11.851,2.6794,0.41,0.2542,-10.14,5.0364,10.689,49.146,173.81,2
74.874,16.92,3.0691,0.3539,0.1787,-52.831,52.555,-14.409,4.7291,347.19,2
19.066,9.7981,2.3424,0.6273,0.3614,-21.874,-12.057,4.9351,86.446,103.65,2
202.83,73.997,4.3622,0.0678,0.0364,-66.408,-159.35,-21.258,76.113,348.98,2
25.362,20.271,2.6005,0.447,0.2403,-14.756,-29.584,12.015,37.218,149.4,2
16.215,13.074,2.4553,0.5431,0.3064,-10.379,-13.129,-0.104,45.885,185.67,2
133.95,38.397,3.0833,0.2517,0.1421,89.904,128.25,26.352,43.561,32.713,2
19.104,16.087,2.6675,0.4715,0.2913,-20.891,15.888,-14.164,44.94,202.36,2
41.433,10.305,2.5447,0.4194,0.2297,-20.039,-36.066,7.8495,27.622,106.01,2
44.386,18.825,2.9959,0.2484,0.1388,31.992,39.68,-11.165,13.361,269.45,2
133.49,43.529,2.6884,0.3996,0.1998,-7.5184,-116.55,-42.168,13.112,325.57,2
35.414,16.601,2.4661,0.3829,0.2103,49.074,7.2535,-12.549,4.75,229.41,2
39.133,36.993,3.0614,0.2178,0.1133,2.1607,-38.182,-26.205,66.29,240.84,2
13.261,10.005,2.2082,0.8111,0.5108,-12.606,-7.7326,10.919,20.366,39.288,2
59.505,29.301,3.0116,0.3989,0.2258,16.999,-45.728,-14.38,31.747,425.52,2
121.94,46.635,3.1551,0.1947,0.1086,-124.43,96.165,30.148,30.99,217.38,2
56.553,24.171,3.2038,0.1739,0.091,74.503,56.317,-17.294,73.799,107.32,2
28.814,13.641,2.4499,0.5411,0.344,6.1332,6.0571,4.8301,7.7544,203.8,2
33.377,8.1712,2.7896,0.4593,0.2878,13.786,17.809,7.0559,40.322,143.88,2
8.2311,7.8292,2.3462,0.7684,0.4696,21.658,3.783,7.6089,36.76,177.94,2
30.732,17.382,2.8119,0.3547,0.1812,27.222,24.858,-13.343,27.995,155.02,2
60.209,30.385,3.7078,0.1793,0.1141,21.609,60.868,17.218,25.557,185.2,2
30.364,15.958,2.9194,0.3606,0.2142,-32.487,-17.911,-4.3409,38.851,170.11,2
27.781,16.192,2.5502,0.3099,0.1676,-13.889,-12.286,8.7901,11.85,181.7,2
103.15,43.317,3.9352,0.1022,0.0513,24.986,114.91,-24.181,62.04,184.94,2
180.13,89.031,3.801,0.1332,0.0842,-149.54,128.25,-77.054,84.817,347.42,2
72.523,17.29,3.114,0.1985,0.0924,29.812,45.341,-12.55,21.94,193.25,2
13.255,10.374,2.2,0.795,0.4763,13.412,6.0135,-11.17,42.477,71.412,2
164.5,45.826,3.3426,0.129,0.0725,-156.84,103.31,49.814,52.613,256.65,2
18.769,7.4119,2.1508,0.7845,0.47,3.0514,-8.1489,2.7096,39.106,144.69,2
120.44,82.098,3.478,0.2275,0.1312,-150.2,52.63,38.761,9.209,311.41,2
32.771,26.251,3.178,0.2396,0.1384,0.2033,19.236,8.8301,9.8641,90.13,2
15.004,8.7457,2.6748,0.5596,0.3502,1.9665,8.6654,-9.2768,10.591,79.165,2
51.203,14.449,2.8924,0.3434,0.1928,9.0876,22.018,2.4246,42.5,255.1,2
35.441,8.6428,2.799,0.4382,0.2223,-2.5966,-8.2996,8.0967,74.297,246.47,2
141.37,31.75,3.1081,0.2803,0.131,-234.37,156.35,12.464,13.815,174.89,2
124.84,84.528,3.8424,0.1766,0.0871,-28.168,-105.78,29.8,44.333,417.03,2
64.632,36.91,2.7738,0.2003,0.1002,24.861,55.733,-10.865,39.656,161.01,2
42.194,8.9013,2.5237,0.4641,0.2769,7.3032,32.086,3.8818,12.926,115.88,2
121.38,28.465,2.9319,0.2335,0.1528,-93.058,-108.98,15.158,42.225,86.433,2
76.915,29.362,2.913,0.1759,0.091,-49.298,-43.599,-16.611,53.228,217.1,2
37.77,15.374,2.7721,0.3122,0.1534,-0.4536,28.367,-5.9695,73.112,243.57,2
29.402,12.137,2.5159,0.4116,0.2058,-22.646,21.13,-7.5126,75.255,179.53,2
59.907,11.577,2.4831,0.4114,0.1981,67.976,-28.739,3.992,34.45,161.56,2
32.981,18.988,2.5179,0.3581,0.1806,16.137,21.852,-16.792,64.293,105.21,2
191.95,74.871,3.4026,0.1541,0.0712,-125.9,36.727,78.037,51.487,295.76,2
17.749,14.627,2.3551,0.5475,0.3775,5.5857,-15.361,6.7395,28.689,239.06,2
20.649,11.546,2.2532,0.717,0.4204,-2.5787,17.608,6.0702,87.357,233.55,2
78.969,15.092,3.1737,0.3504,0.2013,-57.936,39.651,-10.781,39.029,291.7,2
55.834,22.649,2.9157,0.2696,0.1378,8.3741,41.501,24.608,9.461,177.21,2
129.59,17.348,2.8963,0.367,0.2356,-55.022,-126.58,-4.9852,12.489,52.983,2
91.603,13.988,3.0438,0.2803,0.146,-70.229,65.899,10.52,43.096,284.88,2
33.193,10.413,2.772,0.3956,0.2088,-2.7203,17.35,-6.319,60.397,204.42,2
36.486,9.4858,2.6596,0.6099,0.373,-9.6632,9.2725,-2.9336,1.3705,122.45,2
12.898,9.3741,2.3925,0.6594,0.4721,5.9645,-3.665,-13.648,56.97,111.72,2
29.44,20.405,2.7712,0.3793,0.2108,1.5983,24.606,-11.096,2.898,263.37,2
92.14,53.675,3.0382,0.2175,0.146,-26.757,-121.9,21.405,9.0489,103.56,2
48.269,28.427,2.8817,0.5003,0.283,-0.861,57.728,-30.09,89.87,201.98,2
46.207,6.389,2.6149,0.5194,0.2973,24.948,37.309,5.4582,47.653,195.95,2
10.14,6.862,2.2963,0.7633,0.4517,-24.7,-6.5859,11.105,34.642,166.4,2
271.44,190.14,3.6078,0.0873,0.0546,444.4,-162.07,90.618,64.504,152.16,2
49.176,11.723,3.0357,0.3394,0.2118,10.001,31.821,-13.086,39.681,237.73,2
107.57,37.121,3.2238,0.3823,0.3044,-52.739,-60.321,31.976,24.561,322.38,2
25.491,15.459,2.7153,0.4784,0.249,14.438,-15.437,4.1073,75.166,163.48,2
31.608,10.477,2.6699,0.4564,0.2321,-13,14.219,4.7111,56.668,39.228,2
126.69,35.144,2.9217,0.2681,0.143,131.22,97.953,19.973,65.879,90.551,2
123.3,16.888,2.8551,0.332,0.2544,119.9,45.568,-16.892,74.275,238.63,2
180.71,43.405,3.6852,0.0896,0.0392,-21.531,67.529,-27.306,33.9,125.62,2
25.986,23.176,2.3015,0.5719,0.3495,-15.304,-6.6741,12.93,6.8391,119.99,2
120.92,71.039,3.6757,0.2054,0.0901,-58.045,-141.16,45.302,21.466,399.04,2
31.424,15.362,2.5966,0.3949,0.257,9.2765,-19.261,9.6225,33.559,218.1,2
37.469,11.084,2.3597,0.5219,0.2746,-31.597,-27.475,11.13,2.0718,116.11,2
12.852,11.463,2.1917,0.7331,0.3891,-15.155,6.5773,-11.352,86.045,219.58,2
21.826,10.548,2.243,0.56,0.2829,-4.206,16.932,6.8728,24.601,152.23,2
13.304,8.0295,2.5582,0.6048,0.3172,21.748,21.107,3.7326,46.538,190.31,2
18.185,9.8595,2.506,0.6086,0.343,35.068,18.91,12.355,19.152,179.66,2
97.31,27.279,3.0054,0.3674,0.2573,-113.86,69.547,13.74,75.275,181.79,2
53.344,15.324,2.7177,0.3657,0.207,15.122,31.958,13.767,45.915,191.04,2
118.54,50.931,3.4032,0.3173,0.2136,-76.833,-104.41,-22.236,17.794,388.06,2
15.876,9.5599,2.4025,0.8515,0.5467,20.181,16.472,-3.1284,43.434,241.98,2
26.082,10.773,2.6294,0.5023,0.2805,-6.2851,-14.265,8.8525,79.51,181.64,2
101.24,18.761,2.8516,0.2745,0.1414,-56.255,-70.376,-5.4218,81.362,154.15,2
22.009,6.7467,2.3021,0.7182,0.3716,-25.359,-7.7523,-6.6755,16.634,190.85,2
120.23,73.813,3.2527,0.2561,0.1536,-170.52,63.058,56.832,7.8807,192.5,2
28.655,11.086,2.5944,0.4478,0.2684,19.697,-15.679,-10.912,51.315,225.75,2
120.17,23.506,3.0058,0.1993,0.1001,112.25,76.261,-5.2794,61.296,124.2,2
178.31,115.88,3.5584,0.173,0.0925,-151.13,-170.38,-52.748,53.16,224.67,2
56.465,21.427,2.8354,0.3404,0.1863,69.415,45.386,-22.406,1.16,285.42,2
197.59,45.048,3.8584,0.1293,0.0695,-160.28,-184.08,20.088,55.245,321.87,2
36.287,11.854,2.7962,0.4237,0.2406,37.615,8.9505,6.4411,74.93,79.138,2
163.31,33.181,2.8939,0.2228,0.109,-75.623,-100.65,-21.369,71.927,139.78,2
25.34,24.937,2.8937,0.3901,0.216,-16.975,-35.931,18.057,14.121,103.3,2
32.222,10.7,2.6872,0.4712,0.2538,6.2826,14.764,1.0305,37.716,104.28,2
207.52,106.82,4.1841,0.0753,0.047,-217.12,-250.36,-49.158,0.4183,284.44,2
15.269,3.8124,2.325,0.8676,0.637,18.29,7.0555,-0.8019,56.729,219.89,2
122.18,32.547,2.8245,0.3191,0.1685,75.721,127.52,-16.063,80.647,188.3,2
33.295,30.515,3.0067,0.2421,0.1302,13.251,-5.688,14.31,2.7741,105.33,2
33.776,18.102,2.7945,0.2905,0.1581,5.4566,-21.175,-11.643,42.878,91.362,2
30.35,21.406,2.6325,0.3986,0.2156,34.418,16.873,-18.831,30.633,232.54,2
95.651,42.548,3.7049,0.1781,0.0908,-126.57,-74.514,-22.576,17.244,375.03,2
22.697,9.2923,2.4245,0.5784,0.3543,-3.2073,24.053,8.85,78.513,163.26,2
29.811,10.887,2.6526,0.4412,0.2508,-9.6388,20.32,6.5625,70.921,127.31,2
20.96,9.5091,2.4702,0.599,0.3287,-25.92,14.963,-3.4651,85.922,158.18,2
29.55,9.3699,2.4822,0.5535,0.3443,-20.828,17.378,-7.8831,65.136,155.63,2
215.72,54.118,3.1143,0.4343,0.261,-101.23,-212.18,-49.572,1.9377,357.03,2
19.167,12.966,2.4354,0.5468,0.3468,10.17,15.457,4.4001,7.9106,208.23,2
29.444,12.456,2.5028,0.5668,0.3077,-38.245,-24.081,1.9457,71.647,213.67,2
178.56,105.32,4.6289,0.035,0.0304,-76.343,110.05,71.708,87.636,317.85,2
305.1,108.44,4.0668,0.0932,0.0428,-265.81,-281.84,83.67,39.56,236.88,2
75.039,66.824,3.1966,0.2169,0.1262,-28.203,35.183,39.3,63.239,136.97,2
62.201,39.026,3.3682,0.1658,0.0902,54.557,54.487,37.749,75.034,195.85,2
24.934,13.984,2.6518,0.3969,0.204,31.367,16.64,8.3578,55.496,167.37,2
60.442,12.559,2.721,0.4335,0.2823,56.243,43.834,-7.9984,26.708,172.97,2
31.156,12.387,2.6597,0.4183,0.2364,-7.1292,27.312,-0.4479,61.94,241.71,2
25.521,12.656,2.4669,0.3925,0.2065,-18.473,-12.225,-5.5906,83.493,226.88,2
84.684,17.4,3.1434,0.211,0.1442,-117.24,82.855,17.473,57.583,257.84,2
17.401,7.4357,2.3334,0.7981,0.5499,-1.4761,-2.6265,4.5371,55.459,214.62,2
60.452,17.413,2.9128,0.3472,0.1815,-34.631,-54.156,-16.071,8.0866,174.14,2
51.85,11.512,3.0047,0.2984,0.161,-66.373,-26.744,5.0632,72.858,184.54,2
72.547,14.988,3.0983,0.2576,0.1631,38.013,32.908,9.4911,62.242,184.39,2
51.131,20.692,2.7644,0.2604,0.1413,-26.605,47.033,14.437,40.761,149.48,2
22.023,11.142,2.5711,0.647,0.4792,6.5974,17.722,-11.424,69.774,166.59,2
42.347,13.57,2.5673,0.4335,0.3231,-41.528,-40.123,3.9217,57.249,194.41,2
224.68,25.11,2.7945,0.4205,0.2705,-100.29,-264.28,-14.559,53.803,78.518,2
25.911,11.665,2.3749,0.4578,0.2259,-39.345,-12.44,10.329,4.2998,125.45,2
159.91,75.956,3.3458,0.1176,0.0722,79.971,58.59,24.159,85.627,241.37,2
70.173,33.735,3.1493,0.2182,0.1094,66.594,39.015,26.937,18.037,209.11,2
35.864,14.635,2.7789,0.3794,0.1955,13.586,20.473,-9.0084,76.185,240.44,2
43.95,21.426,2.9335,0.2413,0.1335,5.2075,30.763,8.9538,15.136,253.23,2
45.442,13.788,2.5247,0.3004,0.1833,48.386,26.35,-8.453,43.955,171.54,2
62.31,15.089,2.9936,0.2635,0.1465,-12.451,23.194,15.53,63.394,143.31,2
197.07,21.643,2.8594,0.3815,0.2509,225.47,-134.89,-10.862,62.429,40.489,2
242.09,105.71,4.6579,0.0348,0.0175,-218.47,-180.16,-52.685,67.934,243.08,2
127.89,85.151,4.0728,0.1072,0.0547,5.8147,-131.19,45.967,14.828,357.87,2
52.86,29.765,3.0961,0.1968,0.1275,86.458,33.91,33.916,86.659,213.47,2
44.553,10.138,2.7368,0.3593,0.1897,-0.8568,32.875,4.003,3.077,78.606,2
30.095,15.248,2.5836,0.3571,0.2106,1.6271,14.432,-14.74,11.285,195.89,2
217.67,44.219,3.2117,0.1779,0.1422,-241.76,-90.811,-18.68,59.483,255.54,2
163.33,13.882,2.9395,0.254,0.1293,-131.07,-75.085,-8.5308,58.837,118.24,2
113.35,22.138,3.2743,0.2483,0.1348,-76.055,67.917,18.386,4.8423,286.16,2
77.145,38,3.6371,0.1518,0.0956,-33.191,70.305,29.522,31.712,285.07,2
218.38,125.69,4.4838,0.0588,0.0368,-309.07,-167.9,-149.55,75.436,322.08,2
14.389,12.766,2.6194,0.5753,0.3174,-20.638,-11.905,-6.5581,60.257,148.71,2
8.0518,7.6959,2.4996,0.6751,0.4281,-0.5604,-4.9496,-9.9392,74.181,135.69,2
34.273,12.723,2.2911,0.445,0.2276,30.569,-15.944,9.0394,78.788,94.496,2
74.508,40.564,3.2186,0.0868,0.0541,13.404,-42.508,22.281,57.063,168.93,2
86.643,14.458,2.9594,0.3363,0.1778,-112.63,45.164,-14.775,68.243,268.9,2
34.966,11.642,2.7418,0.509,0.3318,23.221,31.573,-3.919,19.064,133.75,2
19.114,12.208,2.4676,0.5554,0.3186,-3.8694,10.63,10.568,48.231,177.91,2
163.29,84.298,2.8794,0.2904,0.1736,36.907,77.292,-39.187,33.612,96.67,2
58.899,33.174,3.3875,0.1545,0.0908,-50.716,-39.108,-19.691,61.522,239.54,2
112.63,79.2,4.165,0.1266,0.0385,79.628,79.597,-56.597,65.649,358.14,2
49.686,8.4888,2.7364,0.3541,0.1844,50.838,29.809,3.7914,83.425,213.43,2
81.419,24.473,2.5304,0.5206,0.3358,-78.746,-16.76,-19.361,31.761,273.64,2
20.869,20.774,2.3017,0.4866,0.2447,-31.63,-36.192,-9.3976,9.7574,162.39,2
121.13,52.173,3.2602,0.2979,0.1582,-210.05,131.64,20.626,15.647,289.78,2
108.23,11.947,2.7426,0.3674,0.2753,-84.156,-45.726,6.3502,7.8289,166.98,2
241.88,170.86,3.4333,0.177,0.1067,-156.81,-204.82,170.69,8.9743,226.32,2
35.801,11.136,2.7384,0.3489,0.1781,37.003,29.352,5.4811,37.256,202.7,2
129.49,38.025,3.3777,0.171,0.1121,-191.81,108.03,-35.578,36.816,267.68,2
23.008,12.209,2.4427,0.4495,0.2635,11.306,-18.178,-16.418,37.746,140.8,2
34.155,21.905,2.84,0.267,0.1721,8.0011,24.475,18.64,17.307,71.051,2
19.419,9.9248,2.2718,0.5615,0.3075,24.592,8.5982,-3.0781,41.802,67.962,2
30.172,16.884,2.6902,0.4673,0.2704,8.8759,25.369,14.03,74.709,229.3,2
12.345,12.146,2.0273,0.6761,0.3427,-16.5,9.4818,9.9395,9.807,210.87,2
33.225,18.725,2.7263,0.308,0.1643,-1.3268,-13.932,-9.6538,24.253,104.86,2
115.94,73.965,3.1556,0.253,0.1433,88.702,118.06,33.602,17.434,162.76,2
23.133,10.415,2.5527,0.5274,0.2666,33.321,9.567,10.309,58.923,202.28,2
103.07,30.134,3.3185,0.2142,0.1117,-100.69,64.701,23.983,20.345,286.07,2
128.25,79.219,3.5577,0.131,0.0862,72.757,138.46,59.612,58.612,178.08,2
37.422,12.488,2.5705,0.4758,0.2567,24.644,20.757,-10.016,21.09,173.97,2
62.734,9.7475,2.873,0.3603,0.1896,26.946,36.708,-11.343,78.101,74.129,2
153.23,60.12,4.1309,0.0578,0.0273,-184.51,-130.95,53.18,5.688,265.27,2
152.8,41.787,3.3937,0.1434,0.0766,-263.43,89.519,-36.164,53.762,254.28,2
77.81,35.52,3.3998,0.1549,0.0806,-67.028,-43.098,11.196,76.604,250.87,2
81.24,18.078,2.7189,0.3443,0.1663,20.175,64.619,-8.339,85.491,40.153,2
18.608,10.201,2.248,0.5932,0.3192,0.986,-6.7047,5.9809,88.344,42.721,2
40.093,10.415,2.7773,0.3492,0.2045,5.1414,33.954,4.541,55.288,203.85,2
74.99,23.898,2.9225,0.2307,0.1213,30.685,83.832,9.6749,58.842,180.97,2
104.47,25.876,3.1011,0.2718,0.1383,-63.168,81.965,23.606,4.296,335.1,2
81.077,15.595,3.0858,0.2544,0.1209,-114.61,53.992,18.046,71.162,284.45,2
138.43,67.808,3.9584,0.1363,0.072,26.701,86.935,69.382,77.922,406.99,2
21.122,12.465,2.43,0.5962,0.3439,-34.004,-24.316,5.6196,30.898,188.49,2
32.669,11.9,2.844,0.3822,0.2095,-21.707,-35.527,-9.8157,40.833,164.86,2
21.004,8.7689,2.3962,0.6546,0.3434,-25.148,-8.1405,-1.8442,89.236,74.101,2
46.998,35.513,2.8248,0.232,0.116,38.828,40.615,35.481,29.733,98.314,2
51.323,26.131,3.1199,0.217,0.1001,-32.986,23.866,15.246,58.135,243.57,2
201.09,82.535,3.9952,0.0987,0.0531,-224.51,-188.03,-59.704,73.63,340.52,2
23.212,16.868,2.5328,0.4956,0.2654,10.561,17.455,-18.311,12.482,240.26,2
27.414,5.002,2.2684,0.5691,0.3034,-11.264,-10.855,6.3189,65.104,162.11,2
84.272,28.958,2.6772,0.3701,0.2093,-31.379,-80.543,18.517,14.638,318.13,2
102.97,48.041,3.6819,0.1916,0.0995,-74.94,-90.835,-30.524,42.504,375.2,2
106.48,59.636,3.7599,0.1055,0.0569,-53.076,-99.503,36.911,7.146,144.32,2
19.196,7.2453,2.6031,0.7656,0.6172,13.805,19.167,-1.4198,29.258,251.85,2
32.841,10.54,2.6702,0.4123,0.2747,19.401,10.832,9.7147,63.849,177.29,2
234.25,93.462,3.8928,0.1689,0.0816,-264.46,-161.62,56.276,59.362,349.46,2
136.32,30.333,2.9539,0.5035,0.2868,-119.34,-66.661,-17.657,24.219,286.99,2
172.67,119.56,3.4102,0.1332,0.0844,1.2907,159.76,76.992,69.229,195.21,2
48.079,21.699,2.8169,0.1951,0.0983,39.944,-26.737,-10.496,88.106,75.632,2
30.586,12.549,2.708,0.4133,0.2145,-3.378,22.962,9.5028,11.7,213.77,2
166.85,27.309,2.8579,0.3301,0.1699,-135.48,-111.79,12.705,38.289,243.84,2
25.846,11.122,2.6937,0.5061,0.3087,3.2982,18.807,6.9405,3.61,185.93,2
56.363,18.659,2.7689,0.2888,0.1736,-24.941,-4.1519,4.6074,4.692,166.07,2
171.29,36.421,2.9612,0.2874,0.1688,-158.53,-155.9,-13.355,27.905,393.47,2
60.86,35.352,3.2928,0.2074,0.1139,-75.401,23.563,16.004,11.242,254.94,2
28.982,11.846,2.5172,0.4924,0.2568,25.93,17.674,11.336,18.589,214.76,2
30.442,20.563,2.7892,0.7051,0.3696,25.322,29.983,20.147,33.722,352.99,2
144.65,40.348,2.938,0.6182,0.4988,-74.654,-155.49,-42,38.01,280.05,2
13.458,9.164,2.438,0.8576,0.4889,15.763,-7.6129,10.071,12.023,101.53,2
103.89,48.52,3.2507,0.1943,0.0985,-83.879,-82.593,-41.109,70.826,425.03,2
15.189,14.803,2.4451,0.5498,0.2808,4.7623,22.519,12.504,72.037,183.71,2
20.121,7.0077,2.2565,0.7867,0.4294,20.748,13.802,-5.2105,22.093,184.53,2
20.299,15.918,2.7024,0.5417,0.2986,3.2906,-13.204,13.194,13.392,136.11,2
38.593,26.092,2.9654,0.2382,0.1272,-2.6285,27.436,-7.2273,14.444,263.93,2
64.794,20.03,2.9638,0.2728,0.1375,-62.19,41.557,12.532,25.823,282.65,2
101.5,23.93,3.33,0.4035,0.2244,-87.391,-79.373,-23.11,3.7728,374.96,2
24.995,12.825,2.6481,0.4502,0.3414,19.301,21.712,-11.581,78.216,130.31,2
67.278,23.686,2.842,0.3741,0.1921,-68.929,27.009,17.528,44.792,258.64,2
16.196,6.6604,2.5348,0.7362,0.4938,28.117,3.3712,-1.1908,25.031,254.97,2
25.716,16.93,2.4848,0.4515,0.285,-11.133,-27.042,14.659,70.984,161.36,2
69.768,18.982,2.7478,0.5255,0.2654,-44.583,-30.759,-12.955,33.005,303.91,2
58.505,9.8665,2.9222,0.2787,0.1394,55.719,44.179,-4.007,10.321,213.33,2
43.9,12.632,2.7868,0.3105,0.1642,11.175,26.823,-9.8672,24.874,145,2
33.764,12.743,2.6618,0.4096,0.2124,35.346,-7.3294,5.88,59.315,194.31,2
255.63,85.847,3.5024,0.1585,0.0892,-329.8,142.34,-49.184,66.556,299.14,2
33.352,19.501,2.6061,0.3385,0.1905,42.785,30.198,-13.227,2.7376,193.77,2
23.818,3.1392,2.2028,0.7024,0.3697,43.002,7.2102,10.672,60.466,220.98,2
27.367,15.505,2.5552,0.5911,0.42,2.1447,28.889,7.9747,12.824,208.79,2
49.966,15.601,2.7745,0.274,0.1437,-27.645,-32.492,12.256,28.521,27.296,2
49.085,12.942,2.8293,0.4148,0.217,4.4968,31.104,12.665,51.205,159.73,2
67.799,38.678,3.1504,0.2652,0.1588,-43.428,-50.019,-22.395,78.163,200.8,2
12.619,11.804,2.0626,0.7013,0.3766,15.96,-9.3566,-9.4303,24.545,180.15,2
106.12,35.736,3.0275,0.3822,0.2044,73.358,124.64,-17.138,84.007,14.527,2
35.616,8.616,2.6665,0.4892,0.3093,-23.297,-10.86,6.2181,57.995,73.712,2
105.88,31.673,2.9204,0.2866,0.1304,-28.634,-90.039,25.401,75.83,77.471,2
26.919,13.649,2.7192,0.6134,0.3988,14.665,-2.431,8.8119,89.465,90.459,2
48.582,22.257,3.2382,0.2058,0.1073,20.386,-34.321,-12.486,38.294,64.017,2
10.505,9.0132,2.2204,0.6088,0.3293,6.8141,10.329,-5.9923,69.416,150.38,2
35.173,20.975,2.6285,0.3833,0.2165,-41.791,-44.979,-18.225,43.255,219.93,2
95.231,73.441,3.2662,0.1771,0.0967,51.134,67.808,-37.898,56.829,144.39,2
21.436,7.9973,2.3369,0.8124,0.4285,-14.627,9.0208,-3.1087,0.2327,178.36,2
29.344,12.575,2.4942,0.5032,0.2804,31.763,24.917,-4.1189,32.144,239.49,2
119.83,55.851,3.3754,0.126,0.0651,-37.07,-128.27,46.328,77.723,41.099,2
24.799,4.2995,2.6456,0.4957,0.241,-8.5125,16.618,10.645,38.354,226.92,2
29.686,6.5504,2.1931,0.5256,0.2724,-38.284,-12.298,-1.42,36.967,136.16,2
25.466,17.117,2.7423,0.371,0.2091,4.2117,20.306,6.0298,21.333,56.244,2
51.907,36.468,3.226,0.164,0.0996,-4.6645,9.1686,21.692,30.482,232.84,2
53.451,39.221,3.2266,0.1583,0.0979,1.6107,-54.853,22.368,28.693,159.47,2
46.738,8.3832,2.7473,0.4547,0.2578,-7.3423,19.942,-9.9093,78.136,245.97,2
20.209,12.647,2.3043,0.4665,0.2556,-0.9451,8.9677,-9.7643,10.695,227.21,2
22.212,6.8141,2.0763,0.74,0.3939,-34.497,-17.217,-3.4721,18.177,236.72,2
53.587,11.27,2.5698,0.4941,0.3235,27.013,43.089,7.4915,3.0792,279.13,2
10.612,10.055,2.2398,0.5855,0.315,-2.8825,0.5839,4.4629,44.401,187.52,2
79.161,12.687,2.9886,0.2495,0.1258,49.065,11.194,-3.3729,5.633,20.832,2
110.42,80.831,3.8753,0.0934,0.0494,-106.26,57.905,-68.839,41.911,306,2
60.724,17.375,2.6884,0.3509,0.1665,82.466,4.5381,10.366,14.475,287.57,2
23.024,10.557,2.48,0.5974,0.4231,6.1666,11.81,-9.9887,53.37,176.85,2
19.191,8.0294,2.5077,0.7284,0.45,-29.428,-16.382,-9.017,87.911,242.74,2
18.539,14.18,2.6518,0.5931,0.3913,-1.6957,14.781,-7.0801,37.947,181.41,2
63.333,26.828,2.9513,0.1969,0.1135,88.53,-26.456,-25.582,60.422,175.94,2
45.699,17.378,2.5873,0.4369,0.2536,-19.674,-43.867,14.1,54.322,200.2,2
101.5,82.794,3.38,0.2109,0.1136,-85.88,63.614,-52.301,33.688,308.42,2
71.467,23.641,3.0843,0.1663,0.0941,-80.915,-54.955,15.958,89.398,274.49,2
44.739,8.798,2.6236,0.4175,0.2443,32.124,15.944,7.3442,80.524,227.56,2
105.1,37.528,2.8701,0.2428,0.1531,102.26,23.294,11.823,26.715,155.87,2
150.79,74.184,4.2805,0.0591,0.0311,-122.07,-106.4,35.891,84.156,269.44,2
99.531,33.654,3.1331,0.1877,0.1086,162.39,-82.155,-25.283,32.325,227.16,2
30.424,13.203,2.7261,0.4725,0.3171,33.23,26.8,-6.6323,46.523,255.12,2
140.28,42.161,3.735,0.1701,0.0855,-116.84,-84.138,-34.85,41.512,274.2,2
164.12,72.805,3.5177,0.2071,0.1137,-163.42,-148.28,43.339,78.043,355.08,2
22.552,11.141,2.5348,0.5426,0.2751,-21.546,19.952,4.5373,37.703,157.67,2
99.106,51.293,4.0321,0.1035,0.0491,-67.057,57.973,-56.476,37.165,281.15,2
68.195,34.067,2.8782,0.388,0.1853,-38.548,-63.079,-19.15,24.707,318.64,2
22.082,16.828,2.4065,0.4275,0.2529,28.487,-10.353,-10.142,16.436,270.4,2
143.35,72.599,4.0014,0.1025,0.0618,54.283,94.344,62.178,85.363,414.51,2
46.914,7.5096,2.8434,0.418,0.2295,9.8954,15.393,-10.955,35.278,215.62,2
13.126,10.638,2.2368,0.7768,0.4725,13.546,3.6146,10.566,66.85,189.66,2
211.19,74.242,3.3876,0.1966,0.0993,-165.46,-159.48,-56.209,77.077,255.27,2
92.921,24.239,3.1473,0.3251,0.1928,1.5516,59.639,16.462,48.251,341.81,2
53.724,19.201,2.8159,0.3188,0.1583,-22.45,-56.065,-15.818,76.899,148.39,2
70.314,20.975,2.9017,0.3498,0.1812,-66.622,-40.158,13.623,88.71,187.91,2
19.296,19.039,2.4526,0.4749,0.2592,-6.6629,-18.121,10.656,86.538,205.3,2
34.119,9.7133,2.5378,0.3884,0.1957,43.086,27.388,6.4198,54.874,156.03,2
151.2,51.481,3.5463,0.1751,0.088,39.362,-42.823,-51.233,7.2928,275.5,2
134.4,41.884,3.0817,0.2155,0.125,-89.789,69.58,-29.97,26.502,264.03,2
128.19,22.165,2.7952,0.2708,0.1675,143.63,-71.097,-8.4593,26.796,158.97,2
33.583,11.035,2.7147,0.4301,0.2459,38.2,29.628,6.2741,27.015,143.94,2
34.81,29.733,3.1299,0.1854,0.1012,29.238,-21.971,-23.122,12.823,59.066,2
90.596,31.939,2.8636,0.2615,0.1431,-151.02,90.106,13.803,14.916,290.19,2
29.126,0,2.4757,0.6488,0.3328,12.04,12.634,-0.0001,70.884,219.98,2
22.323,15.749,2.564,0.5466,0.2528,-16.096,-2.887,10.736,59.812,259.41,2
40.253,15.365,2.8618,0.2529,0.1419,-34.016,16.833,-10.178,73.999,233.53,2
60.008,28.034,3.1221,0.4618,0.2491,-14.072,42.735,-13.622,82.948,364.93,2
76.726,19.792,3.5476,0.1928,0.122,18.548,58.234,17.386,43.878,194.04,2
28.12,10.785,2.6862,0.5401,0.3659,6.2757,37.125,10.816,58.374,174.47,2
51.156,40.151,2.8362,0.2504,0.1409,-69.909,-30.748,8.8387,31.398,288.66,2
60.588,13.024,2.9501,0.36,0.1894,31.983,50.844,10.772,0.6164,280.61,2
48.221,20.518,2.9462,0.2928,0.1651,-57.989,-38.687,-11.634,15.694,96.644,2
20.557,9.3607,2.3711,0.6596,0.4021,-0.7971,12.682,-7.9848,75.158,214.83,2
21.177,14.391,2.3021,0.8617,0.615,-2.4848,5.5418,-12.746,21.92,235.81,2
19.45,9.1554,2.3324,0.6651,0.4302,19.727,14.57,-4.3676,36.344,182.01,2
14.034,8.5698,2.404,0.8757,0.4477,14.729,4.5391,-11.275,13.27,123.22,2
141,66.975,3.1455,0.2217,0.1141,92.303,156.05,36.438,48.632,156.01,2
126.51,86.495,3.3422,0.3189,0.1523,-221.03,102.98,57.674,51.094,333.7,2
56.448,22.4,3.2609,0.1815,0.0877,18.138,-37.62,17.489,48.891,184.16,2
183.91,44.135,3.3281,0.23,0.1554,-121.14,-175.07,-30.166,35.074,301.53,2
31.573,8.1849,2.4632,0.649,0.3156,42.855,24.024,5.7322,44.291,74.75,2
95.058,52.205,3.4675,0.2556,0.1382,-34.328,-77.277,29.647,47.813,287.85,2
105.57,30.165,3.2129,0.294,0.1617,-161.2,78.142,-23.536,49.284,237.16,2
94.849,24.797,3.1622,0.3003,0.1531,-66.85,57.281,-6.1345,23.194,335.91,2
42.099,12.185,2.8162,0.3328,0.1763,-7.5451,22.826,-8.9577,57.015,150.52,2
17.793,11.619,2.5139,0.6003,0.4364,-0.0457,-8.0966,11.183,40.877,221.1,2
25.652,23.031,2.6577,0.5992,0.3087,-20.077,-16.512,-13.928,85.513,170.41,2
20.906,11.236,2.238,0.5607,0.2861,11.371,19.131,9.3868,47.31,232.77,2
43.2,8.8465,2.7426,0.449,0.2355,50.756,48.036,4.267,21.971,263.6,2
71.518,19.595,3.1573,0.2514,0.1155,49.339,48.811,9.4687,0.5301,259.6,2
24.204,10.041,2.5978,0.5398,0.3268,26.048,8.6357,8.0166,22.252,96.013,2
31.222,14.747,2.6232,0.2976,0.1512,-22.461,-14.42,8.9256,46.701,193.33,2
27.057,12.752,2.6037,0.5903,0.3699,20.797,18.994,-9.086,49.203,153.2,2
144.18,67.329,3.6516,0.1187,0.0608,-133.2,-110,45.927,65.468,384.24,2
90.757,48.958,3.503,0.1206,0.0714,72.495,41.131,28.055,26.835,31.904,2
22.363,11.629,2.4793,0.5937,0.3566,9.8142,21.219,6.689,38.939,148.68,2
57.008,18.273,3.0566,0.2584,0.1122,39.317,39.759,-16.491,30.299,273.67,2
36.922,24.883,2.4162,0.395,0.2398,11.574,36.533,7.7639,40.404,124.28,2
222.42,14.596,2.9141,0.2608,0.1408,147.37,216.99,-1.7177,16.884,110.64,2
133.52,65.529,4.1993,0.075,0.038,-159.34,72.172,-17.621,47.302,314.58,2
44.316,29.82,3.0247,0.2022,0.1101,-10.867,22.741,21.375,76.952,230.75,2
22.196,10.244,2.4714,0.6057,0.4037,-15.163,-7.7519,3.4736,47.211,172.46,2
101.54,20.187,3.2626,0.431,0.2319,-57.994,-73.521,-24.806,15.582,384.41,2
40.309,11.463,2.8028,0.3701,0.2024,30.096,33.24,-6.4672,43.288,236.17,2
61.674,35.09,3.1659,0.3031,0.1594,-5.9663,34.476,-21.424,17.163,334.9,2
142.18,62.264,3.1089,0.2335,0.1179,-105.19,-149.97,45.917,64.802,222.4,2
242.83,44.193,3.3866,0.2312,0.1201,-153.82,-261.87,-20.299,65.329,255.58,2
116.37,64.715,3.791,0.0637,0.0583,-126.63,77.684,82.555,22.462,217.22,2
81.647,8.544,2.3892,0.649,0.3653,-83.445,-59.139,8.0072,30.455,307.57,2
52.23,18.939,2.8426,0.2399,0.1214,-5.8582,16.243,16.752,3.828,210.94,2
34.981,13.333,2.5508,0.4529,0.3165,-22.467,-30.203,-9.7852,49.902,278.43,2
41.408,26.721,2.9457,0.3331,0.1683,60.081,18.906,27.829,16.083,164.47,2
158.28,93.104,3.333,0.0948,0.049,-70.971,-121.31,76.699,52.085,249.07,2
80.237,9.5778,2.7759,0.3178,0.1797,7.9203,43.222,1.9162,27.143,301.85,2
27.271,16.856,2.747,0.3491,0.1782,5.6719,-16.943,8.4421,88.106,175.85,2
23.848,8.7197,2.4917,0.6447,0.3936,12.993,19.463,6.8973,82.284,213.77,2
209.42,122.15,3.6151,0.1405,0.0715,-178.53,-113.49,125.3,29.755,199.7,2
52.333,24.565,2.3478,0.4164,0.2379,-22.744,-64.619,14.427,86.493,191.25,2
42.795,20.016,2.6439,0.4336,0.2849,-35.419,-34.226,-4.4745,37.684,186.13,2
24.083,11.07,2.4846,0.4933,0.2829,37.17,1.4408,-10.625,84.87,166.21,2
28.905,9.6706,2.5397,0.5253,0.2785,-12.737,-21.816,-4.6586,34.599,220.21,2
216.5,57.951,3.544,0.2238,0.1273,-11.73,-287.51,49.906,16.69,294.98,2
11.935,4.6845,2.1979,0.689,0.3354,6.9821,-0.5135,-10.02,61.092,56.169,2
56.472,20.202,2.596,0.2712,0.1432,-65.368,40.552,-2.774,82.154,210.84,2
17.626,12.985,2.1802,0.7023,0.435,39.711,-8.2179,-1.4298,64.138,216.41,2
34.706,7.9521,2.7012,0.4417,0.2828,9.3057,12.708,-9.4878,40.04,107.91,2
49.87,25.518,2.9912,0.4061,0.2832,-62.152,19.414,-23.079,0.0097,299.32,2
31.708,11.443,2.5804,0.4205,0.2484,-21.542,-13.374,-5.483,47.502,246.92,2
29.945,10.717,2.4338,0.5562,0.3223,36.663,-7.77,-7.6601,79.772,185.5,2
36.977,9.2718,2.5562,0.5747,0.2956,21.484,14.98,5.4038,79.779,231.52,2
35.647,0.9454,2.6885,0.525,0.4006,14.487,24.929,6.3849,43.846,159.75,2
27.722,8.4941,2.4871,0.5961,0.3371,-10.963,-20.992,3.1798,59.056,144.21,2
138.88,86.577,4.157,0.0495,0.0475,-23.889,-150.11,68.667,7.2948,330,2
107.72,85.789,3.3068,0.1577,0.0891,-107.42,-44.438,30.416,65.738,282.8,2
70.136,13.469,2.973,0.2891,0.1385,-51.916,-3.2196,-6.77,75.891,187.03,2
17.134,10.287,2.4265,0.7116,0.3764,-6.2159,9.7361,8.0561,46.465,200.11,2
23.467,15.453,2.6924,0.4183,0.2447,-8.7336,-8.9713,-10.972,61.103,108.63,2
84.189,40.42,2.857,0.3627,0.2152,-16.092,-88.261,-18.391,12.567,94.212,2
158.91,20.855,2.8054,0.312,0.1767,-110.98,-87.252,5.8247,19.647,103.43,2
198.72,99.24,3.5728,0.1226,0.0547,-150.59,-98.902,-120.91,34.438,278.56,2
71.284,14.132,3.017,0.1865,0.0938,78.066,37.22,-5.4187,72.897,230.61,2
168.06,121.82,3.5003,0.1626,0.1191,-147.28,-165.12,92.074,32.357,210.86,2
33.676,15.214,2.3684,0.433,0.2354,30.448,-32.185,7.7906,48.636,94.199,2
179.99,60.343,4.526,0.0133,0.0011,-314.55,138.36,-16.694,70.923,147.3,2
48.373,10.201,2.8202,0.3495,0.1974,53.947,34.658,6.031,70.799,236.52,2
232.67,83.883,3.4966,0.1553,0.1197,-248.62,-196.13,39.385,66.404,254.35,2
40.3,26.432,2.9165,0.3261,0.1921,26.835,34.62,26.541,55.9,159.43,2
52.304,29.402,2.9126,0.2041,0.1041,7.9521,36.514,-18.069,76.237,232.28,2
27.204,16.863,2.7059,0.3701,0.186,-2.6174,23.726,-14.413,27.307,62.81,2
115.49,28.01,3.2573,0.2372,0.1369,-71.666,75.861,16.813,56.249,290.18,2
221.64,92.173,3.4685,0.1363,0.0767,-118.13,96.828,93.624,50.421,248.75,2
21.417,6.9928,2.2317,0.6804,0.3548,25.261,7.806,6.4124,82.32,177.01,2
22.13,0,2.3128,0.8078,0.4161,0,0,15.356,51.791,126.01,2
17.752,11.02,2.4564,0.6993,0.3829,-9.6175,16.165,3.5628,7.7447,145.62,2
20.492,16.714,2.5119,0.3908,0.1985,0.834,5.2387,-8.6593,20.185,119.1,2
111.47,36.475,3.3589,0.2123,0.1114,10.361,-81.192,-25.569,14.197,374.98,2
224.35,63.395,4.3851,0.0505,0.0299,-259.63,-186.28,42.853,43.037,177.47,2
135.42,84.641,3.9081,0.1219,0.0616,-11,125.17,54.849,80.726,275.58,2
28.253,8.3321,2.6946,0.3819,0.2672,23.407,31.836,11.933,37.087,241.09,2
19.281,13.253,2.7718,0.4505,0.3041,-25.113,-15.755,9.9553,78.61,97.543,2
154.56,59.223,3.2107,0.2196,0.1592,-150.51,-101.03,-40.097,74.088,359.59,2
26.25,14.548,2.5972,0.428,0.2493,-30.24,18.493,9.2774,82.731,123.01,2
124.94,32.204,2.935,0.2822,0.1574,-114.24,63.768,13.156,28.586,333.05,2
149.44,87.252,4.6444,0.0356,0.0179,-174.34,-114.41,69.729,44.092,242.47,2
19.082,16.937,2.8296,0.5107,0.2909,-9.0182,-15.942,12.176,13.119,276.28,2
29.43,15.825,2.7223,0.4072,0.2082,34.317,31.261,-4.6801,0.9533,221.91,2
9.9934,9.6712,2.2372,0.7464,0.5119,31.513,-3.6318,-0.9378,4.3004,185.37,2
184.77,63.099,3.436,0.1205,0.0681,-229.43,-98.635,53.872,68.64,258.5,2
109.6,25.46,3.3337,0.1677,0.0646,1.0432,72.136,-11.501,78.924,207.69,2
17.457,10.09,2.7249,0.5294,0.2431,-37.414,-1.6734,8.0505,5.0668,135.33,2
122.79,24.064,3.3653,0.2985,0.1493,-71.952,-93.189,-18.18,48.996,316.7,2
55.433,16.102,2.9043,0.3863,0.202,1.3011,35.974,7.6825,40.134,250.73,2
133.96,31.013,3.2904,0.143,0.0756,-40.824,-73.125,31.037,29.76,76.744,2
77.999,33.196,3.3133,0.2265,0.1349,-93.128,-50.728,26.545,23.549,301.75,2
58.711,22.976,2.7084,0.3386,0.183,-19.273,-61.754,-14.204,36.192,214.59,2
110.46,15.744,3.3203,0.159,0.1072,118.59,-38.092,15.713,66.809,192.4,2
40.529,25.32,3.223,0.2054,0.1259,18.762,37.167,15.008,15.23,257.59,2
194.16,32.182,3.3031,0.0721,0.0634,-344.71,89.835,20.667,23.272,54.046,2
24.743,11.664,2.4624,0.5552,0.3466,14.304,16.776,-8.2337,21.025,176.05,2
201.65,81.498,4.1753,0.07,0.0398,-137.04,-140.4,-52.909,75.198,294.86,2
125.9,41.919,2.8457,0.2639,0.1491,-38.855,90.237,25.713,82.482,207.24,2
39.699,14.007,2.9836,0.3541,0.1854,23.363,26.05,-10.602,50.07,225.71,2
23.41,16.12,2.3377,0.6494,0.3289,-14.709,-34.307,-3.7829,54.974,140.24,2
93.534,23.92,3.2301,0.2219,0.1121,-47.392,-92.973,13.712,3.4326,122.71,2
146.62,68.263,3.4029,0.1463,0.0931,-185.14,110.93,-44.237,2.444,253.72,2
17.968,10.286,2.3763,0.755,0.5733,8.7271,29.639,-1.5511,28.879,248.64,2
8.4802,5.3657,2.0497,0.771,0.3841,-0.6588,-3.5224,9.0127,6.0744,200.29,2
40.999,7.3859,2.7771,0.5079,0.3267,33.522,24.777,-7.4863,15.836,140.2,2
101.83,81.837,3.2366,0.1523,0.0734,-56.103,-123.52,51.071,34.807,184.78,2
47.396,10.97,2.9186,0.3643,0.1852,41.056,17.191,5.0734,39.593,38.874,2
15.141,7.59,2.4728,0.6516,0.4086,11.26,15.703,2.0275,28.71,230.05,2
173.83,20.755,2.792,0.3793,0.2607,-166.97,-133.81,-15.647,41.846,195.13,2
40.702,24.047,2.766,0.2989,0.1823,22.92,-32.125,13.018,43.674,80.477,2
50.851,42.307,3.0376,0.2738,0.1103,-84.252,-20.153,-21.199,47.197,248.6,2
82.764,43.531,3.3959,0.2307,0.1014,-104.77,-60.797,41.313,52.578,286.65,2
112.27,37.329,3.0109,0.3045,0.221,101.52,77.751,20.019,12.454,88.853,2
34.404,8.3875,2.7819,0.4116,0.2221,13.977,50.639,-7.9092,7.1369,271.52,2
79.066,53.958,3.6749,0.2467,0.1506,7.5094,-72.12,52.31,0.9643,407,2
123.36,79.159,3.8216,0.1082,0.0573,-13.232,-61.084,-49.89,76.612,306.17,2
129.36,15.193,3.242,0.4023,0.213,-83.128,-136.57,-10.689,7.4249,304.96,2
124.84,60.404,3.1222,0.2445,0.1302,-52.328,-146.11,-43.903,80.629,204,2
98.92,15.659,2.7513,0.2258,0.1335,-17.708,-79.441,-13.369,67.346,202.9,2
117.15,32.008,3.2976,0.1717,0.0836,-74.353,62.84,17.08,1.1941,292.05,2
20.781,16.237,2.7633,0.5952,0.305,8.8077,12.372,-10.98,3.0366,123.88,2
27.875,14.757,2.451,0.577,0.3097,8.1793,26.158,-14.311,4.331,205.25,2
173.14,45.998,3.2298,0.2851,0.177,-136.86,24.325,14.839,48.676,299.59,2
43.356,11.418,2.7392,0.3482,0.2179,-18.225,36.801,5.6819,64.94,99.077,2
125.06,69.088,3.6111,0.0977,0.0496,85.486,116.38,-57.54,44.738,226.12,2
20.821,10.685,2.4463,0.4256,0.1931,19.879,21.42,-5.582,25.432,195.81,2
16.638,7.7951,2.3761,0.6178,0.387,11.717,-12.707,-8.8984,44.68,114.01,2
13.296,10.048,2.2844,0.8104,0.5013,-12.834,-7.4811,-11.086,30.961,225.77,2
19.528,9.3415,2.5587,0.6354,0.4075,20.612,13.857,-3.9329,64.078,217.63,2
121.32,79.149,3.4017,0.1737,0.1025,-105.58,83.926,60.665,22.472,233.8,2
24.064,13.019,2.6454,0.5317,0.3111,-17.66,12.911,9.0528,67.465,224.35,2
22.254,0.0039,2.1021,0.751,0.4466,-1.6598,9.9238,0,68.037,196.1,2
51,16.936,2.7439,0.2994,0.165,67.332,38.638,16.367,69.74,169.98,2
45.176,15.262,3.3998,0.1879,0.109,50.095,43.745,-12.054,59.994,115.88,2
140.76,70.729,3.4018,0.0846,0.0653,-92.281,-89.168,-37.276,14.569,306.03,2
64.525,46.813,3.03,0.2613,0.1321,-28.551,53.027,40.82,26.525,304.33,2
139.75,48.711,3.2483,0.1694,0.1066,133.06,98.383,27.491,7.168,192.79,2
17.099,12.258,2.6561,0.6424,0.5,2.2429,-8.9509,9.2317,15.485,132.5,2
84.612,13.097,2.8079,0.2931,0.2015,-72.823,-63.756,3.656,77.278,100.81,2
23.793,13.928,2.5422,0.6169,0.3142,0.7255,18.555,-15.56,74.581,223.06,2
25.929,20.008,2.6175,0.2992,0.1508,28.731,7.2762,12.2,81.069,191.1,2
38.95,10.642,2.5551,0.4624,0.2382,38.955,-7.1855,11.482,61.454,159.84,2
49.389,9.3773,2.8918,0.3746,0.1995,12.584,33.651,5.4461,22.797,146.67,2
222.6,153.07,3.8647,0.099,0.058,4.2177,142.03,114.73,68.43,142.07,2
13.494,10.161,2.2978,0.8111,0.4307,14.46,4.8933,11.821,67.339,138.32,2
17.743,10.834,2.4472,0.575,0.2911,-2.5607,8.6875,-4.9125,35.562,155.57,2
59.891,30.797,2.6476,0.3735,0.2064,63.653,49.642,28.851,51.976,191.06,2
71.353,17.855,3.0853,0.1749,0.0932,142.77,-20.11,-3.5355,16.636,155.51,2
77.35,28.397,3.0265,0.2352,0.1444,47.99,80.666,15.602,6.98,314.67,2
32.562,11.914,2.7413,0.4036,0.2396,-15.397,9.9211,1.4978,76.022,136.65,2
39.176,20.096,2.6889,0.3517,0.1995,-14.222,28.24,-8.3427,47.979,247.27,2
106.57,59.334,3.1147,0.2136,0.105,93.884,90.448,-33.276,6.8548,278.42,2
141.91,34.065,3.2953,0.2417,0.1856,-200.69,-23.676,20.017,36.979,325,2
106.66,69.527,4.017,0.092,0.0487,-49.307,-46.812,57.17,2.786,312.65,2
26.37,23.77,2.8126,0.3449,0.2055,18.079,16.382,-23.759,25.83,202.04,2
26.534,24.204,2.8805,0.4068,0.2166,13.033,22.538,-20.036,21.768,69.953,2
62.676,21.023,3.0249,0.2576,0.125,-19.577,28.947,-10.282,41.718,155.85,2
164.2,63.442,3.2047,0.2491,0.1345,-171.14,-135.89,44.9,24.194,307.89,2
77.65,37.444,2.9766,0.2554,0.162,-56.584,-30.38,26.075,3.744,305.71,2
45.301,15.81,2.6699,0.3185,0.1402,11.16,24.425,15.727,38.009,178.95,2
90.516,11.97,3.1009,0.175,0.102,-7.4878,73.259,-10.66,88.107,233.86,2
45.814,20.989,2.8362,0.2613,0.1347,-31.169,-24.373,-11.693,75.406,200.14,2
170.54,47.87,3.1596,0.1558,0.0855,-263.69,134.9,12.156,23.122,189.47,2
118.21,82.719,3.961,0.116,0.0585,-105.84,-58.386,-67.418,27.32,274.6,2
81.317,29.545,3.0731,0.2317,0.1304,-109.33,57.204,36.89,15.825,315.26,2
17.376,8.9842,2.7447,0.5334,0.2878,10.431,19.472,-5.2123,44.552,161.85,2
173.8,120.5,3.2411,0.2114,0.1236,-235.39,-122.86,-48.6,47.989,247.05,2
110.87,40.786,3.0616,0.2542,0.1297,88.099,91.509,32.722,21.858,326.93,2
19.775,11.714,2.5838,0.5737,0.3377,19.442,14.267,7.5062,74.008,177.45,2
16.017,11.621,2.2253,0.619,0.378,-0.9426,3.7521,-7.2613,81.08,150.08,2
11.224,8.343,2.2414,0.7919,0.4605,-25.53,-13.767,6.7032,28.966,80.494,2
91.82,28.914,3.1287,0.1613,0.0822,-73.09,56.865,-24.929,85.309,31.778,2
162.78,44.818,3.4057,0.1018,0.0513,114.01,77.703,49.06,86.911,131.83,2
30.581,9.5479,2.4762,0.516,0.3338,20.572,32.878,15.024,48.152,250.59,2
52.636,26.623,2.9641,0.199,0.1106,-25.771,-18.962,-6.4777,34.356,167.14,2
213.89,85.791,3.4279,0.2024,0.1055,-221.06,-198.79,-73.448,62.439,233.06,2
163.15,80.277,3.8039,0.098,0.0507,-148.91,-165.25,-57.233,51.311,287.81,2
31.252,12.263,2.4914,0.4419,0.2694,-26.419,-21.985,-9.4053,24.069,230.06,2
39.028,9.4129,2.7336,0.4044,0.2151,32.913,20.802,7.7568,31.528,160.54,2
128.19,22.165,2.7952,0.2708,0.1675,143.63,-71.097,-8.4593,26.796,158.97,2
89.35,32.601,3.3096,0.1941,0.1001,-60.266,-44.08,5.6405,77.817,256.51,2
36.533,8.5835,2.8181,0.4127,0.2115,1.5216,15.037,-13.306,68.104,229.7,2
85.477,66.639,3.6346,0.2084,0.1033,23.517,-41.582,-14.75,22.182,357.99,2
17.78,8.392,2.3856,0.716,0.5535,2.2578,-11.413,-9.5026,86.135,213.33,2
30.811,12.35,2.4298,0.3532,0.1987,-36.817,-23.639,6.3108,51.746,188.49,2
42.091,31.086,2.8278,0.1726,0.1212,39.438,32.822,-21.542,71.377,247.2,2
26.854,13.158,2.6556,0.4796,0.3017,3.8658,-16.705,11.15,87.869,168.43,2
97.658,42.843,3.4005,0.1618,0.0825,-31.115,72.754,23.425,82.497,225.85,2
61.08,23.379,2.8254,0.2735,0.1442,67.639,55.222,19.944,29.161,267.46,2
16.09,10.46,2.4494,0.6921,0.4076,11.138,9.5297,-5.7355,15.393,202.09,2
152.11,111.91,4.2757,0.0501,0.0478,23.399,-143.02,104.29,78.333,322.86,2
204.3,33.059,2.9113,0.4168,0.2006,-276.81,153.3,17.748,49.312,134.78,2
41.119,12.735,2.6815,0.1935,0.1166,-30.761,-13.309,-11.279,76.561,53.132,2
22.446,1.7177,2.1143,0.7929,0.4383,-2.3507,-4.5425,22.554,18.425,211.43,2
20.504,8.7406,2.4683,0.6565,0.4201,21.219,14.245,-2.6566,16.992,157.41,2
21.839,6.8034,2.2135,0.7095,0.3823,-24.611,-9.9776,6.6066,84.429,245.89,2
120.39,67.137,3.6905,0.1128,0.0481,-155.57,35.3,47.81,3.876,289.04,2
116.67,59.1,3.1193,0.1406,0.0802,-45.351,-149.9,33.211,65.138,48.472,2
22.943,11.964,2.4789,0.5484,0.3326,30.79,15.081,-4.4274,36.284,254.7,2
84.104,23.375,3.2427,0.288,0.1559,-35.168,47.104,10.317,4.8025,352.5,2
17.717,14.063,2.4383,0.7015,0.4578,7.2499,12.88,12.869,2.6161,226.49,2
21.124,6.9295,2.1351,0.7326,0.4139,22.369,13.166,-6.1986,75.894,167.3,2
93.352,15.792,2.5888,0.4009,0.1972,-63.661,-78.666,-14.354,61.286,86.074,2
138.01,34.618,3.4331,0.2026,0.1199,140.39,96.367,30,62.768,369.4,2
114.8,63.378,3.4672,0.1197,0.0673,-68.238,-6.4847,-50.813,14.701,297.47,2
88.843,19.612,3.2609,0.1338,0.0895,2.9363,19.142,-8.4687,87.673,94.518,2
128.93,28.698,3.1096,0.1678,0.0843,49.978,132.64,19.335,78.924,162.9,2
25.811,11.296,2.6325,0.5315,0.3298,15.998,-7.5481,7.0446,0.9657,182.83,2
270.55,70.748,3.2764,0.2297,0.0899,-305.09,227.82,-20.754,68.005,239.77,2
114.67,59.765,3.4754,0.1849,0.0912,-119.4,-76.794,30.284,11.842,387.23,2
18.592,6.937,2.4935,0.8475,0.4254,-8.2349,12.221,-3.9562,83.598,171.52,2
17.849,10.674,2.3483,0.5964,0.3296,1.708,-7.3693,-6.3162,84.374,243.57,2
133.85,23.737,3.2301,0.3827,0.2111,-158.18,-110.3,13.301,20.264,385.02,2
55.73,32.031,3.062,0.2427,0.1374,-19.848,-52.439,-24.244,38.16,239.16,2
49.267,21.764,2.6698,0.3037,0.1529,10.936,44.851,-8.3905,75.161,245.03,2
80.942,26.75,3.4904,0.1359,0.0911,-54.252,-68.633,-19.567,79.367,245.04,2
15.713,11.856,2.3464,0.6261,0.3311,-2.5128,5.4508,4.9088,46.471,225.79,2
36.148,18.444,2.7983,0.3771,0.2379,-30.894,-28.666,-10.855,72.777,140.3,2
151.03,65.748,4.202,0.0566,0.0296,-49.998,-86.259,48.72,58.162,88.212,2
19.381,9.2424,2.3927,0.6397,0.4352,19.462,14.765,3.0857,70.704,222.22,2
36.98,17.267,2.6938,0.3428,0.2117,-42.837,-19.961,-11.205,83.803,198.3,2
28.245,7.4431,2.4609,0.5848,0.3581,11.173,10.014,-4.6976,76.566,83.986,2
219.5,55.642,3.0386,0.3632,0.2292,-267.03,142.35,-46.706,89.628,187.09,2
61.699,12.331,3.0035,0.2604,0.1548,88.35,50.073,7.6156,9.0509,212.58,2
227.18,22.541,2.9325,0.4474,0.3102,-264.03,135.87,9.4616,48.219,265.24,2
220.32,77.335,4.0902,0.0335,0.0206,180.82,165.58,92.641,15.993,45.407,2
36.644,10.878,2.6699,0.568,0.3453,38.595,11.572,8.7149,3.6132,148.64,2
31.552,10.999,2.3259,0.3738,0.2251,-27.811,-10.755,-1.169,57.633,186.81,2
51.481,31.89,3.3889,0.2022,0.1034,-39.695,-43.312,30.211,62.087,68.2,2
12.725,9.0884,2.2753,0.8382,0.618,-9.919,-10.338,9.0128,83.617,235.9,2
113.72,40.603,2.7222,0.3393,0.2,101.44,48.294,-29.378,20.261,250.02,2
63.416,35.331,3.2855,0.2305,0.1543,-126.2,47.083,-21.385,35.434,242.2,2
46.781,11.871,2.6308,0.3934,0.2153,-0.954,27.548,10.107,71.002,102.87,2
33.977,15.406,2.5605,0.3989,0.2187,32.238,28.808,8.7238,28.512,219.25,2
20.341,7.4247,2.4594,0.7535,0.5642,16.244,18.596,-1.9967,12.131,203.27,2
15.15,14.859,2.2314,0.7604,0.3815,21.306,-3.03,-8.2226,62.849,254.09,2
79.766,13.523,2.9741,0.317,0.1959,107.11,42.921,4.0586,7.2611,198.93,2
100.75,21.269,2.7785,0.2614,0.1407,81.553,99.575,-12.195,70.394,169.22,2
65.253,28.945,2.8388,0.3275,0.1775,-58.816,-48.732,16.6,10.841,170.4,2
211.44,140.2,4.3184,0.0602,0.0309,-249.31,-121.81,111.93,62.466,309.35,2
70.545,9.6552,2.9898,0.3108,0.1498,59.551,43.035,11.147,38.441,112.76,2
106.72,24.023,3.1962,0.2705,0.1607,-68.588,-31.294,17.178,6.2451,294.1,2
90.488,27.071,3.2476,0.1148,0.0591,-18.555,-42.092,17.955,76.619,91.309,2
56.088,25.976,3.0638,0.2948,0.1552,2.9482,44.331,11.579,4.9101,329.4,2
42.132,20.381,2.8338,0.3886,0.2295,-15.832,-36.509,-16.604,73.055,233.33,2
118.53,26.822,3.3625,0.3733,0.1947,-138.31,-107.42,-16.671,27.942,347.23,2
81.045,25.236,3.0874,0.2833,0.1416,50.194,66.217,15.591,25.266,215.03,2
179.87,83.958,4.1165,0.0676,0.0613,-108.5,-174.42,-77.052,66.175,310.52,2
57.699,15.082,2.8619,0.3398,0.1604,-26.83,46.183,-8.6349,50.693,244.19,2
34.764,13.382,2.5094,0.5738,0.3306,28.62,11.369,9.8271,87.005,150.87,2
88.544,16.803,2.8815,0.213,0.1382,-23.011,-74.742,-9.3482,4.4731,129.6,2
38.653,5.9628,2.7111,0.3872,0.217,-0.5892,45.014,8.0533,25.195,267.29,2
203.96,57.281,3.4354,0.205,0.1218,-208.33,-167.35,55.544,68.044,240.19,2
213.12,68.754,3.9985,0.0245,0.0142,-247.6,90.386,54.356,47.336,159.5,2
54.438,9.4219,3.0728,0.3045,0.165,61.827,25.258,-9.6612,6.1805,173.49,2
41.551,14.477,2.6342,0.3891,0.2067,9.4956,28.025,9.9909,14.404,214.34,2
64.905,17.02,3.0108,0.2963,0.1865,-67.775,38.964,-10.478,45.663,276.21,2
151.56,58.078,3.7252,0.1563,0.0839,-203.56,-86.55,-50.308,34.458,334.06,2
32.226,17.43,2.6041,0.4257,0.2927,-5.0449,-16.971,14.589,53.618,140.98,2
16.632,8.2739,2.2989,0.6752,0.3204,-10.727,-2.9277,-4.6414,42.774,148.52,2
12.99,10.589,2.1658,0.7509,0.5017,12.946,2.4639,0.4209,28.523,251.29,2
52.502,9.5828,2.9462,0.3645,0.2077,10.671,36.185,7.3558,32.658,195.91,2
18.754,7.3121,2.317,0.8048,0.4602,4.5962,-9.5412,0.3947,59.523,191.46,2
76.134,24.721,2.5416,0.319,0.1739,21.05,-38.586,13.747,49.948,217.87,2
88.442,18.069,3.2521,0.2754,0.1641,63.441,73.59,-13.257,2.1049,228.52,2
26.906,15.831,2.4814,0.4653,0.2723,10.174,17.841,13.784,61.228,99.899,2
64.947,26.449,2.5741,0.3911,0.2039,37.245,80.461,-19.533,8.6118,238.6,2
16.901,10.548,2.4133,0.6757,0.4228,2.5201,-5.9124,-8.2169,73.554,227.38,2
50.636,22.112,2.9232,0.3246,0.2023,32.947,45.671,-10.607,2.6594,258.33,2
24.895,11.446,2.6851,0.4109,0.2456,24.033,26.797,-3.9032,72.457,186.47,2
24.773,21.381,2.6788,0.4446,0.2492,1.8519,-26.484,-11.414,53.732,90.587,2
36.702,18.906,2.6744,0.3894,0.2444,25.331,35.826,15.332,55.657,148.97,2
35.479,23.839,2.8624,0.3075,0.175,4.2646,19.619,19.119,88.66,173.37,2
26.465,7.2686,2.6218,0.5645,0.3368,2.0807,12.998,2.8218,1.8583,231.67,2
180.69,56.36,4.1013,0.0459,0.0244,-147.41,-108.56,24.321,89.98,231.76,2
30.917,11.207,2.5368,0.4523,0.2744,-9.4389,-21.56,-4.0586,81.124,212.7,2
125.28,86.851,3.3412,0.2169,0.1233,-49.401,-147.07,58.893,88.443,248.93,2
104.28,21.543,2.9545,0.2976,0.1705,-28.206,-92.45,-13.595,21.912,160.29,2
135.62,45.484,2.9965,0.252,0.1557,-132.32,-130.25,-47.745,30.691,343.98,2
72.68,52.013,3.1307,0.1984,0.1208,-23.586,32.891,18.708,85.393,279.54,2
29.342,16.869,2.3694,0.4702,0.2704,25.036,5.3141,12.996,74.694,173.75,2
14.615,9.2816,2.4972,0.6027,0.3788,-1.2913,-18.55,8.893,36.593,66.066,2
60.788,25.458,2.9269,0.174,0.1036,32.804,28.682,-15.841,63.229,200.14,2
21.301,6.2192,2.3422,0.6709,0.3809,-5.9949,13.53,-11.136,89.623,79.576,2
132.41,16.836,3.0768,0.2639,0.1462,17.429,141.15,7.1556,33.317,108.08,2
44.684,9.4991,2.7253,0.3116,0.2309,-17.421,30.137,-12.655,57.05,99.236,2
24.627,13.794,2.6372,0.5326,0.294,-31.584,8.7907,-3.2361,13.969,240.7,2
23.491,18.369,2.3721,0.3599,0.1835,12.2,1.2252,-10.385,43.24,186.66,2
12.954,11.059,2.1599,0.7405,0.4533,-14.166,7.064,-8.049,62.626,176.5,2
11.124,1.9208,2.2754,0.7922,0.5043,-3.0559,-18.618,1.0027,81.845,203.67,2
16.075,10.646,2.1807,0.8027,0.446,-9.9662,-19.616,-11.493,61.677,214.95,2
84.48,19.549,3.1239,0.2444,0.1252,-50.84,45.793,-10.491,36.953,295.23,2
176.83,78.393,4.4344,0.0359,0.0277,-64.978,-142.77,-49.833,70.517,189.43,2
120.94,74.732,3.9184,0.0775,0.034,-80.72,-33.809,-6.6782,3.801,245.64,2
118.12,28,2.8093,0.3457,0.2161,-136.55,97.337,24.588,7.7543,291.47,2
17.587,15.843,2.5563,0.5889,0.4069,-4.9856,-8.9744,6.0916,27.391,98.911,2
38.999,9.7815,2.6928,0.4016,0.2688,9.9352,26.7,6.1229,49.746,192.15,2
161.56,110.21,3.3851,0.136,0.0698,-43.546,-94.533,-92.051,58.62,141.77,2
55.958,32.132,3.3686,0.131,0.0708,-29.126,-53.74,9.509,45.467,80.806,2
58.498,39.818,3.2773,0.2493,0.1703,-36.895,-28.58,27.02,2.9588,303.61,2
39.4,7.8633,2.8318,0.4511,0.2875,0.425,25.393,5.4316,87.479,91.066,2
119.95,68.001,3.2619,0.2476,0.1364,-20.092,42.499,80.83,43.596,372.3,2
63.933,31.039,3.3938,0.2443,0.1254,49.297,59.771,-11.01,33.194,273.42,2
256.98,106.38,3.3241,0.1669,0.0989,261.88,65.644,-43.789,89.089,202.43,2
23.96,12.821,2.567,0.4201,0.2344,21.144,11.97,-6.8281,8.4918,202.65,2
22.961,22.058,2.7348,0.3633,0.2563,28.664,22.126,2.0937,6.5547,175.31,2
52.182,27.073,2.9729,0.4651,0.3103,-8.9847,-21.119,-18.103,81.8,495.56,2
125.48,35.787,3.2037,0.1833,0.0942,-153.59,-91.274,26.997,19.767,180.86,2
116.2,73.596,3.5397,0.174,0.1003,-182.05,104.17,69.305,18.216,185.31,2
130.46,112.34,3.3736,0.2205,0.1138,-82.399,-59.61,139.24,86.798,384.52,2
157.74,74.217,3.1944,0.1214,0.0617,-112.04,-163.93,-85.958,5.421,90.079,2
26.686,11.307,2.6457,0.4392,0.248,24.51,-29.71,9.4803,19.264,193.11,2
42.764,9.726,2.8759,0.3766,0.2176,32.986,21.288,-1.9202,30.335,49.615,2
54.266,10.212,2.867,0.3094,0.1874,1.5908,31.088,1.9858,19.808,135.94,2
26.742,16.719,2.5234,0.3751,0.2057,11.343,6.8641,-10.932,79.011,205.85,2
102.9,41.871,3.0455,0.2873,0.1445,73.001,93.103,-21.707,36.87,87.556,2
31.097,12.938,2.7284,0.4206,0.2364,27.794,24.79,6.543,42.671,216.32,2
185.45,60.951,3.8922,0.0586,0.0301,-101.69,-186.17,-21.028,20.877,84.404,2
48.405,8.7651,2.786,0.3813,0.2332,46.106,30.678,6.8349,73.537,167.72,2
247.21,81.588,3.5341,0.1541,0.0992,-304.24,-99.492,-34.207,54.44,187.49,2
51.379,19.099,2.702,0.3098,0.1698,-35.732,-40.116,-16.293,22.129,231.84,2
164.89,48.992,3.5088,0.1682,0.0684,-160.41,-93.031,-44.378,70.847,259.42,2
16.025,12.216,2.5792,0.693,0.4361,-5.1404,10.511,8.6775,33.631,216.62,2
119.08,22.725,3.3264,0.1813,0.1333,-97.2,53.61,-29.259,42.296,271.69,2
85.294,79.529,3.4422,0.2309,0.1476,16.525,47.447,77.185,89.272,423.92,2
56.484,23.799,2.8331,0.2313,0.1389,-22.822,36.917,-9.8337,73.48,111.93,2
200.66,74.715,3.0149,0.3362,0.2208,-256.41,131.74,-75.34,39.759,307.24,2
40.285,13.196,2.8333,0.2391,0.1463,-3.4738,35.831,6.4691,5.0105,187.41,2
41.542,9.4241,2.6628,0.3978,0.2598,32.596,29.209,5.1591,62.691,187.84,2
19.2,8.699,2.2216,0.8348,0.5035,-21.417,3.0909,10.246,21.509,38.025,2
53.963,10.165,2.9143,0.3228,0.1675,-13.777,14.633,4.9056,31.443,167.53,2
191.61,24.401,3.1217,0.2773,0.1522,-63.179,-243.76,12.544,17.321,164.42,2
118.53,53.89,4.0963,0.1001,0.0285,-21.555,-121.23,47.057,72.156,227.51,2
24.758,11.138,2.5202,0.4861,0.2732,26.189,35.131,-4.9215,41.432,214,2
116.79,26.369,2.8741,0.2919,0.1612,-101.5,54.416,21.703,81.816,209.63,2
98.167,28.531,2.7324,0.4241,0.2194,-44.276,-88.822,13.271,14.111,372.69,2
59.654,41.783,3.5978,0.105,0.0804,-37.292,-57.141,-34.257,0.3034,132.6,2
30.972,16.682,2.6561,0.415,0.2213,-31.313,-20.34,13.084,53.467,139.95,2
48.346,9.8713,2.7987,0.395,0.2066,-10.216,-20.022,5.7925,46.449,162.84,2
24.815,16.007,2.5422,0.4735,0.2511,-13.903,-9.6062,-15.3,67.398,83.755,2
52.142,51.724,2.7439,0.2873,0.1266,15.212,48.894,-31.918,6.2682,221.95,2
250,104.42,3.5453,0.1299,0.0657,-295.4,-174.45,-90.246,10.378,128.67,2
15.882,14.848,2.4857,0.604,0.3451,-1.1182,15.945,-7.9818,58.031,82.954,2
16.888,10.657,2.3077,0.806,0.5661,28.184,0.5963,3.5829,20.71,112.46,2
45.155,9.6212,2.8309,0.4207,0.2236,55.49,36.853,-5.0859,17.744,187.33,2
16.3,14.366,2.6469,0.5884,0.3561,-10.778,17.411,-14.035,27.551,212.34,2
57.656,33.248,3.2526,0.2976,0.1868,17.899,38.23,14.896,71.908,173.75,2
27.559,9.1854,2.7751,0.4868,0.2658,11.077,0.4856,9.8768,33.658,217.41,2
32.335,8.7516,2.5575,0.4709,0.2479,23.71,12.328,-2.1559,48.453,127.04,2
16.916,11.998,2.3679,0.6366,0.3213,-2.1797,14.448,10.834,23.235,180.44,2
30.736,8.2288,2.658,0.6,0.3527,19.398,22.09,-4.2379,34.689,233.79,2
67.609,26.678,2.632,0.3851,0.2462,-56.63,-57.963,19.806,79.666,227.19,2
19.671,6.7556,2.6186,0.8231,0.4826,18.521,15.302,4.4978,21.559,168.24,2
60.164,11.219,2.5592,0.4734,0.2532,45.274,68.176,-6.3152,31.831,223.44,2
33.228,9.1514,2.5502,0.538,0.3141,-20.112,-23.994,-8.1573,22.771,134.21,2
35.535,10.023,2.7501,0.4356,0.2853,41.524,26.069,-5.8008,10.633,219.93,2
18.294,14.472,2.4618,0.5504,0.3369,12.017,7.4088,13.585,58.039,254.11,2
23.751,13.657,2.5907,0.443,0.2344,10.462,20.743,2.9582,11.261,220.27,2
41.991,17.916,2.7508,0.3411,0.1601,-76.731,41.19,-4.3532,3.9992,280.85,2
103.66,79.78,4.3202,0.0462,0.041,65.734,89.686,52.335,58.996,309.23,2
114.64,27.033,2.9563,0.2257,0.1407,-117.62,-60.264,-23.207,8.5969,306.73,2
29.512,14.585,2.5259,0.5114,0.2365,14.846,21.067,3.9078,80.857,116.61,2
22.861,8.2654,2.1624,0.617,0.3078,32.87,28.872,-9.4643,16.156,131.21,2
51.623,22.322,3.3615,0.1931,0.0972,-5.5054,29.578,11.629,58.805,71.052,2
201.09,82.535,3.9952,0.0987,0.0531,-224.51,-188.03,-59.704,73.63,340.52,2
81.246,77.012,3.8888,0.1267,0.0634,-66.071,-42.804,21.757,22.5,359.44,2
27.958,14.04,2.6915,0.4334,0.2594,6.6603,-14.706,-4.443,40.465,257.33,2
105.02,92.034,3.9104,0.0951,0.0568,-91.938,-15.127,58.248,25.907,199.29,2
94.133,63.043,2.9112,0.2785,0.1442,-59.947,-83.717,-25.963,8.265,282.65,2
33.981,10.456,2.2034,0.4317,0.2199,7.96,17.688,9.4395,62.661,114.38,2
79.894,26.139,3.271,0.2282,0.1428,-62.035,56.62,-19.249,34.986,290.43,2
19.565,9.767,2.2672,0.5676,0.2946,-25.422,-6.3994,4.4378,33.364,187.65,2
258.72,188.89,3.5198,0.0865,0.0535,328.73,42.485,122.29,75.425,135.21,2
50.877,37.066,3.3718,0.1324,0.0637,16.743,10.511,-29.837,45.43,158.52,2
151.94,50.337,3.3734,0.2438,0.1577,-163.8,-56.626,-29.376,56.64,203.85,2
136.4,61.668,3.7336,0.1827,0.1218,-49.786,-149.47,40.4,42.889,395.1,2
75.643,28.926,3.5111,0.139,0.084,-67.21,-52.672,15.746,17.19,221.96,2
27.795,24.859,3.068,0.2812,0.1535,-2.7703,23.928,-6.2307,43.806,242.62,2
20.772,2.9223,2.7263,0.5595,0.3418,-3.9528,2.5478,-9.2062,13.8,199.02,2
242.08,71.157,3.6947,0.19,0.1039,-102.26,-225.87,82.165,60.784,258.08,2
13.341,9.739,2.2266,0.8249,0.5193,-12.417,-8.407,11.092,73.701,208.42,2
45.166,12.261,2.9511,0.2925,0.184,60.091,55.938,-5.7269,31.028,192.59,2
16.961,11.191,2.8429,0.4812,0.2881,-0.4332,20.454,10.123,41.746,190.64,2
22.625,16.339,2.8075,0.4517,0.2702,-1.5771,16.628,-8.761,27.009,205.24,2
150.05,84.342,3.3821,0.2614,0.1325,-134.61,-137.37,48.451,78.72,260.13,2
90.709,11.01,2.541,0.377,0.1885,-63.823,-79.258,6.1829,19.578,46.622,2
39.293,10.543,2.7738,0.431,0.2803,34.794,28.17,-5.6681,23.685,187.11,2
97.849,48.108,3.3791,0.1812,0.1182,-64.914,71.339,-19.497,18.375,279.66,2
79.386,8.6417,3.1414,0.2546,0.1332,14.026,49.853,6.6152,74.584,182.43,2
75.67,22.297,2.9477,0.2527,0.1427,95.51,32.358,-2.598,59.637,160.76,2
19.433,16.734,2.658,0.4418,0.2714,14.184,14.543,13.968,82.991,140.26,2
204.73,60.683,3.0227,0.1387,0.0664,152.79,182.44,-30.202,58.303,216.1,2
173.1,65.365,3.8666,0.0666,0.0362,105.01,111.9,-41.459,61.406,244.89,2
129.63,48.475,3.6675,0.1685,0.1194,-153.11,-124.57,45.589,5.3168,378.52,2
47.6,14.87,2.6219,0.4302,0.2681,29.822,36.952,7.7824,69.485,154.96,2
31.801,8.6412,2.8524,0.3867,0.2504,11.051,-5.7048,-2.798,19.593,118.86,2
21.827,3.5838,2.1205,0.673,0.3525,7.6221,0.0383,-7.6746,53.682,81.798,2
142.74,92.838,4.0558,0.0979,0.0527,-173.8,-78.194,65.967,51.703,367.57,2
26.469,21.571,2.5384,0.7786,0.398,29.763,2.1894,-23.772,75.699,402.63,2
56.937,10.277,2.6774,0.3516,0.2034,30.275,45.129,-1.2219,53.219,262.2,2
29.074,11.33,2.7144,0.4847,0.2732,18.046,23.154,-9.9597,60.429,104.37,2
118.49,66.94,4.0546,0.1039,0.0658,-25.009,-107.29,49.853,79.392,285.81,2
195.03,120.68,3.7992,0.132,0.0636,-236.72,86.797,-79.456,83.255,170.61,2
182.07,17.209,2.889,0.2931,0.1607,-114.71,115.52,14.466,45.676,286.95,2
25.722,12.861,2.6112,0.5679,0.3219,6.178,17.966,-8.3127,58.622,193.17,2
27.082,16.498,2.8231,0.3877,0.2081,23.465,20.43,10.683,33.453,164.98,2
71.334,22.074,3.7242,0.1212,0.1116,-45.25,-59.658,16.697,57.633,153.91,2
13.821,12.063,2.3998,0.6355,0.4185,6.7341,-1.2114,-5.4796,9.7573,193.83,2
81.009,10.581,2.5173,0.4593,0.2341,-15.711,-95.255,7.1982,18.356,116.27,2
26.959,10.07,2.7323,0.5911,0.3158,32.331,9.7686,12.958,81.338,99.747,2
28.315,10.527,2.2053,0.5787,0.3419,20.33,-8.902,7.402,39.875,191.7,2
17.267,5.2644,2.572,0.6784,0.3475,-0.2115,-21.588,7.2428,73.729,178.64,2
124.82,51.942,3.2089,0.3628,0.3145,-97.886,-86.087,47.904,21.795,233.26,2
19.983,7.1762,2.5569,0.7739,0.3897,22.081,12.169,5.0939,14.967,127.97,2
29.615,8.6906,2.4893,0.5186,0.2901,35.147,19.669,7.2979,17.73,192.5,2
45.562,15.751,2.6248,0.5528,0.3926,23.493,50.125,-9.5367,8.9835,204.07,2
101.28,56.356,3.2514,0.1453,0.0851,-15.1,-61.248,-25.9,7.1559,330.13,2
167.13,69.846,4.2064,0.0626,0.0316,83.548,162.67,60.256,69.794,91.571,2
25.991,16.138,2.6561,0.3709,0.1954,-16.186,-5.9925,-14.082,45.584,156.5,2
59.244,32.245,3.3509,0.1919,0.1042,50.046,56.981,29.751,66.967,236.45,2
36.665,9.1386,2.7554,0.488,0.3044,26.528,33.207,-7.7703,1.3797,89.598,2
73.924,56.476,3.1469,0.2709,0.1629,-112.74,-34.951,65.326,56.295,271.88,2
24.496,17.299,2.4829,0.4342,0.2451,-19.219,-13.704,9.1831,1.675,237.18,2
41.085,29.978,2.8152,0.2295,0.1217,5.5429,32.038,-28.174,42.802,134.76,2
39.329,15.255,2.791,0.4401,0.2678,30.979,42.773,-5.2281,36.965,262.97,2
35.75,19.04,2.4419,0.4282,0.2456,-3.1013,7.015,-5.435,78.412,142.72,2
117.41,35.948,2.8998,0.1643,0.0584,-251.84,132.22,37.449,37.135,152.84,2
78.279,31.904,3.1624,0.1404,0.0769,-113.76,39.437,9.5273,42.39,77.375,2
37.556,26.684,2.8752,0.2919,0.1657,-19.722,16.218,16.134,65.033,126.46,2
129.53,32.909,2.9308,0.3107,0.1603,84.324,129.03,-29.684,83.88,74.743,2
55.615,29.993,3.093,0.2408,0.117,34.306,29.49,-14.24,38.667,196.77,2
11.794,9.5614,2.1404,0.7733,0.5149,8.2023,-11.446,3.1777,19.851,206.54,2
215.4,115.47,3.6592,0.087,0.0505,-149.28,-151.97,-134.75,85.923,269.27,2
20.788,12.233,2.6359,0.4513,0.2781,-27.256,-28.204,-12.79,16.113,230.82,2
44.045,16.146,2.8436,0.3066,0.1665,-5.5103,-17.83,-14.133,64.509,261.91,2
29.236,14.563,2.7431,0.4806,0.2556,-27.276,-24.497,8.1191,86.78,195.53,2
121.46,109.91,3.5471,0.1364,0.0713,12.616,93.11,60.97,26.987,218.73,2
147.15,107.55,4.1057,0.1186,0.0397,29.52,66.031,99.902,78.609,382.3,2
90.775,16.585,3.1548,0.3246,0.2033,-92.175,-23.177,-15.575,23.585,364.72,2
113.69,26.599,3.1136,0.3055,0.1502,-156,65.633,-17.728,1.7329,377.07,2
146.31,53.145,3.1532,0.2923,0.1887,-203.59,125.66,-35.922,50.357,187.54,2
131.94,45.894,3.0548,0.32,0.1706,-118.41,-98.18,-31.512,31.457,311.66,2
26.892,14.247,2.3233,0.5131,0.2779,35.768,-9.9324,-14.507,5.94,114.59,2
44.482,38.19,2.6882,0.331,0.1824,-7.8757,33.175,-12.165,22.786,305.63,2
72.094,37.483,3.3153,0.1254,0.0776,-69.573,81.526,-37.707,22.994,291.49,2
13.114,10.146,2.3021,0.798,0.5212,12.371,7.3292,-10.052,9.4104,238.39,2
104.56,56.763,3.2757,0.2995,0.1529,-41.113,-92.073,53.248,5.689,299.67,2
13.173,10.631,2.3701,0.7804,0.4627,-13.737,-3.976,11.02,69.031,223.85,2
33.725,11.865,2.5631,0.5287,0.2944,5.4777,23.815,9.0226,57.297,267.95,2
27.855,8.0432,2.2201,0.5783,0.2922,-14.481,16.664,2.9849,64.398,182.43,2
23.533,22.309,2.7553,0.4026,0.2584,12.132,39.314,15.121,78.923,142.25,2
87.451,16.366,3.1035,0.2947,0.1935,-81.353,58.967,-6.1429,60.716,282.53,2
58.973,17.892,3.0276,0.2581,0.1394,41.982,19.828,-5.9981,52.351,217.07,2
17.508,9.0354,2.1022,0.7747,0.4265,-8.2976,-14.516,4.3361,47.811,223.4,2
84.814,38.359,3.5099,0.2109,0.1279,-104.07,-57.709,-26.674,0.5786,323.38,2
126.31,80.636,3.7859,0.1538,0.0783,-70.401,-135.2,30.372,23.132,369.86,2
44.694,15.499,2.78,0.429,0.2605,-18.338,-38.165,-9.7374,36.465,158.83,2
175.62,49.069,3.3737,0.2595,0.1378,-71.433,-151.15,51.77,46.245,305.65,2
23.326,5.2021,2.2897,0.7808,0.4347,34.495,11.571,-4.1788,53.869,188.35,2
68.151,31.086,3.4638,0.2602,0.1139,47.062,94.888,35.132,88.441,290.66,2
27.372,9.6941,2.5826,0.7007,0.383,-26.002,-20.165,10.769,89.515,20.844,2
84.139,62.212,3.5393,0.1137,0.0688,2.6726,81.635,-36.85,21.527,121.42,2
39.028,9.4129,2.7336,0.4044,0.2151,32.913,20.802,7.7568,31.528,160.54,2
48.045,4.6115,2.8763,0.4086,0.2213,34.051,24.311,4.253,40.795,166.46,2
27.925,10.645,2.5539,0.4832,0.25,-17.968,17.848,-9.7047,60.341,243.6,2
29.114,13.878,2.6742,0.601,0.4053,11.349,14.352,6.2646,63.05,191.59,2
69.033,17.709,2.7316,0.3588,0.2149,48.783,68.605,12.14,47.323,267.72,2
20.697,8.7924,2.4871,0.6417,0.3632,23.799,10.987,-2.9041,80.447,153.66,2
62.98,20.893,2.9608,0.306,0.1902,58.985,39.073,19.322,61.34,193.86,2
19.73,7.4005,2.1189,0.73,0.4221,-1.1497,7.0435,4.9983,38.561,260.7,2
82.104,33.927,3.829,0.1382,0.0761,-63.279,-79.251,28.039,35.311,130.39,2
25.543,7.6108,2.4285,0.5078,0.3196,10.328,-8.0852,-8.6794,35.407,73.975,2
23.797,10.481,2.3771,0.6709,0.3789,-20.607,-6.1956,-11.268,41.937,205.16,2
22.972,21.526,2.6864,0.2694,0.1598,-37.041,-25.482,-3.8148,17.54,209.83,2
66.289,15.524,2.9692,0.2453,0.098,-89.868,38.091,-20.507,10.678,267.79,2
29.98,9.3451,2.616,0.5351,0.3015,23.508,20.769,7.9348,43.205,140.04,2
123.13,33.519,2.9972,0.2174,0.1243,116.49,93.6,-23.243,44.193,225.37,2
77.12,11.432,3.1778,0.3303,0.2007,-55.806,68.412,5.4067,9.1846,309.03,2
26.347,14.344,2.4229,0.5487,0.2984,30.345,12.662,-12.33,50.121,263.34,2
13.087,10.5,2.1538,0.7789,0.4947,13.045,5.0574,-9.8116,24.766,178,2
47.953,7.8257,2.7328,0.4163,0.2433,-9.7068,31.815,-4.1539,50.099,108.58,2
26.037,2.2441,2.055,0.7316,0.4224,-4.4273,14.125,19.572,85.312,232.01,2
83.993,9.6924,2.402,0.4414,0.2242,93.858,65.343,2.1958,15.282,218.94,2
29.194,16.953,2.7582,0.4049,0.219,-25.067,18.229,15.698,1.067,141.99,2
30.027,7.8969,2.2837,0.7771,0.4506,18.395,14.941,6.3195,65.626,90.304,2
109.61,71.105,3.6424,0.1071,0.0587,-138.47,-74.364,-68.849,52.605,210.16,2
127.9,57.021,2.6942,0.3685,0.1846,152.79,80.131,-56.895,45.463,305.88,2
35.105,7.433,2.4426,0.5872,0.338,-15.399,-13.325,3.7285,88.103,136.25,2
165.26,23.441,2.7692,0.6639,0.3678,-57.075,-164.42,17.767,16.884,302.34,2
62.025,17.398,3.0687,0.2672,0.1652,41.925,48.516,17.17,20.143,225.49,2
49.8,35.932,2.9302,0.3124,0.1803,0.7015,-54.698,-21.924,10.089,225.2,2
190,57.355,3.5334,0.1107,0.0572,-173.46,-93.06,-54.503,75.788,243.9,2
38.324,14.154,2.7272,0.254,0.1558,-56.426,14.119,-5.3078,25.762,172.72,2
25.317,5.7908,2.7074,0.4807,0.3254,40.72,16.477,8.3612,41.164,103.14,2
28.873,20.877,2.5545,0.3013,0.1548,23.736,15.517,-16.379,22.573,148.2,2
21.666,10.403,2.3771,0.579,0.3157,-8.2159,-0.8939,7.691,69.467,143.36,2
24.313,20.712,2.7892,0.3867,0.2036,-4.1332,13.8,-10.078,8.7061,134.05,2
17.498,12.588,2.1146,0.7247,0.3689,-20.118,10.887,-13.67,2.495,173.87,2
22.878,13.214,2.4359,0.693,0.4132,13.315,16.756,-11.249,6.8098,261.42,2
11.812,7.7798,2.366,0.5431,0.3749,5.7576,23.38,8.7553,58.683,141.94,2
128.94,47.17,3.4816,0.1066,0.0536,-165.29,-90.915,-20.213,58.51,85.595,2
29.041,11.762,2.6015,0.4981,0.2691,40.52,-19.233,6.6009,46.79,45.63,2
75.627,16.454,2.4749,0.5695,0.3132,86.502,-37.077,-6.4531,14.441,125.6,2
140,69.591,3.4547,0.1446,0.0753,-90.897,-140.16,-17.68,77.371,77.941,2
29.603,18.68,2.874,0.5843,0.3664,17.984,30.834,16.72,67.237,176.13,2
41.205,10.655,2.6134,0.4354,0.2735,-20.904,2.2181,-8.7124,77.266,168.34,2
26.525,9.8492,2.4125,0.4371,0.2263,14.954,-17.695,-6.392,56.448,240.74,2
32.385,13.17,2.7682,0.4604,0.2496,-31.148,-21.173,-7.3779,18.61,223.77,2
186.79,25.899,2.7933,0.3453,0.1922,-174.05,-82.191,-19.329,32.506,157.05,2
123.58,25.026,2.8451,0.4114,0.2379,-141.31,-99.68,-15.482,26.726,371.5,2
23.125,8.5059,2.6807,0.7318,0.3565,27.102,-1.6292,6.6134,67.849,197.98,2
32.705,11.161,2.3891,0.5847,0.3258,-15.001,1.8022,11.711,50.392,184.74,2
34.543,15.895,2.4166,0.4253,0.2165,-5.6666,20.556,-13.846,10.46,263.67,2
82.409,46.492,3.4943,0.2125,0.1303,45.129,55.795,-33.29,2.157,357.47,2
92.86,23.689,3.1769,0.1709,0.0513,-70.505,58.443,22.937,44.654,215.09,2
150.39,73.101,2.7085,0.2683,0.1785,-238.58,151.7,92.933,42.094,239.1,2
24.818,18.628,2.7785,0.4047,0.2173,-11.885,-23.42,-5.084,32.188,104.02,2
238.11,88.728,3.5115,0.1176,0.063,-228.88,-119.84,-55.165,78.245,196.33,2
26.694,9.5367,2.3375,0.5563,0.3885,5.3922,20.539,-6.1469,84.821,28.173,2
12.762,11.598,2.3646,0.7214,0.3866,15.394,-7.7677,10.873,16.171,239.96,2
76.707,33.269,3.0297,0.2159,0.0884,24.329,56.335,-22.652,87.807,134.46,2
13.169,10.9,2.1658,0.7713,0.4061,14.752,-2.8969,-11.8,11.128,123.58,2
20.479,18.243,2.3021,0.4688,0.2419,11.166,-17.45,-10.053,76.734,130.39,2
32.816,23.482,2.73,0.3908,0.2542,7.3507,35.365,-15.927,52.477,189.61,2
176.67,26.016,2.9474,0.3025,0.2003,-206.64,107.28,12.396,39.926,307.33,2
18.683,10.271,2.1461,0.5786,0.3179,23.203,10.166,4.2475,66.931,195.75,2
55.101,12.54,3.0355,0.2813,0.1567,-41.602,0.3523,-6.6254,66.513,223.36,2
96.871,41.827,3.3396,0.1693,0.0881,90.86,86.55,-24.355,58.579,297.28,2
95.005,17.74,3.1708,0.2321,0.1326,13.737,35.348,-18.875,23.551,204.82,2
30.802,11.37,2.6787,0.4472,0.2925,-3.2633,-31.545,3.3172,78.038,249.08,2
70.082,16.307,3.0915,0.2602,0.1162,32.115,16.953,7.7851,68.307,121.03,2
41.695,21.741,2.9418,0.2676,0.1652,13.862,22.607,17.483,35.786,232.63,2
65.819,31.509,2.9104,0.365,0.184,38.358,68.462,27.268,7.5572,234.27,2
16.082,2.4686,2.536,0.8703,0.6098,2.05,6.6183,3.7406,67.027,200.15,2
65.995,33.883,3.4581,0.2372,0.159,-71.058,-41.77,-22.2,40.113,271.92,2
120.98,50.393,3.2672,0.2246,0.1404,26.625,115.6,-36.232,58.582,356.32,2
31.383,8.894,2.6484,0.5146,0.3404,-5.9901,22.649,5.7042,20.208,55.807,2
138.99,24.597,3.008,0.1964,0.0997,220.66,-139.62,7.9646,35.685,134.84,2
41.542,17.438,2.5909,0.3146,0.1535,8.8842,22.094,11.994,64.861,207.22,2
14.233,13.518,2.5601,0.483,0.2702,9.806,-0.1953,0.956,50.171,163.85,2
23.147,11.102,2.6755,0.4327,0.2311,-2.5425,13.501,11.8,56.351,99.646,2
87.89,68.488,3.6989,0.2274,0.1151,-47.854,-57.535,73.184,59.272,418.23,2
22.478,9.2765,2.5072,0.6594,0.381,-11.108,13.084,-8.6206,27.942,128.74,2
19.216,6.6821,2.5397,0.8427,0.4921,17.856,15.187,3.2288,0.348,148.57,2
43.158,11.707,3.0029,0.2996,0.166,62.172,25.365,-14.326,63.23,198.9,2
108.3,67.16,4.2594,0.0533,0.0326,45.926,89.911,38.769,29.262,276.25,2
89.946,20.162,3.1041,0.273,0.1412,65.311,47.271,12.007,27.74,320.48,2
37.977,9.2443,2.9856,0.3388,0.154,-1.2103,19.247,3.9894,89.308,193.01,2
19.909,8.456,2.5468,0.6065,0.3095,-34.614,-18.892,6.7465,68.104,39.771,2
96.637,39.902,2.9741,0.2884,0.1408,63.762,112.59,-31.097,68.711,263.43,2
24.05,11.199,2.4541,0.5413,0.3462,-9.0811,-22.19,-5.3982,29.991,172.9,2
148.95,59.048,3.4519,0.0823,0.0735,58.961,109.88,53.862,17.683,209.83,2
28.942,15.162,2.5855,0.381,0.1658,10.922,18.469,-10.48,64.777,235.03,2
17.327,3.3491,2.3366,0.7506,0.5147,13.868,19.111,3.876,16.61,87.58,2
75.415,21.778,2.9249,0.3077,0.1737,-57.93,-51.862,20.43,68.535,235,2
48.357,12.011,2.9825,0.3352,0.1702,-11.53,34.019,-4.892,68.528,215.27,2
20.838,10.268,2.3404,0.621,0.3356,4.0453,-15.924,-2.923,86.881,222.99,2
33.086,17.659,2.5168,0.4467,0.2373,14.326,14.653,-6.2516,44.936,197.25,2
14.761,5.2058,2.2863,0.7015,0.3971,18.358,12.188,5.5089,36.993,192.37,2
77.249,46.128,3.6997,0.1016,0.0512,71.622,-39.89,27.598,59.252,134.39,2
24.122,10.581,2.779,0.533,0.2925,12.329,31.37,-11.527,63.258,238.99,2
71.483,20.141,3.1531,0.31,0.1803,-66.993,43.914,-15.535,22.981,333.11,2
235.55,186.93,5.1795,0.0137,0.0072,-47.926,-113.67,154.87,85.943,152.37,2
23.305,9.8084,2.6604,0.5792,0.3115,26.858,18.803,3.6647,82.907,163.87,2
110.17,84.697,3.6426,0.1919,0.0957,-150.42,-95.633,-78.195,18.366,372.23,2
60.659,24.007,3.1673,0.2442,0.1316,-48.033,-56.842,19.938,68.547,74.16,2
31.497,9.4772,2.6744,0.5249,0.3058,-7.4125,11.313,-4.3687,70.395,206.02,2
106.47,21.825,3.1457,0.419,0.2127,58.472,-84.156,24.921,21.012,375.51,2
59.491,3.8804,2.9005,0.3931,0.2044,18.862,60.506,-3.6781,5.8833,245.85,2
38.44,13.364,2.7396,0.4026,0.2468,20.892,34.235,-10.79,13.736,257.75,2
31.187,14.467,2.5393,0.4366,0.2542,-6.4781,-32.511,9.0552,89.348,232.49,2
76.723,11.3,3.1154,0.2415,0.1453,47.99,-26.633,-9.1747,45.422,100.24,2
37.274,10.283,2.636,0.3884,0.1977,20.95,24.233,7.5941,56.033,169.49,2
58.933,16.597,3.0378,0.1903,0.137,30.379,55.672,8.344,14.914,140.44,2
73.035,11.119,2.9511,0.3436,0.1942,-36.574,-54.34,-5.9414,15.537,44.231,2
120.86,42.78,3.1316,0.1263,0.0683,-42.422,-144.2,10.632,61.33,42.215,2
53.345,13.642,2.9626,0.3117,0.1662,62.91,36.95,-8.922,48.294,238.47,2
141.63,45.014,3.066,0.3058,0.1705,-133.52,-134.55,-27.421,21.084,383.56,2
25.444,19.346,2.7345,0.2529,0.123,-17.142,19.95,10.886,20.892,164.2,2
11.488,1.9614,2.3196,0.8267,0.4684,-6.4155,-1.8397,4.5423,78.049,159.51,2
57.747,11.368,3.0812,0.282,0.1464,24.389,35.801,6.2674,25.3,129.09,2
70.904,11.742,2.4928,0.5273,0.291,-69.224,-36.295,9.5361,74.723,103.18,2
15.091,12.688,2.5905,0.6985,0.3668,-14.88,19.669,8.016,42.797,128.25,2
21.813,11.678,2.3107,0.5477,0.3301,25.634,12.277,10.178,26.743,103.79,2
131.72,61.44,4.2216,0.0656,0.0362,-68.566,89.763,40.812,48.984,264.15,2
73.632,40.398,3.0762,0.133,0.0876,21.608,-21.261,-25.556,46.233,119.87,2
84.516,44.67,3.3209,0.1514,0.0771,-57.764,-64.625,-35.997,86.499,286.41,2
160.78,62.441,3.2032,0.3469,0.1799,172.63,64.997,37.789,85.164,400.15,2
123.84,27.513,2.8831,0.3212,0.1708,76.258,111.96,16.484,32.025,273.48,2
24.339,12.745,2.5821,0.5105,0.3233,9.8966,13.646,-3.7776,51.276,232.79,2
23.494,10.929,2.6604,0.5749,0.3464,-0.715,-21.919,9.0141,82.964,41.184,2
14.043,10.751,2.0436,0.6881,0.3737,22.015,-19.762,7.6726,16.175,225.92,2
49.403,31.415,3.2742,0.1856,0.1146,28.857,28.986,21.632,32.016,102.77,2
24.964,10.74,2.6882,0.5639,0.3368,15.096,17.353,-11.482,65.736,212.16,2
48.013,11.455,2.8299,0.3432,0.1723,31.211,36.47,-7.3894,14.985,224.05,2
12.821,11.518,2.3128,0.7299,0.382,-15.194,6.2951,11.447,8.593,195.64,2
150.06,20.402,2.6744,0.5524,0.2889,-133.81,-130.08,-0.5112,6.5826,247.01,2
37.113,12.394,2.8949,0.3401,0.179,13.439,21.492,-5.7741,46.929,135.55,2
24.413,11.761,2.6274,0.4528,0.27,9.1242,13.208,-6.205,53.71,180.68,2
156.27,65.813,3.2609,0.2758,0.1659,-165.75,-53.085,-44.151,69.391,329.92,2
50.874,10.576,2.5244,0.3663,0.1858,63.272,45.599,-13.151,59.678,158.43,2
76.02,26.38,2.8641,0.4623,0.2627,-64.744,-76.221,15.768,8.7072,52.079,2
35.14,10.583,2.4731,0.4352,0.2895,34.167,33.666,13.866,77.06,239.29,2
101.93,44.309,3.0266,0.204,0.103,-27.176,-64.788,45.147,64.974,272.74,2
60.205,31.585,3.2004,0.128,0.0659,41.383,-39.539,-24.676,59.386,146.93,2
245.81,75.544,3.3737,0.1933,0.1066,-277.31,-244.84,86.856,56.911,197.3,2
150.98,21.279,2.7031,0.3083,0.1876,-82.958,-144.89,-13.014,15.107,56.538,2
124.69,65.864,3.3985,0.1329,0.0647,-86.679,-77.451,-49.482,21.02,314.2,2
73.983,14.853,3.243,0.2374,0.1225,34.492,61.534,14.595,8.5651,226.86,2
129.48,77,4.324,0.0506,0.0267,31.134,114.17,56.303,49.472,176.38,2
96.38,32.425,3.2082,0.2513,0.1546,-37.463,84.193,23.315,10.836,317.89,2
30.736,8.2288,2.658,0.6,0.3527,19.398,22.09,-4.2379,34.689,233.79,2
32.587,11.317,2.6449,0.3941,0.2412,14.685,26.36,-7.5781,37.384,212.73,2
215.54,66.901,3.3798,0.1898,0.0991,-113.08,-195.86,-38.305,37.522,245.99,2
12.741,11.6,2.1089,0.7082,0.4008,-15.529,9.2718,-7.417,50.202,200.55,2
21.745,14.262,2.4896,0.5948,0.3448,-9.2138,10.712,-4.0639,38.515,231.7,2
50.745,8.8637,2.9906,0.3434,0.1742,9.0899,30.342,5.6241,17.434,191.83,2
62.117,17.57,3.0822,0.2424,0.1245,-38.454,-47.373,-11.028,29.379,195.95,2
35.621,22.761,2.7797,0.3925,0.2341,47.755,22.667,-14.36,55.711,154.7,2
101.42,18.752,3.192,0.1748,0.0993,49.151,23.75,10.902,71.094,249.63,2
47.506,11.339,2.8519,0.3812,0.2215,36.751,39.299,4.7267,21.389,204.28,2
37.763,11.784,2.7449,0.3704,0.2133,-13.965,-28.885,6.1314,24.647,211.15,2
185.65,40.98,3.2267,0.129,0.0927,-51.755,-148.35,26.286,47.278,300.92,2
192.2,61.766,3.4649,0.1872,0.1106,-27.278,-218.73,51.381,7.5687,331.86,2
213.49,83.705,3.5707,0.1343,0.0748,-212.69,-96.29,-78.284,46.035,157.15,2
110.89,37.351,3.2293,0.325,0.1856,-51.936,-103.43,9.4337,14.903,366.34,2
101.24,18.761,2.8516,0.2745,0.1414,-56.255,-70.376,-5.4218,81.362,154.15,2
16.431,11.44,2.2863,0.6098,0.3503,-0.4318,0.3905,-5.8955,63.902,118.32,2
17.826,17.097,2.5384,0.5355,0.2851,23.13,4.3708,15.61,14.939,154.52,2
70.847,29.342,2.7982,0.3566,0.2122,49.414,59.852,-15.312,9.3601,189.5,2
34.413,9.8594,2.7627,0.4974,0.2617,32.552,25.139,8.6112,62.831,223.96,2
145.14,107.21,4.1463,0.1044,0.0493,-114.23,-137.11,52.001,37.075,324.84,2
199.81,65.885,3.4353,0.1868,0.1015,-201.24,-124.78,58.025,72.522,301.14,2
124.5,71.644,3.6063,0.0745,0.0387,-78.832,-62.697,34.356,47.664,176.67,2
33.338,15.506,2.7713,0.4202,0.3083,-6.7684,-37.18,-7.572,58.938,180.26,2
39.507,12.336,2.6571,0.3789,0.217,-15.408,-22.714,3.3135,85.082,213.08,2
53.052,38.429,3.2252,0.1804,0.0851,27.987,-31.242,-17.542,61.038,235.06,2
139.58,31.339,2.976,0.3767,0.2336,-119.36,-101.95,-37.522,9.2489,276.66,2
50.205,5.2882,2.58,0.4896,0.2302,32.599,14.97,8.3292,32.69,243.56,2
216.29,78.302,3.5371,0.1553,0.0874,-247.3,-144.65,-82.876,70.844,198.67,2
186.93,116.87,4.165,0.0682,0.0362,-145.12,-179.7,-97.705,49.655,209.07,2
26.84,15.845,2.3943,0.4265,0.2766,24.323,21.358,-5.1293,19.368,216.97,2
121.36,34.386,3.0867,0.1785,0.0897,-188.85,92.605,-9.7029,1.857,230.96,2
86.073,22.768,2.8494,0.3634,0.1881,-101.91,39.754,12.503,29.386,176.89,2
155.43,130.67,4.5364,0.038,0.0191,-101.84,-109.78,104.01,71.937,277.54,2
33.388,15.047,2.3865,0.4065,0.2512,13.293,-12.181,-2.9696,66.43,179.57,2
98.218,41.343,3.1904,0.1756,0.085,1.0494,99.483,-35.019,62.496,167.9,2
171.12,41.131,3.6886,0.0922,0.0618,-219.63,-148.37,-42.124,79.146,191.18,2
18.936,15.092,2.5287,0.5216,0.2563,-2.7392,-7.3072,-7.9778,36.308,207.96,2
120.8,70.046,3.5704,0.1812,0.0956,-54.773,-128.05,53.841,46.211,351.68,2
79.345,44.406,3.235,0.1879,0.1038,29.294,55.669,42.436,29.217,240.95,2
28.64,19.121,2.781,0.3543,0.2078,25.907,18.659,4.2748,2.5401,145.93,2
37.04,19.019,2.873,0.3014,0.1574,-0.2769,25.478,6.1243,24.348,249.92,2
67.452,2.7156,2.6688,0.4514,0.2726,50.62,47.894,-5.706,26.869,77.219,2
65.879,11.407,3.0427,0.3221,0.1727,50.193,62.421,12.488,37.15,301.01,2
31.71,22.671,2.8102,0.305,0.1772,-13.252,11.605,-9.448,24.256,249.85,2
13.269,10.242,2.2636,0.8011,0.4877,-13.15,-6.6979,11.107,76.291,148.88,2
33.72,10.072,2.6817,0.4662,0.2529,6.6167,24.427,-7.3688,57.759,206.01,2
27.363,9.1348,2.4192,0.7209,0.3574,1.8996,19.632,6.7098,15.115,171.34,2
35.852,18.223,2.9823,0.3436,0.2146,-8.7034,-0.2338,-12.011,9.8815,86.484,2
16.622,10.92,2.4065,0.6706,0.3627,5.4793,-8.6909,-7.7714,43.499,199.63,2
30.179,10.613,2.4771,0.46,0.2383,23.777,16.457,-8.6961,80.696,156.61,2
28.1,8.6496,2.8038,0.5703,0.3244,7.2847,21.426,9.6579,8.2367,217.87,2
30.845,7.0755,2.4759,0.6478,0.3148,2.6924,-25.693,3.7971,80.287,193.11,2
22.619,15.859,2.3551,0.5158,0.3191,-12.203,7.7236,7.368,1.8504,187.75,2
77.776,11.351,3.1919,0.2289,0.1212,-34.669,-23.565,-7.512,45.833,79.49,2
47.714,11.774,2.9017,0.4243,0.263,36.853,45.53,13.949,5.9013,266.26,2
196.68,55.461,3.9577,0.0959,0.0548,129.45,136.69,42.804,87.324,293.5,2
50.742,8.2783,2.7416,0.4056,0.2491,-2.3365,23.045,-1.551,50.077,118.01,2
65.963,32.503,3.5638,0.2493,0.1637,-62.504,42.917,18.713,39.104,282.76,2
35.052,12.795,2.4293,0.4969,0.3134,17.895,-10.89,11.645,40.836,213.92,2
126.4,56.722,3.2597,0.1232,0.0619,79.301,115.74,-38.747,4.2599,32.865,2
13.313,10.597,2.3608,0.7887,0.4161,14.629,3.4081,11.845,10.987,150.75,2
30.6,15.095,2.6575,0.3454,0.2079,22.268,17.485,11.413,1.107,81.326,2
52.864,13.914,2.5721,0.3935,0.2771,41.797,-7.5652,-11.688,74.38,170.25,2
104.41,94.41,3.2125,0.1871,0.0823,-96.842,69.941,116.71,61.173,232.2,2
61.682,20.987,2.8245,0.2776,0.1669,60.8,14.487,6.4615,49.98,234.19,2
83.687,17.267,2.7118,0.4175,0.2553,-98.386,-48.379,-17.834,26.492,286.75,2
52.286,11.403,2.8582,0.3714,0.2363,67.068,28.487,-2.9733,32.188,202.31,2
22.174,9.6139,2.3722,0.5178,0.3155,3.8711,17.897,-2.1884,21.884,198.51,2
40.073,9.6414,2.7745,0.3731,0.1958,2.5486,27.403,7.0858,15.593,188.7,2
226.26,133.33,3.5119,0.143,0.0745,344.41,88.455,-100.55,75.087,197.07,2
29.734,18.861,2.6026,0.3496,0.1985,31.958,12.01,-7.1161,86.288,161.56,2
71.564,35.104,3.1497,0.1431,0.0733,-28.63,27.321,27.152,31.499,170.25,2
17.444,16.63,2.3889,0.7943,0.4365,-21.202,-10.265,-14.931,4.2008,199.82,2
73.862,27.419,3.3781,0.0878,0.0812,12.072,20.137,8.0742,61.503,104.14,2
18.809,11.131,2.5496,0.6037,0.4245,0.5645,-3.0608,11.818,75.574,222.59,2
13.336,13.062,2.5947,0.3829,0.2237,13.434,15.343,-4.3444,60.336,34.81,2
131.92,41.843,3.1034,0.2925,0.1901,-141.22,99.177,17.564,77.738,281.97,2
99.216,18.937,3.2075,0.2115,0.1225,57.637,49.484,-17.269,6.308,137.73,2
187.5,46.616,3.2851,0.1569,0.0918,-171.73,-76.72,52.341,54.823,89.501,2
22.75,12.532,2.6304,0.5012,0.2822,-4.3983,18.308,-4.183,13.833,188.48,2
39.167,10.027,2.8678,0.4895,0.2854,8.9228,-13.321,6.3064,27.714,167.2,2
20.338,12.746,2.6518,0.4348,0.2241,-0.9577,4.7392,-8.5004,43.436,223.04,2
17.162,14.919,2.488,0.5767,0.4277,10.676,-2.8372,15.863,35.093,141.08,2
134.98,50.807,3.1801,0.3402,0.1734,-176.56,127.72,27.78,58.643,313.69,2
121.25,77,3.1726,0.1868,0.1058,-57.932,-131.58,48.729,58.087,257.95,2
109.39,33.363,2.9701,0.4049,0.2062,59.086,123.81,-14.383,86.07,23.424,2
150.57,64.918,3.8516,0.0721,0.0177,-73.038,-127.64,53.999,39.065,79.243,2
27.434,10.953,2.7259,0.4624,0.2735,-11.004,-10.408,2.4234,31.944,80.265,2
22.83,16.87,2.5173,0.3954,0.2177,-15.98,10.813,-5.5463,60.028,182.35,2
27.271,9.999,2.6112,0.5655,0.3195,26.918,22.178,9.3447,3.1333,131.03,2
28.75,16.261,2.931,0.2868,0.1806,-49.889,23.234,-8.5597,42.362,242.51,2
26.974,10.462,2.6493,0.5135,0.2948,32.039,19.059,2.9788,32.717,193.06,2
29.017,17.419,2.7001,0.3927,0.1905,32.851,24.998,-20.287,79.458,204.7,2
85.791,23.97,3.227,0.2182,0.079,-75.405,75.036,21.503,10.321,261.01,2
24.056,16.067,2.4983,0.3968,0.2238,11.972,13.588,14.271,37.151,289.94,2
17.822,16.228,2.3664,0.4903,0.2817,8.0925,-16.933,-8.1726,80.658,104.9,2
227.07,80.096,3.422,0.2318,0.1331,-180.92,-198.77,81.026,52.523,220.43,2
21.871,14.848,2.6031,0.5287,0.3404,26.11,7.1398,6.0112,30.542,154.52,2
40.339,10.013,2.6337,0.4139,0.1948,32.839,33.918,4.9552,44.446,216.91,2
27.975,7.1877,2.4893,0.6321,0.3679,12.757,18.647,9.28,55.462,206.84,2
18.544,10.164,2.3729,0.6186,0.3453,-21.927,-11.434,-5.0737,17.284,166.5,2
100.01,21.563,2.7262,0.3595,0.24,-109.17,-66.212,13.592,4.9003,244.45,2
72.177,15.901,2.971,0.3533,0.2251,11.869,32.015,11.066,34.076,81.063,2
112.77,8.4152,2.4899,0.6626,0.3489,-150.47,93.163,-12.611,65.626,220.88,2
32.168,7.4484,2.4158,0.5182,0.2783,-3.4233,14.731,4.4809,31.218,240.44,2
159.65,62.121,3.6205,0.1067,0.0628,-281.22,-125.14,-66.681,88.092,225.4,2
20.035,18.002,2.5641,0.3946,0.2643,1.6656,-11.724,9.4586,56.105,55.01,2
107.94,40.108,3.1419,0.1529,0.0783,-102.53,-70.034,-36.428,22.943,275.18,2
37.284,8.9693,2.4609,0.4187,0.2301,-26.782,20.375,-6.8922,9.357,230.25,2
27.214,13.668,2.546,0.4166,0.1968,24.607,1.9001,-8.1902,55.921,34.255,2
35.749,13.083,2.6832,0.3689,0.1697,20.866,-24.291,-7.1984,80.26,260.22,2
42.292,12.239,2.6347,0.367,0.2143,25.282,36.042,5.9391,24.607,265.74,2
186.19,25.849,2.9385,0.3088,0.193,-255.87,130.87,-9.9811,3.123,185.78,2
70.199,14.572,2.5065,0.3115,0.1573,79.304,51.589,10.464,53.881,57.131,2
123.07,78.474,3.7929,0.1251,0.0857,11.129,52.298,75.196,89.805,328.9,2
185.8,52.026,3.8666,0.1237,0.0601,-174.98,-220.05,37.907,53.607,340.55,2
22.182,7.3637,2.4922,0.797,0.4865,4.3987,-9.5286,-7.9688,82.098,240.76,2
9.6824,8.6952,2.1323,0.7312,0.4196,-5.8029,1.5449,-9.1577,42.085,61.201,2
18.368,16.023,2.4495,0.5471,0.2789,9.2991,18.659,10.759,13.944,199.54,2
111.72,26.656,2.8938,0.3946,0.2011,-105.08,65.438,-19.608,38.25,260.69,2
37.549,14.685,2.6731,0.5023,0.3294,31.569,33.013,-8.1722,45.901,240.27,2
114.79,65.818,3.2751,0.2696,0.186,-103.53,-54.99,-79.076,14.304,266.1,2
26.665,5.4643,2.05,0.7274,0.3779,-27.445,-17.836,4.8044,66.842,197.11,2
81.09,37.736,3.4873,0.1521,0.0926,-96.964,63.087,18.472,3.6095,264.5,2
68.323,13.453,2.7239,0.3853,0.2011,23.698,74.881,6.9461,38.723,231.32,2
32.237,9.1144,2.4158,0.4568,0.2591,-19.07,19.974,9.1901,87.826,204.06,2
68.677,26.662,2.9576,0.3958,0.199,-77.763,-54.3,-13.559,0.9243,342.05,2
171.89,70.282,3.3951,0.1127,0.063,-111.6,-159.37,-48.927,33.332,257.99,2
42.592,27.814,2.8929,0.255,0.1077,9.7841,-32.173,18.57,68.048,88.057,2
19.872,6.8393,2.3901,0.8106,0.4664,19.23,14.94,-4.8339,33.488,125.63,2
25.372,16.915,2.7977,0.3501,0.2364,24.041,16.59,10.525,23.069,223.11,2
148.7,22.267,2.6064,0.401,0.2339,183.47,-108.09,15.818,73.719,47.71,2
51.508,21.126,2.8742,0.2781,0.1644,62.368,-7.4534,9.7978,31.962,37.949,2
24.883,12.328,2.4132,0.4893,0.2782,29.306,15.24,-3.1753,87.454,174.15,2
13.089,9.8864,2.2589,0.8099,0.5427,11.833,8.3367,-10.002,86.16,218.38,2
20.765,8.6798,2.4048,0.6535,0.3878,22.831,12.522,-2.5343,25.106,140.91,2
130.71,13.845,2.6221,0.7331,0.4642,-116.4,-101.77,-14.345,47.097,243.58,2
21.751,12.515,2.4894,0.5882,0.2899,17.933,23.483,-8.4085,84.968,220.33,2
142.87,110.85,4.4417,0.0431,0.0231,5.3578,88.068,65.575,81.35,267.83,2
84.101,35.213,3.6415,0.1826,0.1051,-39.932,58.339,28.256,10.077,324.82,2
80.357,46.752,3.9682,0.1023,0.0395,26.491,92.269,42.46,72.129,122.7,2
36.456,10.984,2.64,0.3688,0.2027,-27.439,5.5361,-3.7779,87.239,148.56,2
55.074,13.188,2.8565,0.2872,0.1319,-23.845,27.176,-6.6697,31.127,166.84,2
16.498,11.428,2.1155,0.7848,0.498,-17.897,-7.5738,7.4205,88.127,71.037,2
21.157,19.8,2.5079,0.5155,0.2624,-22.922,-16.269,-12.402,51.949,188,2
238.26,108.12,3.4111,0.1401,0.0731,275.63,45.445,77.722,81.064,225.34,2
58.052,38.482,3.1602,0.1757,0.1027,25.486,62.369,-25.581,32.251,228.15,2
60.533,34.921,3.0436,0.2732,0.175,-39.57,45.49,-28.745,0.8124,290.6,2
178.04,90.713,4.0967,0.0802,0.0481,7.2494,-139.76,82.532,77.65,329.74,2
68.026,11.653,3.0809,0.3321,0.2123,-92.86,-7.3949,-13.153,38.734,274.45,2
113.27,20.022,2.6048,0.4696,0.2497,89.529,87.749,9.0946,42.59,234.42,2
30.274,21.939,2.7042,0.3419,0.1966,-8.0941,15.757,11.893,83.084,68.992,2
64.809,30.176,3.2292,0.3136,0.2251,-76.86,-38.604,-13.684,32.743,278.4,2
219.76,83.923,3.2147,0.227,0.1263,-276.32,-136.7,66.751,47.081,293.72,2
76.277,28.402,2.888,0.4118,0.2128,68.022,56.018,24.762,11.822,303.94,2
48.528,11.939,2.7705,0.3155,0.1654,-4.1113,16.142,-12.554,21.806,87.716,2
177.18,73.063,3.3855,0.242,0.1233,-123.65,-118.03,68.992,2.116,355.59,2
32.544,10.68,2.6686,0.3879,0.2278,2.8825,33.021,5.7868,44.884,178.56,2
20.08,6.6466,2.3415,0.5849,0.3109,28.377,-0.3095,4.5682,68.994,74.827,2
81.086,18.692,2.9359,0.4073,0.2132,86.961,78.087,-16.692,33.679,330.05,2
23.224,11.791,2.2706,0.6096,0.3218,4.822,36.967,2.544,42.213,174.06,2
16.616,15.523,2.5804,0.4674,0.2241,-29.552,12.876,-5.0035,30.468,181.32,2
27.782,21.126,2.4589,0.364,0.1692,-13.712,15.43,-17.956,67.188,141.55,2
18.98,14.728,2.4997,0.5222,0.3465,-0.2513,10.48,9.5463,72.448,146.77,2
31.306,10.185,2.549,0.4463,0.2246,-4.5762,25.649,2.1701,67.887,202.18,2
23.142,13.146,2.6393,0.5256,0.2704,-39.293,-8.679,5.9303,75.798,66.633,2
37.5,5.4708,2.5243,0.35,0.1812,-21.075,-21.033,-6.4874,56.483,227.01,2
31.359,22.749,2.9204,0.2691,0.1532,10.754,23.436,-10.455,37.543,138.86,2
36.345,11.664,2.721,0.4125,0.2367,22.634,28.955,-6.721,58.16,234.29,2
94.296,77.986,3.8505,0.1521,0.0811,-63.689,25.236,42.695,44.223,409.05,2
39.958,8.8898,2.7681,0.3354,0.1803,25.226,32.57,-2.6786,36.482,191.54,2
144.12,54.137,4.0889,0.0489,0.0246,66.719,127.59,-43.212,14.175,139.72,2
15.926,8.3817,2.2247,0.7242,0.4881,-19.808,-4.019,4.8417,58.35,200.05,2
29.161,9.454,2.5877,0.6047,0.4561,14.126,27.562,-9.4301,48.485,237.49,2
25.977,15.499,2.5993,0.415,0.2131,-0.0514,9.3965,-0.7868,29.365,158.61,2
32.088,10.492,2.7384,0.4,0.2073,-3.9676,8.5829,-7.4057,29.936,144.85,2
27.07,6.918,2.2474,0.5721,0.3223,7.5857,23.703,12.041,48.813,108.6,2
105.03,34.631,3.2866,0.2641,0.1211,-46.798,-39.862,-24.852,18.529,363.25,2
129.68,31.02,3.2893,0.1623,0.0871,19.464,105.71,29.569,47.531,187.57,2
35.824,12.92,2.6493,0.5045,0.2859,-44.348,-15.344,-10.936,83.516,220.13,2
63.875,50.122,3.3707,0.2933,0.1863,-6.8777,-83.557,53.949,21.773,189.74,2
45.226,23.956,2.7524,0.2882,0.1512,-52.275,-28.645,-19.328,49.002,266.53,2
12.879,7.2531,2.2452,0.6328,0.3718,21.61,11.365,-2.3432,78.081,233.68,2
131.52,26.528,3.3731,0.192,0.1279,-95.994,-71.367,-19.338,40.494,268.75,2
29.718,8.0956,2.3324,0.5721,0.3,17.747,16.633,3.4419,39.849,71.897,2
76.2,56.781,2.993,0.2348,0.1367,29.965,78.657,-59.889,86.769,146.69,2
87.94,12.727,2.499,0.3048,0.1589,-142.9,81.062,7.2474,50.115,104.18,2
88.114,23.375,2.7126,0.3159,0.1676,-102.46,53.8,11.48,41.735,123.18,2
128.11,85.076,3.4305,0.1642,0.1023,-50.059,-90.172,-20.424,2.8948,328.61,2
38.855,12.858,2.9685,0.3484,0.1909,-7.6876,-27.302,-10.298,89.476,222.78,2
23.103,9.5822,2.5359,0.6055,0.3712,-9.7531,6.8251,4.4429,73.371,110.18,2
134.38,66.58,4.0235,0.0634,0.0382,36.809,-118.74,-43.324,43.837,298.71,2
135,87.219,3.1458,0.3074,0.159,-45.503,-130.64,48.254,5.337,383.4,2
107.38,13.479,2.7645,0.4213,0.2175,-79.035,-92.232,-12.823,83.313,62.131,2
58.472,17.72,2.9547,0.2542,0.1504,62.997,34.554,16.213,42.133,256.87,2
54.567,9.9024,2.9201,0.3089,0.1569,6.5237,-21.886,-4.8722,53.672,133.95,2
20.419,10.445,2.4265,0.6479,0.3315,-5.5089,16.621,5.8879,39.376,261.47,2
10.868,9.257,2.3777,0.5395,0.2892,-2.1777,12.211,-8.011,43.975,160.75,2
29.881,16.431,2.7254,0.4209,0.2355,-20.592,-0.9242,10.504,72.641,155.97,2
42.067,22.097,3.0065,0.2552,0.1305,-3.4064,-39.562,-15.281,62.159,96.414,2
21.569,12.021,2.7255,0.6453,0.3584,6.4955,20.901,-2.9726,14.3,139.96,2
110.14,39.424,3.3553,0.1774,0.092,-65.572,-112.89,19.186,47.365,181.2,2
17.06,12.847,2.4864,0.5742,0.354,-0.3389,6.2169,-8.3389,0.843,195.9,2
34.916,8.8163,2.6824,0.4519,0.2328,26.516,1.2934,7.2644,70.567,264.22,2
30.761,17.824,2.7059,0.3622,0.2037,26.52,-7.4183,18.292,40.406,229.21,2
90.437,82.591,3.189,0.3479,0.213,4.6697,-116.66,41.535,46.163,363.1,2
16.671,13.782,2.2439,0.7545,0.4751,35.226,-9.3629,-3.0051,84.499,212.62,2
49.262,21.044,3.2918,0.1808,0.0922,19.773,22.827,6.0561,49.193,95.867,2
39.008,14.128,2.6238,0.3971,0.2057,-38.222,-27.172,5.9522,76.406,273.7,2
17.025,7.6971,2.5903,0.5138,0.2705,-49.978,-16.631,5.1478,52.042,232.34,2
78.197,32.898,2.7187,0.262,0.1418,-36.96,-99.966,22.493,27.583,149.76,2
89.911,22.512,2.8648,0.2102,0.114,167.91,-92.54,-16.277,39.401,68.38,2
33.432,18.208,2.5844,0.4244,0.2427,1.0575,-15.902,3.7058,18.124,133.98,2
81.638,38.944,3.1773,0.1706,0.1282,-11.192,-95.851,19.154,41.184,225.47,2
137.22,24.312,2.8536,0.4993,0.3525,-119.37,-89.309,14.209,9.9849,398.01,2
17.1,10.866,2.4997,0.6266,0.3339,20.898,10.459,-5.389,55.81,35.855,2
22.665,10.861,2.5709,0.5368,0.3155,38.154,17.342,-4.3435,60.599,89.385,2
43.56,20.657,2.5649,0.2941,0.1795,-13.512,-21.793,8.2351,10.667,146.27,2
175.49,89.15,3.7786,0.1282,0.0762,-145.59,129.12,-81.631,79.547,347.39,2
124.68,22.369,2.8103,0.4746,0.3051,-125.27,54.41,18.142,38.881,306.28,2
26.516,20.6,2.6322,0.3273,0.2312,12.898,-26.572,-21.141,16.96,144.03,2
59.572,12.631,2.9284,0.3107,0.2087,26.593,26.207,9.8597,11.763,184.23,2
19.024,13.172,2.6598,0.5,0.2808,-22.268,-2.1389,14.214,54.72,170.01,2
36.747,24.314,2.792,0.3233,0.1728,3.7186,-3.8453,-13.023,23.289,195.54,2
12.93,11.318,2.3334,0.7425,0.4014,-14.969,6.3542,11.318,17.312,46.39,2
42.555,10.42,2.7997,0.3775,0.245,19.812,18.084,-5.8287,84.603,51.065,2
27.354,22.661,2.6217,0.3226,0.1756,25.177,-18.249,11.601,79.061,194.57,2
65.58,29.887,2.9939,0.4189,0.2135,7.6539,-45.105,20.051,16.636,433.74,2
149.98,55.837,3.1748,0.2211,0.0902,28.356,183.98,-23.138,5.6602,147.43,2
26.905,12.155,2.5259,0.4869,0.2473,-2.601,-20.164,-7.6542,84.192,199.24,2
37.898,24.2,3.0249,0.2314,0.1176,13.894,-16.434,-21.455,0.6035,93.198,2
59.835,9.6551,2.8963,0.339,0.1873,-95.379,41.58,4.1678,47.776,258.63,2
19.358,7.7947,2.4871,0.7655,0.4967,-2.2146,-8.3002,-9.1282,31.536,206.25,2
155.57,99.886,4.55,0.0139,0.0047,72.535,-99.744,75.854,38.281,224.99,2
97.688,64.754,3.4747,0.2779,0.1487,-21.545,-78.347,42.697,32.217,349.74,2
14.594,12.427,2.2576,0.4779,0.259,-1.5413,-9.9437,-9.6697,21.723,147.62,2
156.03,117.96,4.3022,0.0759,0.0393,-124.84,-185.51,78.977,40.085,329.32,2
62.975,30.842,3.1771,0.1043,0.0759,-93.425,51.905,10.459,42.685,238.59,2
32.425,14.833,2.7936,0.3163,0.1754,33.315,34.111,-5.9724,64.2,263.1,2
27.719,16.168,2.8916,0.2721,0.147,-28.523,-14.504,16.93,30.222,247.49,2
31.21,16.338,2.5085,0.3721,0.2031,-30.186,-15.665,9.9051,75.708,187.14,2
39.328,13.343,2.3797,0.4942,0.2987,-39.252,16.7,8.9882,10.573,281.2,2
27.46,12.608,2.6069,0.4302,0.2213,-30.69,-11.699,5.4168,68.844,221.5,2
25.832,7.2485,2.3182,0.3941,0.2325,-4.4431,28.12,-5.1603,70.568,249.42,2
221.75,138.84,3.4021,0.1322,0.035,-76.874,118.75,125.15,54.683,39.904,2
20.314,15.868,2.3107,0.4792,0.2469,14.593,17.508,-11.884,5.39,182.39,2
101.7,25.514,3.2164,0.357,0.2357,11.07,81.283,-22.576,32.066,331.11,2
21.162,17.296,2.5516,0.5177,0.2206,-4.1092,12.087,5.8623,62.357,144.12,2
28.058,13.599,2.6588,0.477,0.2726,3.8362,-24.864,6.1632,51.999,233.28,2
137.79,35.19,3.5393,0.1089,0.0637,-58.282,84.217,-29.224,17.467,266.17,2
55.713,12.74,2.9406,0.2687,0.1597,-17.078,-21.365,-6.4121,51.674,85.43,2
131.47,64.185,3.618,0.1549,0.0859,-177.36,-62.6,49.023,69.087,407.3,2
49.808,22.983,2.7536,0.321,0.1737,73.641,-41.794,-10.106,58.201,163.96,2
28.064,16.404,2.704,0.3477,0.1992,-7.8319,19.185,6.7399,45.783,117.55,2
133.37,53.276,3.3975,0.1413,0.0811,-73.609,137.6,-36.207,72.951,290.36,2
35.063,17.862,2.4183,0.4122,0.2271,-17.378,-30.444,9.7124,76.765,71.608,2
54.147,11.588,2.5172,0.3404,0.1839,10.686,44.061,6.7006,32.432,120.99,2
32.769,13.352,2.5943,0.3229,0.169,4.6168,-33.7,9.8317,13.241,73.014,2
21.106,13.37,2.4313,0.4805,0.2348,2.703,-9.5853,5.4504,67.413,142.28,2
94.052,61.88,3.3024,0.101,0.0671,-41.661,-28.346,4.6336,59.22,130.18,2
90.261,37.203,3.2436,0.1476,0.1019,-68.509,82.45,-31.78,13.791,282.24,2
75.166,39.993,3.6372,0.0956,0.038,42.86,39.495,13.474,12.879,63.537,2
40.126,27.954,3.0499,0.2081,0.102,-26.641,28.738,18.698,9.5306,206.28,2
101.66,19.734,3.4017,0.3248,0.1691,-19.326,-37.825,-17.065,6.6869,342.78,2
11.145,10.329,2.1558,0.7575,0.4058,11.284,16.073,5.2311,51.964,39.984,2
93.721,67.879,3.6193,0.2792,0.1253,-82.841,-93.619,-69.579,81.677,423.69,2
122.25,15.557,2.8,0.4216,0.2242,89.551,107.49,6.8662,1.7407,248.23,2
86.036,51.437,2.9047,0.2877,0.1476,-55.317,-33.673,-52.622,43.822,250.65,2
30.081,15.947,2.6964,0.3702,0.1962,17.937,25.375,8.7526,27.934,202.27,2
15.714,8.7197,2.5461,0.4806,0.2379,-34.83,1.7194,-8.6761,36.742,223.05,2
191.8,49.718,3.0006,0.2093,0.1225,146.21,143.61,31.622,44.349,245.42,2
134.11,43.802,3.3042,0.1718,0.089,-186.85,86.548,-22.712,21.212,346.3,2
47.077,12.545,2.6023,0.3294,0.1589,-21.001,-12.424,7.2036,26.905,221.79,2
38.735,18.885,2.7018,0.3372,0.2017,3.5231,14.477,7.8217,46.105,63.164,2
22.388,7.978,2.2882,0.6418,0.3604,-12.996,-4.4094,-3.988,84.361,191.42,2
81.459,32.13,3.0983,0.2943,0.2069,-50.094,59.001,16.275,4.8914,278.24,2
22.976,11.167,2.5099,0.5873,0.3539,5.3742,21.856,4.2171,16.234,211.03,2
11.682,10.625,2.2997,0.4638,0.2175,29.228,-1.5542,7.3632,64.683,82.863,2
103.95,52.246,2.7193,0.4103,0.2567,-84.264,-109.25,19.256,16.518,276.32,2
210.51,61.44,3.8251,0.0865,0.0488,-233.03,-150.68,-40.24,83.487,228.55,2
42.09,18.031,2.836,0.4697,0.2998,-38.44,-36.988,-13.597,26.524,205.6,2
19.232,0.206,2.2642,0.8132,0.5305,28.772,19.416,4.0325,15.844,196.18,2
88.4,23.276,2.7938,0.1929,0.1037,-134.15,41.839,18.023,41.124,127.66,2
47.891,10.034,2.9699,0.3676,0.2213,-5.722,30.279,-8.3912,53.102,102.93,2
79.169,31.753,3.1057,0.1854,0.0997,-26.458,-73.85,21.42,63.879,144.99,2
61.313,14.754,3.0019,0.2539,0.1439,-24.773,31.135,6.0504,89.276,225.69,2
141.42,39.288,3.6372,0.0712,0.0368,46.812,111.78,31.175,37.356,185.48,2
131.09,36.807,2.8841,0.2995,0.1637,-141.35,-81.233,-22.48,60.418,52.416,2
92.193,17,3.2119,0.3514,0.1608,48.632,85.996,-15.73,1.6033,305.66,2
86.722,68.36,3.8487,0.1561,0.0804,-87.188,-34.496,34.698,5.338,393.46,2
92.579,24.064,2.8258,0.3002,0.1576,-76.379,66.536,14.394,3.2744,157.39,2
24.777,12.363,2.5113,0.537,0.3217,-36.038,-20.331,-11.779,2.0901,89.993,2
32.664,23.808,2.7376,0.28,0.1418,27.496,-29.832,-13.8,62.627,151.78,2
103.05,28.296,3.0962,0.2965,0.151,-114.16,-77.29,-10.679,2.759,373.34,2
107.13,44.765,3.1324,0.1368,0.0796,-99.515,-32.26,-22.56,55.442,148.89,2
19.893,0,2.2,0.8013,0.5584,0,0,-7.2609,68.347,211.23,2
27.393,10.501,2.5551,0.4903,0.3162,13.13,4.9413,-9.3713,76.439,162.86,2
22.609,15.51,2.7878,0.4971,0.2828,14.795,17.767,5.0887,15.158,225.91,2
56.994,22.308,2.7493,0.3544,0.2235,33.419,48.917,-20.155,82.408,237.92,2
73.76,19.525,2.8557,0.1773,0.1032,-31.082,13.056,12.736,9.2372,132.04,2
123.13,28.565,2.7493,0.3259,0.1665,130.44,96.209,21.574,13.214,281.43,2
239.47,63.461,3.3129,0.1095,0.0539,-84.397,-256.07,-35.919,83.713,258.44,2
32.054,12.603,2.8089,0.3416,0.1747,-19.784,-8.8437,-8.4341,16.233,179.8,2
70.651,33.545,3.3092,0.1143,0.0601,-86.859,-47.406,-32.537,63.378,137.31,2
23.032,1.647,2.4553,0.6525,0.3761,10.575,-7.9269,13.792,34.812,152.83,2
16.898,10.872,2.2227,0.6347,0.3982,-1.5328,5.4024,7.8275,9.037,183.67,2
18.826,14.197,2.6298,0.4629,0.2616,20.421,14.759,10.03,15.289,146.46,2
31.679,10.259,2.757,0.4479,0.2336,12.218,22.568,-7.2179,64.54,223.39,2
49.711,18.54,2.954,0.2317,0.1265,46.615,33.722,14.499,38.029,183.97,2
43.915,9.9895,2.667,0.4349,0.2422,25.438,31.8,6.3155,32.839,101.69,2
29.904,19.568,2.5257,0.2742,0.1416,-32.357,22.381,-3.7625,85.434,148.34,2
82.714,61.622,3.5723,0.2611,0.1759,8.4824,-65.119,44.226,24.869,315.89,2
20.004,7.3071,2.4175,0.7457,0.3996,2.7539,-9.8912,5.25,31.55,96.794,2
58.918,13.794,3.0137,0.2316,0.1296,39.617,42.48,9.5461,52.866,246.71,2
134.2,36.914,3.6535,0.0919,0.0492,-226.74,-89.232,11.062,21.196,164.32,2
155.68,86.743,3.7086,0.1152,0.0613,97.918,-147.47,57.294,89.028,331.55,2
79.087,19.021,2.6585,0.4338,0.2562,-44.85,-58.78,-8.4784,25.462,308.07,2
94.519,53.525,3.4195,0.2801,0.1463,21.13,-51.157,46.369,52.624,363.03,2
150,20.327,2.785,0.4167,0.2535,128.74,96.484,-14.222,12.27,73.912,2
29.683,11.267,2.2132,0.5966,0.3305,9.4322,5.224,-5.6215,57.689,211.7,2
41.066,9.2465,2.281,0.6073,0.3272,27.533,19.761,6.7821,2.123,79.133,2
42.389,9.4983,2.8021,0.4117,0.2579,7.8464,27.117,-5.3561,28.478,245.44,2
19.275,8.455,2.6658,0.4793,0.252,17.268,6.1012,4.5504,35.436,215.05,2
19.232,9.98,2.1987,0.557,0.3259,-23.514,-10.28,-2.8422,64.379,66.145,2
25.547,9.4973,2.4322,0.5434,0.2976,7.2206,-6.477,2.7766,63.086,243.5,2
96.352,61.718,3.616,0.2067,0.1101,-92.44,-88.555,55.109,63.144,289.87,2
56.484,13.139,2.944,0.347,0.2235,12.816,39.975,12.685,51.614,139.64,2
126.57,43.562,3.2807,0.1298,0.0799,-3.1643,66.305,44.573,45.458,88.457,2
25.443,6.611,2.5105,0.679,0.3627,-7.4657,11.079,-7.4821,46.22,47.382,2
30.05,11.318,2.3133,0.3851,0.2222,-18.231,-6.6878,7.9853,30.314,202.63,2
170.36,37.068,3.2147,0.2781,0.1412,-179.05,-129.57,29.476,63.805,321.64,2
65.108,43.802,2.8017,0.2288,0.1534,-15.739,44.3,41.783,31.613,107.14,2
21.464,15.602,2.7746,0.4275,0.2317,23.879,16.708,9.193,8.2347,113.94,2
13.015,11.207,2.1189,0.7529,0.3764,6.4212,11.817,0,52.861,225.8,2
73.955,10.378,2.989,0.2873,0.1523,32.365,43.239,-7.2973,33.041,176.77,2
32.479,21.382,2.6299,0.2907,0.163,-28.003,-8.3331,-18.944,67.662,71.379,2
57.949,48.136,3.8048,0.1918,0.1176,-19.791,-73.667,46.988,82.434,295.21,2
18.48,9.5053,2.4265,0.6742,0.4476,18.208,14.696,-4.3474,35.164,240.94,2
214.97,52.894,3.9427,0.0973,0.0508,-113.14,-243.28,19.17,15.693,216.93,2
137.88,73.025,2.7955,0.2274,0.1193,-213.9,129.21,73.154,75.489,256.44,2
157.61,57.059,3.915,0.0737,0.0381,-26.928,129.47,49.255,67.313,279.26,2
44.846,16.673,2.8686,0.2666,0.1536,-17.092,14.317,-10.92,81.119,151.99,2
19.564,12.489,2.4882,0.447,0.2878,10.51,6.5262,-16.856,13.033,154.58,2
67.476,17.458,3.1604,0.1943,0.1045,-27.685,-41.721,-13.315,89.203,150.11,2
196.47,33.347,3.032,0.2387,0.1491,-178.55,-95.24,-29.709,25.071,171.56,2
24.862,10.91,2.3589,0.4989,0.2516,7.1814,19.789,-4.7764,11.001,153.53,2
25.468,12.839,2.6393,0.4709,0.2855,32.72,23.652,3.3217,26.477,196.82,2
71.606,23.582,2.9673,0.3623,0.2032,-81.653,39.909,23.379,50.857,119.19,2
195.08,84.439,3.431,0.1805,0.1055,-161.7,-150.66,70.18,33.768,222.85,2
16.192,1.2858,2.6116,0.5179,0.3241,1.6414,11.134,-11.079,43.764,235.5,2
242.63,48.085,3.9494,0.1229,0.063,-224.88,-243.15,-33.269,28.107,269.36,2
29.14,22.448,2.5193,0.311,0.1903,-15.086,-28.303,17.601,8.2104,97.796,2
58.216,29.512,3.4323,0.3034,0.2005,-30.638,-8.306,19.053,18.485,295.99,2
18.857,12.373,2.6488,0.5544,0.2884,22.108,15.032,-10.529,16.73,182.22,2
27.937,10.333,2.6644,0.3456,0.185,-40.93,14.529,0.2049,72.842,221.01,2
196.62,35.48,2.7415,0.5458,0.2928,-165.24,-129.69,18.637,53.798,328.56,2
18.479,12.337,2.4962,0.6029,0.3365,-4.3071,13.423,8.8589,17.024,200.89,2
98.846,87.002,4.2892,0.0748,0.0372,21.783,82.852,-62.651,85.84,245.5,2
96.195,22.625,2.9131,0.1736,0.113,-110.44,54.241,-11.043,52.884,97.42,2
46.297,10.499,2.7885,0.4475,0.2498,34.635,39.138,-8.4438,32.459,185.28,2
142.15,103.15,3.7962,0.1492,0.0754,-196.23,38.882,-37.253,51.603,355.89,2
120.64,61.36,3.1862,0.1768,0.0845,24.564,-75.684,-42.455,85.732,220.05,2
24.638,0,2.2844,0.7481,0.4701,0,0,-18.478,70.089,152.57,2
58.815,14.087,3.0086,0.2284,0.1172,-33.232,47.767,-13.467,81.157,233.28,2
124.42,18.892,2.856,0.2124,0.1135,-39.038,-154.97,-7.9943,31.361,129.8,2
20.808,9.3088,2.6748,0.4992,0.2626,5.2542,-13.476,6.9704,17.316,233.06,2
30.386,20.39,3.4251,0.3263,0.1895,25.075,40.931,-15.288,66.82,148.89,2
27.549,6.6931,2.4914,0.6419,0.3855,12.899,14.411,5.2811,13.968,207.4,2
38.764,20.022,2.6279,0.2921,0.1543,-49.935,-21.701,-13.092,19.78,136.97,2
112.65,17.655,2.8956,0.2791,0.1377,38.091,125.78,-15.115,2.7435,206.12,2
21.963,9.5128,2.248,0.6045,0.3192,-4.9598,16.687,10.773,53.376,263.9,2
43.709,8.7507,2.8748,0.4003,0.2168,-33.06,26.889,9.1627,44.449,131.22,2
26.041,15.271,2.702,0.4786,0.2592,22.029,22.199,12.814,59.637,132.01,2
38.691,19.213,2.781,0.3361,0.1697,33.059,22.131,12.999,20.12,264.53,2
24.059,17.411,2.4901,0.4653,0.289,23.931,26.738,16.782,60.298,189.37,2
62.542,14.481,2.8535,0.288,0.1557,-77.861,23.359,12.959,88.427,248.4,2
194.17,70.536,3.4461,0.1192,0.0693,-165.08,139.54,-65.754,51.668,182.82,2
156.19,98.93,4.5943,0.0442,0.0245,6.5042,-44.117,-88.796,70.078,298.59,2
188.28,84.156,3.7625,0.0846,0.0501,-213.39,-104.5,48.956,89.821,344.01,2
78.335,21.168,2.7945,0.3547,0.1934,59.581,83.577,-7.8714,11.881,233.19,2
61.209,14.9,2.8794,0.4739,0.2673,-33.04,-46.375,14.368,54.435,147.36,2
34.513,21.65,2.9378,0.2793,0.1598,-22.384,-30.316,-13.125,36.703,62.786,2
47.912,5.1224,2.9235,0.4508,0.2606,-7.9216,-21.51,-7.5321,60.303,147.29,2
15.702,12.233,2.528,0.6525,0.3579,16.381,6.333,-4.6724,30.88,212.24,2
18.287,10.467,2.4346,0.5846,0.318,22.738,10.303,-4.2936,46.795,225.26,2
22.384,11.658,2.5933,0.6224,0.3533,17.347,15.347,11.432,40.03,252.74,2
17.9,10.323,2.3766,0.7143,0.4433,-7.1192,14.674,-5.4557,71.226,110.13,2
22.182,8.6884,2.5738,0.5376,0.3048,-13.618,1.1238,1.7893,23.854,188.11,2
98.212,88.303,3.7016,0.1658,0.0862,83.315,83.096,62.628,53.102,392.14,2
25.059,19.071,2.8189,0.302,0.1555,-6.1456,10.95,-8.2602,56.591,167.44,2
27.712,2.2078,2.3803,0.8141,0.4716,-16.732,20.21,-1.1527,53.078,190.64,2
189.13,17.687,2.5966,0.4734,0.2848,128.58,162.21,6.6312,8.699,205.29,2
22.577,0,2.2292,0.7198,0.4336,-0.177,4.811,0,49.162,137.36,2
119.42,10.897,2.7029,0.4896,0.2884,-89.212,-83.012,-6.2988,24.863,302.94,2
56.688,7.2554,2.8804,0.2991,0.1687,42.938,21.81,9.4228,41.769,119.95,2
33.216,18.437,2.7427,0.3617,0.2486,29.519,30.727,12.042,54.142,249.58,2
83.92,13.374,3.1342,0.2105,0.1175,17.303,15.051,-9.1687,82.868,158.65,2
40.941,15.843,2.7129,0.2979,0.1543,48.375,34.945,8.769,56.433,202.9,2
14.805,11.912,2.6637,0.6508,0.3894,5.5102,4.8126,8.3512,7.736,244.98,2
18.648,16.221,2.6031,0.5486,0.2905,-12.974,9.2782,9.3508,39.132,44.902,2
111.37,43.233,3.5877,0.2574,0.1405,8.0994,-113.26,27.142,8.486,372.95,2
83.957,30.193,2.7654,0.3561,0.2168,65.479,76.965,-19.495,81.213,123.88,2
112.78,24.592,3.2824,0.1398,0.0704,44.603,24.656,13.86,79.735,255.66,2
159.22,56.779,3.4059,0.2129,0.1345,-151.94,-113,52.264,54.941,265.83,2
24.56,10.091,2.3646,0.5313,0.3218,-6.9375,-18.286,8.0077,77.663,265.62,2
23.096,17.297,2.5315,0.4002,0.2217,-37.407,-11.619,-12.743,69.301,156.18,2
18.595,10.045,2.3563,0.5466,0.3201,20.23,22.374,-9.4327,58.202,192.15,2
36.552,8.3967,2.5119,0.5538,0.3246,43.132,19.979,-5.0635,2.534,173.63,2
46.351,18.077,3.0999,0.242,0.1448,5.7083,-47.216,-14.155,67.316,234.06,2
22.243,10.853,2.5321,0.6432,0.3627,23.677,14.986,-7.2004,80.358,253.2,2
36.343,9.2414,2.7926,0.3956,0.2214,25.319,23.23,9.2156,32.58,186.07,2
74.837,64.325,3.4831,0.3005,0.1757,6.0804,-57.029,62.777,9.532,339.73,2
18.077,4.9075,2.3023,0.7805,0.4709,-7.9265,7.482,1.4929,22.104,57.87,2
52.577,25.182,2.7124,0.542,0.3845,-40.875,-18.801,-20.608,10.297,299.25,2
123.75,88.021,3.4831,0.2012,0.0985,48.11,79.966,-103.9,44.406,301.39,2
141.57,29.016,2.9039,0.3943,0.2027,-165.17,58.183,-22.02,51.432,246.99,2
87.334,58.535,3.8619,0.1653,0.1011,-96.745,-57.552,-31.92,1.1715,387.71,2
131.91,40.049,3.3995,0.1606,0.0867,-131.71,-62.343,36.92,31.124,276.3,2
164.76,58.429,3.4741,0.2497,0.1277,-111.75,-125.99,42.055,4.9415,322.53,2
174.18,63.209,3.4856,0.1598,0.107,-213.41,-157.98,-55.072,5.3315,267.2,2
124.65,77.122,4.2303,0.0886,0.0443,-45.528,102.71,45.792,68.704,372.23,2
73.769,10.677,3.1317,0.2182,0.1158,39.724,56.231,11.769,25.273,170.24,2
24.389,9.4478,2.5242,0.5639,0.3334,-31.309,-20.085,-8.8221,62.701,164.9,2
103.56,36.598,2.8866,0.3965,0.2306,-52.835,-112.39,-10.292,50.615,266.41,2
19.012,11.661,2.4311,0.5961,0.3535,-27.086,-15.104,10.103,14.923,69.274,2
80.174,57.385,3.2743,0.1601,0.0853,104.84,48.67,-46.76,29.038,254.3,2
31.531,19.078,2.5934,0.3967,0.2105,4.8405,-19.678,-5.0824,4.3498,173.03,2
26.276,8.9079,2.7999,0.5205,0.2757,12.975,14.544,-2.9468,7.3189,236.37,2
57.97,27.934,2.8505,0.2944,0.1669,-103.83,59.839,10.834,8.2156,268.86,2
108.83,26.405,2.8694,0.2847,0.1531,69.552,116.12,-14.475,44.04,305.43,2
29.557,8.3588,2.4612,0.5121,0.2591,9.4232,24.902,3.6607,46.195,102.25,2
171.67,61.148,3.4222,0.1139,0.0611,45.538,103.03,57.915,35.658,91.891,2
69.33,23.699,3.3637,0.1189,0.0631,73.001,60.937,-6.9337,56.693,268.91,2
179.59,60.292,3.457,0.2175,0.1143,11.996,-125.77,59.624,32.456,310.55,2
14.852,2.0429,2.1337,0.541,0.2904,1.6685,-7.633,0.9916,44.247,238,2
159.01,92.257,3.3439,0.2028,0.1361,209.72,-70.741,77.518,63.536,326.15,2
20.604,8.0127,2.4728,0.6869,0.436,3.4746,-13.616,10.386,35.442,83.715,2
170.3,137.2,4.8252,0.0188,0.0103,-167,-114.43,-78.746,58.48,223.38,2
26.761,11.212,2.4851,0.4228,0.2448,-4.2911,-20.797,-9.3412,53.097,98.431,2
29.366,17.68,2.7328,0.3108,0.1582,8.0455,20.159,5.8608,52.99,214.79,2
19.813,12.136,2.6799,0.6813,0.4127,18.918,18.012,-9.4902,20.69,227.72,2
47.937,7.3824,2.4778,0.5025,0.2978,-33.8,-32.868,1.2844,4.5181,148.04,2
26.293,8.9525,2.6199,0.4901,0.267,7.0096,17.895,7.1224,54.79,154.53,2
19.706,16.306,2.5353,0.5673,0.4009,-5.8563,-8.7164,8.7247,68.85,58.388,2
230.58,58.389,3.2865,0.2689,0.1528,-258.4,76.783,-33.707,13.883,131.13,2
49.4,36.207,3.0848,0.1974,0.1024,-64.532,-34.781,-31.949,49.26,297.63,2
35.496,26.049,2.8122,0.2943,0.1595,17.043,22.525,7.0038,72.543,269.36,2
85.309,18.463,3.0304,0.2631,0.1165,-65.896,34.676,-10.294,4.4581,34.719,2
69.726,14.84,3.1906,0.2659,0.1549,-82.474,49.171,-12.235,22.17,303.2,2
161.29,58.657,3.6,0.0956,0.0371,68.009,179.75,-51.512,48.644,121.37,2
25.249,17.224,2.6739,0.447,0.2617,17.416,18.186,12.646,2.9235,124.76,2
67.218,24.577,2.7566,0.3327,0.1708,48.641,62.163,-18.203,45.402,243.63,2
149.17,23.183,3.1913,0.1687,0.0911,-108.61,64.078,-6.1224,26.74,242.44,2
27.575,9.1894,2.4822,0.5371,0.3081,7.1629,20.171,-8.2695,46.481,238.79,2
168.07,78.902,3.5081,0.2328,0.1277,-34.075,-107.99,-49.946,66.182,320.59,2
132.3,31.287,3.1882,0.1925,0.1066,45.115,168.54,-15.867,7.886,22.572,2
100.16,9.2877,2.3345,0.6481,0.4421,-112.05,59.485,8.4801,36.432,289.79,2
90.586,59.856,3.8122,0.0925,0.0141,-24.141,50.479,28.432,73.962,167.17,2
62.36,21.695,3.1739,0.3087,0.2041,-45.341,52.102,22.59,36.988,274.74,2
31.412,22.408,2.9469,0.2915,0.1701,23.057,-7.4329,5.8207,80.865,260.66,2
18.424,11.017,2.2739,0.5471,0.3436,-23.215,-8.4396,4.2005,80.64,255.16,2
44.975,19.549,3.1449,0.2385,0.1357,27.211,38.732,14.053,52.673,257.64,2
184.56,45.836,3.1955,0.3381,0.1972,-98.354,-184.02,30.134,31.081,313.27,2
12.304,11.597,2.5923,0.5306,0.332,30.568,17.174,12.08,5.0091,183.4,2
113.85,62.317,3.3555,0.2258,0.1378,-127.4,-104.47,-11.59,46.634,345.81,2
178.29,97.232,3.464,0.0845,0.067,-124.11,-69.623,91.542,82.965,245.07,2
13.013,11.142,2.0917,0.753,0.417,14.695,-5.8546,11.252,56.194,171.35,2
179.25,56.34,3.1092,0.1647,0.1036,-43.931,66.859,44.581,6.8589,70.281,2
96.102,63.902,3.1777,0.1886,0.096,92.099,65.362,-55.579,58.37,145.04,2
18.186,14.116,2.3829,0.5756,0.3458,7.6399,-16.079,-5.9486,83.532,210.05,2
13.102,5.7631,2.4018,0.5479,0.279,28.406,18.397,10.696,23.466,197.29,2
24.694,19.937,2.9004,0.3607,0.2212,-7.4046,25.438,-5.8472,83.386,171.27,2
37.179,8.0884,2.5806,0.5525,0.2849,6.7444,8.0017,-8.9998,58.245,136,2
22.954,12.725,2.5441,0.4657,0.2557,7.511,14.192,-4.1941,19.42,141.53,2
24.435,7.6651,2.4064,0.4849,0.3092,10.989,7.4472,7.9101,20.923,229.45,2
51.418,10.803,3.0226,0.3066,0.1647,61.316,37.562,7.9157,7.107,269.88,2
142.74,92.838,4.0558,0.0979,0.0527,-173.8,-78.194,65.967,51.703,367.57,2
23.165,16.324,2.6893,0.4438,0.2832,-19.929,3.7574,12.97,12.968,243.85,2
45.466,13.482,2.4412,0.5659,0.2899,45.627,-1.2784,4.732,28.52,147.31,2
130.76,77.669,3.3468,0.1611,0.0839,192.36,-99.132,67.865,53.774,86.41,2
192.85,75.994,3.4438,0.1231,0.0646,-202.95,-115.87,72.887,60.596,191.37,2
66.779,16.331,2.5807,0.3774,0.2363,-46.931,-46.895,-7.5701,24.948,83.18,2
84.213,20.741,2.7437,0.3464,0.1775,-74.525,-52.946,13.831,54.175,106.6,2
25.319,15.957,2.636,0.4347,0.2208,22.796,21.709,12.313,2.3,140.02,2
21.046,12.892,2.3355,0.4896,0.2564,11.186,12.237,7.797,17.579,187.8,2
59.107,29.767,3.4645,0.1681,0.0702,-73.002,-36.723,22.069,60.48,241.5,2
14.534,14.263,2.4436,0.6164,0.3491,-2.6279,6.6097,14.14,18.952,201.3,2
73.786,30.816,2.941,0.2314,0.1277,-58.711,-70.401,15.395,36.691,101.35,2
15.718,7.1269,2.3419,0.6523,0.3406,9.8528,-8.6536,-7.2641,76.703,128.89,2
63.698,17.691,2.6274,0.4835,0.2889,29.694,68.441,14.791,82.18,222.27,2
108.61,47.999,3.5237,0.159,0.09,-9.5206,-95.68,-16.17,17.233,341.99,2
137.75,109.31,3.4399,0.1535,0.0724,40.343,-137.83,-135.51,80.141,223.77,2
52.051,30.932,2.8497,0.2914,0.167,55.13,46.781,-25.127,17.898,289.09,2
51.008,15.861,2.7288,0.3119,0.1914,-16.461,-26.849,5.8411,70.839,218.16,2
58.376,52.601,3.1552,0.2506,0.1422,20.181,-59.474,56.049,22.683,6.564,2
22.587,11.666,2.3883,0.6104,0.3764,5.8293,12.68,-2.6908,28.964,253.61,2
13.948,11.932,2.4082,0.7109,0.4941,-1.7021,-6.3541,9.8194,65.67,148.23,2
50.977,10.391,2.8814,0.3469,0.182,-21.638,-23.547,-6.7332,39.666,192.85,2
29.113,11.805,2.5833,0.3906,0.239,1.0719,12.573,-10.79,61.233,101.95,2
58.983,34.728,3.5862,0.1673,0.0838,27.582,48.158,18.614,16.836,219.02,2
91.736,20.969,3.0658,0.2101,0.1195,-53.645,65.271,10.756,9.7456,311.35,2
33.335,13.568,2.659,0.3706,0.2204,14.597,27.85,8.6334,66.199,79.908,2
243.23,96.637,3.7522,0.1783,0.0963,-92.594,-256.06,78.145,45.541,229.64,2
15.192,0.9938,2.1689,0.6914,0.3643,23.152,8.7319,-5.9245,59.124,111.01,2
44.854,8.0729,2.4857,0.4085,0.2435,16.544,26.483,4.4635,6.4971,214.21,2
36.898,17.889,2.8039,0.2514,0.1378,-24.277,-22.584,-11.991,73.387,213.93,2
13.793,9.3686,2.4208,0.8463,0.4383,14.613,4.8925,11.639,83.785,160.54,2
31.482,9.0996,2.7332,0.5379,0.3022,-15.781,-21.156,5.5987,40.707,94.582,2
136.89,72.383,4.1066,0.1074,0.0578,38.534,-81.624,65.675,81.549,404.95,2
61.047,12.49,2.8023,0.3687,0.215,49.853,51.205,-17.055,43.019,180.6,2
26.297,12.331,2.5641,0.5593,0.3342,-7.2251,-15.902,12.928,82.153,57.864,2
31.301,6.9728,2.7675,0.5226,0.2741,11.228,19.051,9.592,4.3556,161.4,2
29.584,24.22,2.7604,0.2907,0.1623,-24.57,-26.379,-14.591,26.512,224.8,2
197.96,67.427,3.629,0.1606,0.0656,-40.361,41.006,-61.756,60.324,297.82,2
48.106,43.278,3.462,0.09,0.0714,3.5902,-34.402,31.116,20.813,136.08,2
25.929,6.0402,2.6985,0.6226,0.3644,6.6192,19.415,8.1182,68.62,66.845,2
34.723,13.363,2.6191,0.4639,0.2368,-43.193,13.56,-5.3328,42.666,130.75,2
19.082,7.7348,2.2013,0.5091,0.2665,-31.85,-4.2505,-0.2151,2.0669,81.218,2
73.289,21.459,3.0646,0.2081,0.1063,-72.848,-25.115,12.634,51.232,308.83,2
25.475,16.725,2.4829,0.5066,0.3174,-7.8774,-19.342,-14.353,47.295,156.58,2
23.916,13.885,2.1261,0.5698,0.2758,-8.0788,-17.245,-6.6839,87.701,191.01,2
65.78,13.352,2.8311,0.3729,0.2381,-59.351,-59.623,-9.96,52.997,199.92,2
21.437,9.7783,2.2304,0.6353,0.3324,22.305,18.113,-11.171,35.339,229.7,2
144.65,60.913,4.0965,0.12,0.0582,91.275,107.02,-36.785,86.24,395.82,2
103.6,20.431,3.102,0.1693,0.0843,-70.38,-54.505,4.9712,40.971,73.325,2
22.036,18.302,2.6848,0.3678,0.2566,-0.4579,16.162,10.346,15.887,244.33,2
18.434,17.872,2.3847,0.4866,0.2701,-15.704,-16.517,-12.231,71.073,158.7,2
14.851,14.736,2.4262,0.4417,0.2028,20.056,13.374,6.5292,18.046,94.379,2
16.918,9.7218,2.444,0.7662,0.4155,7.4157,-9.1341,8.7334,8.235,195.87,2
200.7,117.43,4.4334,0.0723,0.002,-105.4,-216.38,-71.983,45.094,289.05,2
202.28,41.457,3.1278,0.3454,0.2033,-238.33,149.31,-31.701,22.895,217.17,2
48.275,13.654,2.5092,0.3994,0.209,-18.688,-20.891,-10.364,45.919,133.37,2
205.82,79.635,3.5672,0.1479,0.0773,-105.78,-114.62,-83.036,40.808,263.85,2
33.653,9.2823,2.7536,0.5176,0.2579,16.747,17.882,-9.0987,0.1516,154.32,2
21.417,10.862,2.2504,0.5562,0.2949,-21.892,-18.919,-10.32,84.319,136.65,2
68.572,16.381,2.8271,0.2285,0.1852,-35.57,-43.332,12.947,13.763,135.11,2
22.651,17.175,2.6735,0.4645,0.2534,7.4406,-9.902,7.5273,39.676,207.25,2
66.317,37.194,3.0145,0.3259,0.1678,-88.157,44.553,25.362,4.738,274.44,2
84.075,26.536,3.2948,0.1298,0.0595,79.334,64.826,-13.22,35.6,183.42,2
40.84,9.1219,2.6844,0.3516,0.1892,29.987,28.666,6.1302,54.936,237.82,2
17.494,10.465,2.5955,0.6447,0.3744,19.795,12,-5.0471,62.094,218.8,2
34.593,9.9816,2.6123,0.464,0.2576,-15.601,-29.876,10.806,67.593,227.79,2
55.092,11.29,2.9302,0.3699,0.2237,47.052,51.141,6.8991,21.211,228.04,2
15.342,11.524,2.3357,0.8309,0.5495,25.015,2.9592,-9.537,63.928,236.43,2
104.81,61.106,3.3633,0.2395,0.1245,-104.43,-115.35,-29.941,3.5086,437.48,2
78.418,33.072,3.3172,0.11,0.0686,-22.236,54.133,29.654,86.751,157.32,2
183.01,67.135,3.9101,0.0776,0.0456,-182.93,111.72,16.101,14.685,184.56,2
29.557,9.7677,2.6609,0.4943,0.245,23.627,15.056,-13.816,25.381,121.85,2
165.31,77.512,3.8783,0.0825,0.0478,-108.09,100.87,63.304,34.067,240.6,2
19.503,8.3665,2.5115,0.7022,0.5201,9.1494,15.123,3.8477,54.356,176.57,2
134.18,78.863,3.3328,0.1777,0.0936,108.31,144.88,44.62,72.638,363.11,2
211.87,57.738,3.1707,0.227,0.0905,70.568,238.32,-37.908,65.225,109.41,2
164.29,72.605,2.7509,0.3066,0.1572,-231.6,156.24,67.088,8.7457,244.74,2
102.11,19.221,3.2537,0.3256,0.1921,-43.806,84.726,16.397,3.9345,285.46,2
17.048,9.9629,2.4085,0.5473,0.2879,-3.5455,15.693,5.4976,42.361,72.722,2
149.96,87.862,3.5358,0.1327,0.0727,169.98,103.35,37.974,88,254.02,2
21.352,17.042,2.4411,0.5366,0.2974,18.956,20.615,7.8975,79.06,181.78,2
126.53,22.7,2.5315,0.4794,0.2691,-83.187,-121.59,27.937,49.284,369.37,2
36.045,17.191,2.4764,0.3539,0.1953,2.1024,27.407,12.621,60.168,217.65,2
227.09,82.279,3.5786,0.1272,0.0664,-217.33,-101.41,-74.429,47.572,156.77,2
20.156,6.4587,2.2317,0.8152,0.5308,-17.347,-17.09,-5.4398,76.681,71.302,2
158.32,39.213,3.7778,0.1924,0.0832,-86.523,-173.96,24.561,54.02,337.3,2
20.987,6.7827,2.1021,0.7589,0.4545,-20.687,-14.96,6.0845,31.425,70.299,2
58.583,34.831,3.0607,0.307,0.1691,48.888,50.704,24.438,16.798,239.92,2
71.562,11.546,2.8903,0.2979,0.1566,-18.76,15.003,10.396,86.999,129.84,2
108.84,27.697,3.3677,0.2469,0.1419,-112.01,75.748,-22.655,25.867,322.35,2
32.942,8.9781,2.6385,0.446,0.2402,16.576,23.162,-6.9911,12.29,193.35,2
30.505,13.884,2.7668,0.3323,0.185,-14.806,32.231,10.948,28.4,260.47,2
15.955,10.136,2.2355,0.761,0.504,1.1938,6.9677,9.2342,3.7232,122.22,2
178.86,83.43,3.5877,0.1799,0.1009,174.53,119.45,-32.99,85.758,320.93,2
72.941,18.826,2.8856,0.1768,0.0869,-17.415,-91.684,-17.269,86.543,168.74,2
14.482,9.7655,2.76,0.6282,0.3607,-15.604,13.116,6.9745,42.729,70.415,2
29.884,10.969,2.5315,0.4735,0.2544,-19.22,13.954,-11.867,13.653,88.01,2
20.116,13.891,2.6715,0.5247,0.2794,5.5029,12.408,7.3624,17.529,92.687,2
39.846,13.061,2.5575,0.3463,0.1787,-47.852,-6.6113,9.7985,67.889,49.573,2
63.622,19.879,2.8562,0.2639,0.1417,-50.101,-40.162,10.902,18.451,174.65,2
162.88,112.27,3.0987,0.2981,0.2104,-120.42,-148.95,121.86,15.852,350.37,2
24.595,11.136,2.6149,0.5291,0.2973,15.523,-12.734,10.127,46.742,114.24,2
116.47,71.971,4.1437,0.0961,0.0424,1.0947,67.947,-69.06,60.362,230.96,2
43.409,20.648,2.7128,0.3551,0.2338,-2.9891,37.826,8.1397,3.7211,241.6,2
22.078,14.928,2.5611,0.4203,0.2266,26.056,9.8719,1.0923,24.043,245.95,2
19.196,7.2453,2.6031,0.7656,0.6172,13.805,19.167,-1.4198,29.258,251.85,2
25.579,15.468,2.6991,0.4788,0.2987,14.802,9.7072,-1.7586,80.476,212.23,2
19.145,7.4634,2.0774,0.7448,0.4561,1.0256,-6.0897,4.1276,59.788,215.37,2
29.194,12.944,2.5897,0.661,0.4335,4.1711,-19.593,12.527,85.701,219.27,2
34.556,15.265,2.6753,0.2957,0.151,45.822,22.804,-8.1748,52.964,221.01,2
74.306,10.837,3.0143,0.239,0.1243,-27.299,28.348,9.5231,17.416,212.87,2
74.091,23.138,3.066,0.2526,0.1349,43.565,70.042,10.77,2.0336,250.1,2
37.736,9.6408,2.7889,0.4309,0.2171,-43.53,-5.5258,-3.052,1.7976,218.11,2
12.265,8.0944,2.2553,0.8311,0.4592,-18.712,16.428,0.3487,83.602,141.53,2
154.96,96.21,4.3957,0.056,0.0293,-176.68,-149.64,-87.221,89.841,280.25,2
79.674,26.299,2.9622,0.2983,0.2071,-65.501,-36.682,-25.335,26.298,343.86,2
72.58,40.683,3.0197,0.279,0.1715,-69.491,59.882,-22.704,8.304,262.49,2
195.95,143.47,4.6964,0.0316,0.016,-197.95,-208.8,124.62,23.215,236.93,2
147.88,64.16,3.549,0.1413,0.0647,-221.66,-87.657,-60.169,18.113,324.35,2
54.988,12.604,2.8918,0.313,0.161,53.034,43.614,8.5816,33.104,238.16,2
29.253,10.804,2.5822,0.3782,0.2572,-12.958,20.926,7.3498,71.185,200.52,2
17.424,10.842,2.3946,0.5943,0.3525,-10.882,7.3152,2.3674,18.982,160.95,2
58.038,13.673,2.905,0.2638,0.1437,51.805,38.842,6.6876,76.115,78.822,2
41.184,20.439,2.5752,0.3777,0.2487,-45.344,10.555,3.5357,34.257,175.04,2
33.387,9.1907,2.7792,0.542,0.3333,28.612,28.477,-4.3266,50.444,144.83,2
78.674,48.745,3.216,0.1088,0.0569,18.538,18.825,-38.534,1.7904,138.31,2
35.897,11.944,2.5392,0.4797,0.3101,-5.8405,-15.55,1.4599,74.608,126.16,2
34.023,17.575,2.8975,0.3957,0.2877,15.471,1.7587,8.4721,45.038,231.72,2
25.808,10.151,2.3395,0.4485,0.2357,6.7499,18.648,6.708,13.996,152.66,2
88.224,71.804,3.4467,0.1684,0.1072,-16.622,74.955,35.006,53.846,350.88,2
22.89,18.19,2.6146,0.4926,0.2921,31.48,30.724,11.95,67.012,211.37,2
121.18,89.347,3.8421,0.1048,0.042,-100.28,-54.434,-67.946,26.032,273.32,2
33.523,18.762,2.9574,0.3817,0.1947,31.975,19.96,-23.641,8.4862,239.16,2
46.797,42.068,2.8785,0.3426,0.1766,-22.875,-29.712,15.315,40.197,309.72,2
15.437,8.4954,2.2243,0.622,0.3493,-4.9071,13.491,-7.9504,36.621,177.45,2
13.146,10.549,2.1861,0.7818,0.4788,-13.389,-4.7839,10.609,15.966,142.35,2
81.786,17.919,3.1326,0.2864,0.1391,-93.567,47.966,13.148,63.938,276.71,2
143.39,37.522,3.4379,0.1842,0.1053,-81.705,-38.737,-34.461,15.845,262.74,2
47.021,10.47,2.7193,0.5095,0.3502,26.276,45.698,7.2644,16.52,203.93,2
82.034,17.693,3.0592,0.336,0.1715,-52.765,64.13,12.144,25.745,317.29,2
86.253,26.732,2.9566,0.4077,0.2127,50.737,89.93,18.314,76.642,234.95,2
28.059,11.366,2.6604,0.4765,0.294,-1.4959,23.044,-8.6911,24.49,139.38,2
106.95,91.605,3.6199,0.1982,0.1136,-181.14,87.747,-73.572,75.599,428.41,2
41.813,10.946,2.8612,0.3909,0.2182,31.624,18.71,-4.8886,40.467,209.87,2
128.24,86.601,3.8933,0.0439,0.0398,-10.262,-54.005,57.238,72.338,354.44,2
49.144,18.172,2.9307,0.1709,0.1038,-65.575,37.61,-9.7183,80.828,161.34,2
38.935,10.413,2.7202,0.4267,0.2352,23.984,29.41,-2.6277,17.493,179.46,2
24.002,11.544,2.3572,0.5516,0.3571,1.5807,-5.1194,-6.7626,75.785,98.348,2
24.17,15.359,2.4533,0.412,0.2236,33.818,11.843,10.764,67.306,196.75,2
108.67,71.651,3.1803,0.1677,0.0895,-168.87,113.66,51.037,53.864,315.59,2
21.566,9.7282,2.6457,0.4539,0.2263,-13.522,8.9551,0.0972,88.525,129.07,2
189.73,112.78,3.3088,0.1978,0.0834,-155.65,-153.58,-112.94,31.168,198.61,2
99.017,17.171,2.5647,0.4659,0.2738,-135.24,77.372,-11.528,56.435,263.87,2
21.481,6.7982,2.0663,0.721,0.4249,22.352,13.551,-6.412,38.666,98.24,2
190.24,57.258,3.7582,0.0471,0.024,-187.26,-123.52,48.97,22.017,140.84,2
173.69,49.758,2.9547,0.4617,0.2802,-110.84,-177.71,-17.138,18.437,310.84,2
36.234,10.288,2.6862,0.4737,0.31,24.873,22.621,7.4428,61.709,225.51,2
85.31,58.456,3.7029,0.1788,0.1063,-95.087,-50.314,33.791,44.295,280.97,2
95.519,17.076,2.9713,0.2019,0.102,85.182,105.85,-14.407,81.572,223.04,2
33.911,14.84,2.38,0.4109,0.184,-27.331,19.631,10.048,82.17,239.68,2
18.444,17.093,2.4914,0.4742,0.2694,13.585,13.976,-14.399,53.036,167.76,2
113.85,23.581,2.8476,0.473,0.2834,-82.881,-90.766,14.644,18.826,326.65,2
17.877,10.499,2.3284,0.6338,0.3169,-22.372,-10.087,-6.2975,42.536,210.23,2
93.736,45.518,2.9242,0.3236,0.1781,-79.02,-52.597,43.913,50.059,153.46,2
167.15,69.85,4.1517,0.13,0.0629,-93.679,-184.14,59.012,40.161,326.52,2
52.751,11.229,2.9447,0.336,0.1618,-2.8541,50.113,0.9279,61.359,105.42,2
27.426,16.012,2.6893,0.3681,0.1973,16.378,22.384,14.218,8.9147,254.58,2
31.112,9.0627,2.7544,0.3766,0.233,-32.191,15.11,10.941,86.869,182.99,2
130.69,69.606,3.853,0.1559,0.0833,9.7387,143.35,-35.033,83.412,323.51,2
184.96,116.95,3.9189,0.1126,0.0642,-81.599,-172.3,-100.01,4.4175,268.82,2
20.946,8.882,2.612,0.6135,0.3483,24.726,31.122,2.315,35.775,193.51,2
18.666,10.268,2.2529,0.5866,0.3101,-23.525,-9.7051,-4.9073,71.559,93.271,2
72.318,22.196,3.0745,0.2364,0.1243,-5.6449,-39.352,20.978,46.592,230.2,2
169.38,110.05,3.5601,0.1815,0.0935,-97.64,85.529,-74.496,84.372,349.34,2
20.032,16.419,2.55,0.4404,0.2126,17.491,25.19,15.236,38.464,238.32,2
19.114,12.208,2.4676,0.5554,0.3186,-3.8694,10.63,10.568,48.231,177.91,2
41.851,17.859,2.7981,0.2819,0.1492,6.6171,-20.358,11.097,89.05,232.85,2
167.48,24.383,2.8597,0.5097,0.3805,-165.56,-79.353,-24.025,14.593,201.06,2
22.826,11.988,2.4639,0.488,0.3213,-7.6355,-13.111,-8.3801,46.799,228.15,2
238.2,95.114,4.5848,0.0383,0.0199,-209.67,-142.11,-81.579,88.188,286.83,2
52.502,9.5828,2.9462,0.3645,0.2077,10.671,36.185,7.3558,32.658,195.91,2
109.01,53.269,2.9455,0.2086,0.1117,-75.308,101.82,38.147,8.8183,289.22,2
114.18,96.298,2.9388,0.4571,0.3057,-49.844,-129.51,104.78,60.221,412.64,2
123.77,90.975,3.7272,0.0926,0.0389,1.2981,-35.78,70.774,43.264,113.17,2
15.022,9.5857,2.3349,0.5951,0.3834,-4.1218,6.5101,-15.947,71.824,259.09,2
47.75,10.406,2.9455,0.3481,0.2001,-8.4427,27.656,-5.9058,9.968,218.14,2
181.95,24.87,2.9711,0.2807,0.1681,-266.18,-62.311,-13.691,35.73,252.97,2
70.514,15.787,2.6564,0.3545,0.1899,34.975,37.908,-9.1035,12.196,178.76,2
46.69,16.169,2.9522,0.2529,0.1247,0.978,31.855,16.501,88.793,184.4,2
16.68,15.006,2.6514,0.3501,0.227,4.6893,16.248,14.66,64.722,256.46,2
23.508,19.476,2.4718,0.349,0.2087,-38.008,-32.52,-13.793,20.126,269.5,2
40.507,24.318,3.0385,0.2298,0.1173,-7.9624,23.87,-27.563,78.88,230.31,2
84.716,45.477,3.5171,0.1635,0.1036,-106.66,-32.684,47.781,66.173,301.92,2
261.98,44.422,2.9195,0.4437,0.334,-288.13,136.48,25.504,4.1909,249.15,2
109.08,26.617,2.9325,0.2664,0.1489,115.4,-68.32,20.525,35.831,122.28,2
51.061,7.9502,2.8045,0.3655,0.1953,-10.061,36.319,2.9118,33.333,256.78,2
17.777,17.402,2.6597,0.5274,0.3074,33.418,16.568,3.8376,68.448,255.95,2
93.463,18.853,3.1858,0.3768,0.2044,-113.25,-63.782,11.066,16.314,393.81,2
99.702,29.672,3.3748,0.1597,0.077,-129.65,77.549,-18.099,65,259.58,2
24.957,8.7742,2.6133,0.5725,0.3715,13.474,7.7959,-4.474,83.575,173.35,2
30.114,11.456,2.3232,0.5766,0.3411,56.966,44.053,17.406,56.146,254.56,2
62.889,14.502,3.1114,0.2274,0.0718,-19.857,-52.113,8.0932,44.339,36.65,2
11.522,9.3735,2.7906,0.4432,0.2939,27.637,11.868,8.5016,48.116,90.006,2
30.737,13.174,2.7364,0.4183,0.2321,9.3225,25.462,6.6722,44.74,244.41,2
54.911,15.089,2.9012,0.2888,0.1576,6.9696,46.338,-10.95,73.678,164.4,2
236.35,39.652,3.6827,0.0949,0.0481,-225.29,-111.58,-21.96,74.249,211.29,2
256.79,171.98,4.0709,0.0501,0.0474,253.05,-76.412,143.88,85.872,225.16,2
97.64,20.401,2.9669,0.1823,0.1269,42.244,72.745,13.06,41.674,256.73,2
254.09,129.86,3.5467,0.1239,0.0697,369.56,-132.29,111.78,63.694,68.608,2
24.336,12.233,2.5105,0.466,0.2731,8.4297,16.125,5.8151,81.665,142.98,2
33.269,9.1269,2.6728,0.4437,0.2553,12.398,19.908,-5.3204,20.78,180.42,2
164.54,34.158,2.9699,0.2488,0.137,-53.776,-139.05,-16.055,33.422,370,2
12.98,10.882,2.4175,0.7457,0.4723,-13.697,6.0371,-7.0019,30.803,78.262,2
31.711,12.846,2.757,0.3605,0.1846,42.655,14.216,8.4169,51.415,242.89,2
26.151,5.4743,2.621,0.6645,0.4605,-1.1964,-17.857,-12.156,55.057,201.77,2
155.97,43.46,3.5616,0.1609,0.0756,-88.627,-91.749,30.008,64.031,280.57,2
56.428,13.465,2.8328,0.2675,0.1447,24.074,37.752,-6.557,71.983,229.45,2
117.4,68.756,3.5346,0.1483,0.0796,-94.297,-115.34,47.831,26.471,346.63,2
31.089,29.476,2.8476,0.2159,0.1333,-20.893,-23.697,-24.468,7.8958,94.414,2
21.321,9.308,2.5453,0.6119,0.2863,31.491,12.945,14.884,34.47,143.75,2
170.64,114.74,3.5196,0.1698,0.0841,-89.779,87.546,-73.492,84.12,352.87,2
31.721,16.743,2.7348,0.4328,0.2624,10.217,29.04,8.5539,7.138,198.15,2
116.42,40.072,3.379,0.1378,0.0442,-12.567,76.929,42.965,45.322,104.94,2
21.96,11.132,2.4822,0.6623,0.4234,20.56,17.577,9.1423,58.034,230.99,2
159.07,95.626,4.136,0.0763,0.0387,-8.717,113.15,70.228,85.27,374.06,2
37.343,10.535,2.7962,0.6223,0.2963,18.353,40.043,-2.3214,20.884,103.45,2
39.886,17.555,2.679,0.3876,0.2083,43.327,32.127,13.236,89.135,163.15,2
68.864,21.474,2.9484,0.3525,0.1909,-62.268,-41.242,14.476,0.1121,175.83,2
20.358,14.379,2.5224,0.4625,0.2898,-0.6729,7.0023,6.5538,26.143,121.17,2
70.766,14.972,3.0467,0.2405,0.1235,-121.86,59.109,-3.7747,60.045,264.99,2
27.866,23.262,2.7941,0.339,0.1743,-28.471,11.14,15.485,87.469,181.37,2
118.61,32.054,2.9995,0.2188,0.1352,90.521,128.64,-25.729,84.188,159.06,2
35.911,4.2216,2.6242,0.4858,0.2835,24.402,-14.268,-10.257,40.024,202.31,2
38.655,27.632,2.7836,0.3024,0.1583,45.919,52.989,-32.578,55.653,204.68,2
32.769,3.3675,2.5715,0.5586,0.381,42.761,29.376,8.6683,88.004,196.74,2
66.933,26.349,2.9077,0.2511,0.133,58.634,55.099,-17.563,78.003,208.03,2
123.76,91.94,3.8054,0.1267,0.0382,-124.57,-50.165,-34.59,51.965,375.1,2
31.095,10.634,2.7011,0.5353,0.3433,12.517,27.612,-8.1679,62.312,208.55,2
121.71,57.343,3.1357,0.2242,0.091,83.855,125.16,24.685,10.171,285.61,2
18.19,15.294,2.3844,0.539,0.3168,0.7575,23.369,6.2905,6.8119,55.996,2
31.479,12.985,2.5121,0.5602,0.3207,22.903,10.394,8.4767,61.479,151.76,2
131.99,103.73,3.4031,0.0938,0.0632,-13.143,-64.166,93.795,56.183,163.82,2
12.836,11.49,2.2911,0.7315,0.3862,-15.181,6.5266,11.38,71.401,239.38,2
27.689,11.846,2.4332,0.5915,0.3272,-22.413,13.703,4.6184,28.654,125.93,2
61.946,22.282,2.3537,0.5951,0.337,-80.992,41.215,-20.316,66.283,310.14,2
149.03,82.306,4.5326,0.0196,0.0161,18.587,-71.249,40.891,87.887,274.66,2
29.116,15.421,2.633,0.3234,0.2029,-35.203,-21.058,10.894,19.025,63.281,2
246.54,57.698,3.9195,0.1619,0.0887,-179.82,-246.54,-38.16,41.596,337.01,2
60.021,11.574,2.8299,0.3669,0.2152,-51.22,7.1836,-8.3394,78.666,221.04,2
31.723,6.6559,2.6597,0.5945,0.3778,-28.267,4.5231,0.3705,75.23,182.55,2
81.676,20.268,3.1811,0.2308,0.1253,-12.375,41.952,-1.7891,33.406,249.59,2
21.008,15.963,2.4903,0.624,0.4377,14.95,14.255,10.139,24.71,171.79,2
48.081,21.993,2.7969,0.3416,0.2067,40.306,25.488,-8.5004,16.624,101,2
61.726,31.846,3.1037,0.2187,0.1713,-51.011,-20.033,-14.358,38.73,299.89,2
26.728,20.869,2.5857,0.3936,0.225,7.7626,13.67,-5.6589,15.587,132.89,2
67.721,28.534,3.3182,0.2379,0.1739,-37.1,-26.208,-10.49,6.4185,276.93,2
74.096,31.671,3.2017,0.1747,0.0971,-39.172,63.818,23.012,23.727,286.24,2
31.43,17.759,2.8058,0.3002,0.1509,-14.723,10.328,-6.3248,50.569,156.87,2
34.891,15.707,2.7147,0.3587,0.1938,-8.5682,-12.651,-14.368,89.792,222.47,2
171.21,15.672,2.4783,0.3339,0.169,108.72,159.14,-9.209,85.466,109.05,2
150.42,46.338,3.3801,0.1344,0.1047,77.757,74.863,-42.48,32.694,183.05,2
23.075,11.365,2.4893,0.6224,0.3712,26.358,8.5667,-3.1232,60.617,205.76,2
134.42,26.434,2.9886,0.231,0.1278,-194.92,121.37,-16.881,12.084,249.91,2
57.851,38.057,3.1644,0.3795,0.2161,-70.567,-33.94,19.813,19.424,416.46,2
20.258,11.477,2.5002,0.5486,0.2778,29.685,10.355,0.4195,55.103,237.11,2
125.95,38.089,3.0251,0.1944,0.1203,-135.95,91.612,19.46,5.5341,125.69,2
82.573,38.26,3.1017,0.1456,0.0732,-10.136,87.96,-22.131,53.23,74.041,2
79.435,11.526,3.1433,0.2408,0.1219,33.534,39.966,-10.359,15.988,160.67,2
70.208,45.908,3.0189,0.4385,0.2772,-52.152,-40.993,-35.514,37.409,347.08,2
48.408,25.644,3.2006,0.3308,0.1698,46.105,50.527,-29.124,56.229,282.16,2
52.304,11.398,2.9403,0.3328,0.1807,-9.6339,29.823,4.5845,66.884,107.24,2
46.742,21.621,2.7578,0.3762,0.2686,-28.136,-67.12,17.74,79.404,244.51,2
18.791,10.337,2.5302,0.5251,0.2847,24.831,7.6263,0,18.367,190.42,2
21.575,17.511,2.6471,0.4876,0.3473,14.155,9.9967,-17.944,18.484,195.2,2
37.821,15.114,2.7232,0.3074,0.1975,-28.923,8.6506,10.355,66.902,204.51,2
27.74,9.7449,2.5998,0.5545,0.3126,9.1845,19.861,11.756,20.079,84.128,2
12.156,11.392,2.5554,0.8075,0.42,6.8019,18.675,16.851,2.9939,235.6,2
61.501,14.855,2.9657,0.2078,0.1055,44.613,21.436,3.8324,69.354,258.72,2
22.22,9.2053,2.1774,0.5566,0.2751,6.2965,4.7761,-4.2469,42.023,221.34,2
19.775,17.614,2.5198,0.4955,0.2885,2.272,-13.017,17.473,12.734,135.08,2
22.811,11.493,2.5483,0.5922,0.3635,38.689,33.288,12.409,7.8516,218.49,2
61.916,14.315,3.0734,0.2785,0.1444,59.65,30.194,-0.9945,70.619,223.21,2
26.749,18.953,2.5351,0.403,0.2238,-20.961,-28.27,5.0291,43.536,208.76,2
130.45,27.137,3.1999,0.372,0.1883,-98.167,-109.25,11.28,9.6941,385.42,2
19.335,11.545,2.4807,0.595,0.3653,1.7669,4.5782,-10.798,89.407,202.2,2
75.699,12.481,2.4725,0.576,0.3544,-23.41,-72.437,-10.777,72.179,67.289,2
26.837,11.837,2.6075,0.4815,0.2951,9.225,22.43,-9.4994,38.088,221.23,2
123.51,71.642,4.3904,0.0582,0.0325,-142.84,78.08,-48.908,35.146,286.96,2
57.6,19.041,2.6808,0.2628,0.1387,9.0628,40.281,-5.6833,19.177,200.13,2
57.484,41.919,3.0278,0.4152,0.2321,-39.872,-33.859,33.472,81.653,182.14,2
162.58,76.245,3.7787,0.1508,0.078,-105.42,-68.546,47.751,67.68,324.18,2
97.871,32.238,3.4091,0.1351,0.1016,-38.323,46.083,-19.429,6.5329,298.64,2
117.93,11.979,2.4598,0.5066,0.2696,-95.092,49.963,-5.7808,1.9805,331.41,2
35.621,22.194,2.6994,0.3423,0.1641,17.518,-2.5227,-13.89,32.541,137.79,2
51.175,25.353,3.2617,0.1598,0.0818,-15.578,-21.739,-19.428,45.599,213.09,2
76.727,46.102,3.0732,0.1526,0.079,14.434,38.83,-40.429,28.782,140.97,2
29.165,6.1959,2.5328,0.5615,0.4222,-0.7459,13.864,-5.5502,29.237,51.368,2
80.042,50.341,3.8463,0.1054,0.0602,-104.13,47.417,-39.288,22.995,264.79,2
29.279,16.153,2.4933,0.4128,0.2381,34.863,21.042,-9.7169,12.11,95.499,2
66.972,11.544,2.9961,0.2001,0.1391,-8.3412,-27.244,7.6155,77.505,54.756,2
69.091,25.571,2.8512,0.3332,0.1614,89.098,-47.973,14.406,5.7146,150.17,2
17.165,14.133,2.4021,0.5884,0.3085,-4.2631,-19.096,8.5977,81.005,141.57,2
22.896,8.6891,2.6453,0.5457,0.4265,13.181,25.233,-1.7451,40.946,99.635,2
21.846,5.9441,2.5471,0.5719,0.3434,-5.6226,7.9599,4.0324,88.938,216.3,2
120.61,61.098,3.6278,0.1698,0.0907,-49.646,-61.399,62.657,88.191,300.19,2
47.808,40.011,3.1472,0.1489,0.0773,-42.188,-33.328,23.129,25.998,114.61,2
162.12,42.778,3.1793,0.1804,0.1218,-186.55,-114.02,29.167,77.008,116.69,2
26.64,20.965,2.9114,0.325,0.1735,19.483,8.4823,-7.5902,71.402,55.302,2
30.815,12.037,2.5792,0.498,0.2754,-11.969,22.712,8.1449,41.588,168.77,2
91.236,24.877,2.6258,0.4402,0.2497,-39.262,-95.403,-14.188,13.57,169.31,2
12.918,11.36,2.1123,0.7413,0.39,15.039,-5.6768,-11.564,64.933,227.11,2
145.23,82.999,4.2206,0.0814,0.0589,-230.18,-113.95,-69.373,8.9361,306.32,2
158.7,73.461,2.9615,0.2008,0.1045,10.728,158.8,47.839,51.5,242.23,2
18.901,12.543,2.3865,0.5667,0.2854,3.1288,-12.947,6.4463,53.285,100.92,2
102.29,25.572,3.2019,0.2324,0.1303,-66.055,-102.09,-19.403,19.903,275.43,2
123.94,58.349,2.8222,0.3163,0.1709,-175.85,-86.598,31.973,20.445,152.57,2
18.965,12.831,2.4057,0.499,0.2692,-1.2875,6.4283,7.9385,17.654,182.35,2
21.983,18.564,2.7474,0.4024,0.2368,27.02,21.959,9.3895,88.507,90.06,2
16.809,16.698,2.5152,0.4885,0.2763,-2.4459,-9.8945,15.62,67.284,86.667,2
24.725,11.221,2.6149,0.4757,0.2439,32.383,16.336,-5.2667,47.624,70.45,2
37.841,14.444,2.6684,0.4313,0.2886,44.79,24.833,6.1829,74.163,212.59,2
38.171,11.063,2.7139,0.4077,0.2251,35.812,33.827,-2.5473,65.023,233.23,2
90.269,47.694,3.4328,0.122,0.0534,3.3522,-81.296,35.893,70.063,82.981,2
42.717,11.663,2.6946,0.4424,0.2636,27.785,34.72,-11.236,72.1,265.12,2
30.31,10.814,2.7037,0.5598,0.2997,8.3022,25.674,-5.4589,54.653,180.44,2
25.575,14.793,2.6091,0.46,0.294,-1.9189,-24.761,2.6348,79.453,241.5,2
15.796,13.618,2.7777,0.4655,0.2965,-25.758,-21.43,11.574,89.662,134.16,2
138.41,35.77,3.1193,0.307,0.2276,-116.73,-85.31,-31.657,21.341,254.55,2
14.663,13.071,2.4775,0.782,0.475,24.3,9.1406,-8.3706,48.313,252.01,2
93.118,56.03,3.45,0.199,0.1292,-23.84,42.538,33.097,12.75,314.12,2
245.05,56.761,4.1267,0.0736,0.0388,-237.41,-190.13,-42.573,72.287,174.67,2
97.386,45.186,3.8734,0.0957,0.0504,61.311,73.419,-36.436,32.302,185.71,2
149.75,37.316,3.2224,0.1757,0.0988,216.65,-115.05,23.199,58.511,153.5,2
108.47,65.769,3.231,0.2644,0.1562,-45.599,-79.481,74.415,31.933,366.39,2
29.501,22.331,2.5309,0.3622,0.2153,-15.178,15.998,5.0788,7.7203,235.57,2
238.17,84.564,3.6106,0.124,0.0859,-175.55,-93.534,-82.895,59.555,175.18,2
105.38,22.649,2.432,0.4677,0.2403,-95.62,47.34,8.5295,6.4902,321.08,2
20.85,14.478,2.5132,0.5184,0.2991,-13.004,-7.7165,-11.141,84.639,246.79,2
29.101,12.234,2.7423,0.3837,0.1964,-10.072,19.582,3.1264,61.38,97.666,2
81.606,22.523,3.1303,0.1486,0.1056,-100.26,41.281,21.773,72.229,101.87,2
18.711,17.785,2.7771,0.4411,0.2913,3.3715,8.0853,10.729,37.367,217.24,2
54.945,11.329,2.8854,0.319,0.2012,-14.043,-29.119,8.0343,10.123,65.008,2
78.084,49.212,3.2456,0.2552,0.1185,-24.041,-44.518,12.651,40.66,354.38,2
104.26,22.3,3.2078,0.2016,0.0941,101.79,-52.594,-10.888,56.139,115.19,2
94.99,55.072,3.1227,0.2412,0.1308,80.744,95.264,53.269,50.812,283.94,2
21.111,11.552,2.2068,0.5901,0.3571,-12.611,-19.927,4.0426,68.742,61.581,2
98.395,38.347,3.358,0.2078,0.1309,-89.846,83.844,-29.872,31.132,265.08,2
12.501,11.088,2.3326,0.8533,0.4557,9.4342,14.327,10.307,59.865,207.66,2
226.69,91.556,3.5426,0.1044,0.0615,303.53,-73.836,79.724,78.754,192.87,2
29.704,11.278,2.4637,0.5161,0.2508,-22.288,8.2818,7.0397,68.341,56.27,2
35.017,12.137,2.5278,0.5147,0.2756,15.539,22.11,-2.6466,65.114,119.15,2
16.072,15.092,2.4314,0.5251,0.3109,3.9554,7.1326,-4.6485,13.088,226.24,2
150.4,53.546,3.4358,0.1239,0.0717,-120.16,-78.54,-21.585,14.623,270.34,2
135.18,94.278,4.2125,0.0794,0.0332,-2.7071,87.412,-82.111,86.751,403.11,2
107.67,24.282,2.7612,0.3795,0.2106,121.91,-72.654,7.567,31.598,103.83,2
25.483,7.6398,2.2111,0.5585,0.2988,5.0987,-27.242,6.1203,36.29,267.41,2
20.46,12.196,2.5017,0.4945,0.2504,28.368,-7.9433,-7.6821,78.702,218.02,2
82.787,30.026,3.23,0.2311,0.1408,-7.6862,52.992,-18.001,24.928,333.92,2
225.41,57.462,3.9479,0.0981,0.0424,-167.24,-150.67,-34.447,17.769,170.62,2
100.58,21.488,3.29,0.2579,0.1408,-46.701,-119.56,-12.851,37.064,243.42,2
50.429,19.454,2.7938,0.2347,0.1182,-64.629,20.055,9.9499,46.857,186.07,2
114.63,103.01,3.0322,0.1671,0.098,-129.81,70.897,110.42,75.466,55.994,2
16.442,9.8397,2.2314,0.5562,0.2888,-2.6047,14.767,10.554,33.103,99.452,2
126.1,52.546,3.1158,0.2106,0.1069,-53.56,95.546,-38.785,61.395,314.25,2
21.518,12.233,2.5257,0.7852,0.4248,11.093,0.9592,10.883,64.186,250.44,2
46.059,39.644,3.5264,0.1359,0.0604,-67.159,-31.269,37.343,55.392,88.643,2
41.147,14.553,2.8178,0.2374,0.1028,30.432,-10.329,-4.1153,82.265,147.11,2
16.174,7.0416,2.6351,0.5996,0.3211,1.7071,13.884,3.7664,19.978,207.88,2
107.36,30.268,3.3726,0.1787,0.1136,-137.03,31.746,14.362,3.4113,241.13,2
60.907,31.599,3.3534,0.1312,0.0689,12.872,42.848,-25.44,3.7195,221.02,2
40.911,11.817,2.6528,0.4892,0.3062,7.0176,35.474,5.3901,9.9994,117.88,2
41.943,7.6522,2.7892,0.4159,0.2169,-47.251,18.567,4.8138,4.132,227.76,2
193,111.6,3.286,0.1744,0.0903,-178.74,-140.53,-112.49,34.1,194.98,2
49.213,12.954,2.6814,0.6455,0.3802,51.347,23.743,-9.8941,5.3502,157.62,2
31.233,14.145,2.6107,0.5454,0.3454,5.3276,12.949,18.43,44.594,173.47,2
115.3,62.086,3.2923,0.1893,0.0977,87.382,111.73,-8.4119,74.726,113.69,2
27.144,13.546,2.6527,0.5273,0.3415,26.009,26.549,6.8763,16.324,241.21,2
30.532,12.963,2.4387,0.4753,0.2606,-7.0236,-20.171,-10.735,80.981,104.3,2
31.474,9.9279,2.4263,0.5869,0.3106,8.0964,-6.4232,-13.313,88.852,222.53,2
106.46,83.517,4.0233,0.1101,0.0573,-102.78,-73.836,47.377,67.316,365.02,2
106.62,61.014,3.4733,0.2764,0.1468,-34.353,-109.2,62.198,36.785,388.35,2
18.728,10.187,2.2601,0.5769,0.3379,-22.413,-11.162,-2.9373,33.714,160.84,2
98.347,41.869,2.9761,0.3423,0.1791,-66.429,-87.818,-32.478,26.902,343.84,2
24.942,13.71,2.537,0.497,0.3183,19.869,18.081,6.2089,37.157,199.3,2
225.99,62.418,4.1977,0.0693,0.0369,-382.59,-124.49,59.716,89.738,226.42,2
72.517,60.647,3.5614,0.1599,0.0849,40.776,56.962,-23.794,81.992,328.75,2
62.788,21.505,3.2236,0.1655,0.0857,-12.665,-48.017,-8.8202,33.393,166.93,2
50.68,28.782,2.6677,0.3253,0.1733,39.519,48.525,-34.786,87.147,145.31,2
57.627,21.835,3.1316,0.1816,0.0844,13.657,57.915,-10.546,15.967,107.34,2
15.889,15.605,2.2563,0.4171,0.1857,33.816,8.7702,-7.8168,11.901,84.377,2
223.85,122.43,3.6375,0.1106,0.0554,40.88,152.52,-111.49,81.292,357.02,2
22.305,13.116,2.372,0.6802,0.3549,9.1098,17.192,-7.3851,89.886,138.51,2
35.942,13.774,2.4928,0.3525,0.1987,-16.859,-22.786,7.2927,73.782,183.93,2
16.266,12.161,2.3605,0.7584,0.3952,22.633,7.5013,16.462,17.979,239.41,2
50.553,11.129,2.9717,0.3255,0.1713,-5.4661,-17.182,-5.9448,67.892,45.853,2
245.59,136.72,3.4852,0.1325,0.0731,-216.55,-168.71,127.68,21.555,121.96,2
19.639,9.8178,2.2068,0.5714,0.2888,25.819,4.2684,-2.2875,13.091,133.21,2
158.62,24.26,2.6634,0.3558,0.1729,-97.673,-132.14,-21.371,13.141,43.861,2
52.173,21.668,2.7356,0.2794,0.1572,66.64,-32.848,-13.132,20.894,264.22,2
24.045,11.008,2.4273,0.5942,0.3539,16.458,13.963,-10.095,21.922,170.78,2
19.563,7.9354,2.133,0.5556,0.3016,-30.709,-11.901,-5.6317,57.427,167.26,2
32.002,22.099,2.8488,0.3173,0.1848,19.281,21.916,9.0572,4.9446,185.75,2
63.221,13.944,3.1346,0.2307,0.1183,76.65,28.292,12.707,22.122,67.881,2
27.76,14.387,2.4396,0.6331,0.384,32.99,11.561,-7.3777,71.157,183.55,2
152.76,21.544,2.9358,0.4262,0.2795,-129.38,85.039,-17.752,32.893,342.05,2
99.635,64.396,3.3365,0.235,0.1348,-99.621,-91.605,36.01,6.969,337.62,2
41.89,19.127,2.912,0.3491,0.1929,58.341,-9.5757,9.5459,42.689,168.73,2
25.472,20.679,2.1683,0.5356,0.3184,-21.529,8.4876,-9.6268,85.96,158.33,2
130.68,95.678,4.3586,0.047,0.0438,-4.7512,-179.96,77.035,75.704,233.35,2
23.352,11.161,2.5192,0.5234,0.2647,7.8794,20.65,-6.2839,37.099,202.75,2
21.016,9.784,2.4081,0.6103,0.2992,7.3593,-6.1056,-4.8425,5.571,167.81,2
144.04,41.175,3.4371,0.1796,0.1163,-132.74,-94.328,-33.23,82.19,299.02,2
57.564,20.22,2.683,0.4232,0.2334,-22.578,-55.591,11.819,26.108,217.54,2
12.952,11.009,2.3294,0.7307,0.4614,13.994,-6.9576,-0.4408,27.527,162.27,2
30.674,15.289,2.7775,0.4846,0.2627,23.406,18.114,-8.8896,27.328,65.275,2
21.637,10.778,2.5192,0.5688,0.3041,13.533,-16.144,7.3029,69.762,119.69,2
22.885,15.098,2.5677,0.7124,0.4154,-4.7445,12.897,6.8721,6.3728,184.37,2
166.43,68.144,4.5565,0.0859,0.013,-181.36,95.253,-37.074,28.599,227.37,2
21.407,17.227,2.5894,0.417,0.2432,25.206,10.887,11.212,22.817,87.07,2
208.71,101.9,4.4759,0.0549,0.0286,-283.2,-129.49,87.413,84.499,355.35,2
69.62,15.334,3.0025,0.2558,0.1297,-27.662,39.804,2.9768,85.321,241.34,2
170.81,62.967,3.528,0.1251,0.0642,-11.042,-49.11,-67.463,13.623,88.724,2
131.86,77.813,3.1889,0.3346,0.2049,-47.99,-176.34,-60.049,85.081,271.4,2
17.596,7.985,2.5033,0.6422,0.4372,14.772,-4.109,-12.742,51.01,157.66,2
16.262,12.117,2.5951,0.5579,0.3602,18.925,18.964,-11.25,9.3681,147.89,2
190.68,74.693,3.5101,0.2135,0.1135,209.18,153.35,-71.425,72.593,369.05,2
22.017,10.886,2.5099,0.5688,0.3478,5.9032,17.622,-7.9334,32.666,207.98,2
140.17,17.935,2.9503,0.3898,0.2133,102.4,108.11,-17.238,50.621,127.17,2
98.857,25.062,3.2232,0.184,0.0986,12.436,75.44,3.9381,40.952,305.32,2
49.33,23.319,2.9009,0.1985,0.1137,12.048,-32.422,13.755,14.048,69.932,2
46.914,8.9994,2.7499,0.4064,0.2243,2.1078,34.544,-1.5689,66.973,111.08,2
31.141,13.93,2.6121,0.5194,0.3173,4.786,23.093,-5.2272,20.299,244.31,2
21.968,11.139,2.2041,0.5687,0.3344,15.007,19.047,3.2381,44.108,170.35,2
101.53,75.723,3.2306,0.2217,0.1126,-53.128,-110.43,61.439,71.158,232.42,2
17.344,9.3037,2.4752,0.5962,0.3994,20.668,13.38,-1.97,17.717,224.8,2
46.28,13.272,2.8442,0.4709,0.2511,27.412,12.557,5.7543,9.9035,216.07,2
111.44,43.329,3.5299,0.1641,0.0843,-97.5,-38.826,36.874,10.884,341.01,2
22.153,12.293,2.5308,0.5184,0.3255,25.904,12.452,-8.3016,61.12,185.5,2
50.589,22.955,2.7792,0.5287,0.3367,-36.233,-52.512,15.585,23.132,88.937,2
50.558,16.217,2.642,0.4082,0.2452,19.86,48.047,15.488,87.517,227.25,2
59.624,14.6,2.905,0.402,0.2483,39.452,50.732,5.2481,11.179,271.54,2
77.473,27.787,3.3705,0.17,0.0901,-80.229,-71.144,15.017,47.804,230.44,2
115.18,24.683,3.2923,0.2444,0.1232,-107.47,49.677,-23.759,38.788,305.07,2
194.35,81.908,3.0682,0.2256,0.115,-41.296,-258.15,-61.11,31.156,204.38,2
109.09,43.001,3.1297,0.3137,0.2055,-82.012,-93.419,32.207,34.263,295.92,2
127.31,68.168,3.0414,0.3273,0.2205,-118.29,-100.91,56.559,34.169,280.05,2
47.008,30.531,2.9133,0.1929,0.102,-79.251,26.989,-23.574,14.921,291.1,2
28.917,10.039,2.5723,0.4846,0.253,-26.081,23.474,-8.7992,18.613,208.92,2
160.14,49.078,3.4597,0.1478,0.0925,-163.36,-48.229,-48.352,70.412,251.78,2
11.884,7.8188,2.3187,0.7354,0.4614,-14.832,5.7369,5.8779,81.618,220.51,2
109.82,42.089,3.0908,0.2807,0.1294,-20.84,-98.122,41,11.958,366.6,2
265.54,69.425,3.2266,0.2337,0.1531,464.63,-287.36,42.09,74.805,145.79,2
18.838,8.8786,2.5617,0.6039,0.3234,0.4589,15.543,-8.4175,31.508,164.8,2
29.835,11.352,2.4449,0.489,0.2948,9.9236,-9.0429,16.279,17.194,230.55,2
18.012,10.675,2.5694,0.5768,0.2951,-23.397,-9.215,4.701,52.463,172.6,2
172.24,20.193,2.9009,0.2887,0.194,124.6,112.95,-21.444,28.955,210.85,2
69.356,31.982,3.2231,0.3093,0.1744,-52.657,-42.062,6.3984,7.6304,289.29,2
115.26,14.008,2.854,0.7544,0.4136,-88.208,-117.49,8.4777,28.01,336.99,2
39.522,18.633,2.8341,0.2462,0.1414,24.182,23.219,-12.925,46.268,187.1,2
32.49,10.672,2.4742,0.4664,0.2735,-27.01,-21.169,8.4813,69.173,120.67,2
79.553,44.993,3.5488,0.1656,0.09,-39.621,53.787,-30.005,15.807,311.57,2
31.837,13.873,2.8251,0.4169,0.1988,-16.492,-27.145,11.11,11.366,100.06,2
43.298,17.355,2.8307,0.2877,0.1646,-60.184,-33.851,-3.6545,78.41,224.83,2
75.445,47.531,3.4483,0.1417,0.0549,-9.3561,41.056,-9.4662,30.299,256.52,2
187.18,53.001,3.2093,0.2876,0.1539,-167.31,-168.46,31.476,52.731,272.32,2
